THIS FILE CONTAINS  cv_cross_val_predict() predictions FOR THIS CURRENT CONFIGURATION.
		 It can be used to verificate obtained results.





---------------------------------------------------------------------------------------------------------
FINAL y_pred (clipped).  FINAL PREDICTIONS USED TO CALCULATE SCORE METRICS
			 (mean over several cross_val_predict() executions)
---------------------------------------------------------------------------------------------------------
[1.13892484 1.06663038 0.82985328 0.70709368 0.68682961 0.8955395
 1.08633774 1.19393936 1.20263306 0.99741829 0.72908359 0.59824164
 0.63928102 0.89915759 1.00295745 1.06589224 1.12852968 1.07798248
 0.95087709 0.7728787  0.70644255 0.84201269 0.99827558 1.18284184
 1.24790676 1.10743154 0.84629958 0.60950001 0.57713109 0.80005493
 0.96735465 1.03090388 1.06550112 1.09805068 1.05514786 0.92069075
 0.75856136 0.72934249 0.87660106 1.06675222 1.17244984 1.2298671
 1.04854152 0.79033662 0.57277403 0.53252491 0.75264874 0.93887046
 1.04251016 1.0922699  1.1532338  1.08053042 0.92150249 0.75031627
 0.68868987 0.8684243  1.07783558 1.16028856 1.2261258  1.0633428
 0.82128249 0.5850941  0.54935354 0.80484174 0.98347965 1.02878602
 1.12637682 1.08178812 1.0254886  0.85028558 0.72435753 0.7527077
 0.94451159 1.11669088 1.23692324 1.18775972 0.98944018 0.6950824
 0.54063797 0.66630958 0.88246637 0.97474913 1.00763247 1.10126134
 1.12110968 1.06392678 0.86692815 0.70128403 0.69968746 0.85539233
 1.09095326 1.21292908 1.23218334 1.02954432 0.72579539 0.58607789
 0.66115359 0.92760741 0.9849856  1.07231054 1.1252728  1.08901008
 0.96417748 0.75230288 0.71065058 0.85658787 1.01793494 1.14380994
 1.22985182 1.07112652 0.81018409 0.62343301 0.58335936 0.82759734
 0.99215469 1.04835716 1.1160105  1.13782632 1.04458128 0.85681281
 0.73365688 0.79353674 0.89733388 1.1060374  1.19115004 1.22557656
 1.00372292 0.67300644 0.56114554 0.6219243  0.80988898 0.95970653
 1.00355187 1.09236212 1.11143262 1.04058766 0.92814596 0.73464139
 0.70414179 0.95122165 1.08553954 1.20637204 1.157764   0.94756792
 0.7702587  0.62526517 0.73567291 0.96087473 0.98197002 1.0942389
 1.11383218 1.0968664  0.93384846 0.72719297 0.6810828  0.8845017
 1.03403902 1.13680448 1.23637098 1.03376024 0.77508172 0.59875329
 0.58008976 0.8665623  1.00093858 1.099312   1.17294942 1.13681052
 0.96154383 0.7294097  0.65701955 0.84961397 0.9824924  1.18555374
 1.18818092 1.07165668 0.77442335 0.53625167 0.63959151 0.88582034
 0.98649336 1.04246562 1.12258362 1.124728   1.04965994 0.85102211
 0.68710899 0.76187201 0.8893771  1.1118262  1.21662082 1.21751178
 1.00879523 0.68762863 0.54827024 0.57076697 0.87918673 0.97816534
 1.01355131 1.1172309  1.08383882 1.05231102 0.88470358 0.71116099
 0.76170033 0.92003982 1.07207938 1.1982873  1.1293986  1.01420388
 0.75799841 0.58121265 0.59382681 0.86003655 0.96854742 1.01989208
 1.1036474  1.08699948 1.0558515  0.91300775 0.68687804 0.6999212
 0.95075827 1.1005476  1.20358322 1.20389894 0.95559524 0.7778733
 0.60500338 0.64989198 0.88596614 0.98446224 1.0676342  1.12991858
 1.07790724 0.9373383  0.74750981 0.70374457 0.85598279 0.99786179
 1.17147612 1.25800412 1.08571922 0.84025885 0.61892442 0.59326011
 0.79084493 0.96885887 1.01987068 1.06683936 1.10707402 1.05915076
 0.91629394 0.76425387 0.73516534 0.87064512 1.06372634 1.19088278
 1.2433173  1.08759604 0.77815125 0.57668173 0.51261594 0.74198988
 0.95659233 1.02569558 1.09439408 1.14753264 1.07533732 0.9389145
 0.73617329 0.68713008 0.87645766 1.05692118 1.14182898 1.18232764
 1.07062928 0.81957844 0.59732127 0.53773263 0.75672831 0.97803388
 1.02439068 1.11599172 1.11080432 1.04931514 0.89200942 0.73819197
 0.72755405 0.92153214 1.1011037  1.20540102 1.19949454 1.05448598
 0.77818659 0.55627602 0.56075453 0.84595758 0.95294104 1.01081788
 1.09942698 1.11102496 1.07332326 0.91398319 0.72277918 0.68848921
 0.83619356 1.0887458  1.19458086 1.21970002 1.01350028 0.77538553
 0.61916455 0.66374931 0.9106007  1.00770537 1.07328444 1.13436896
 1.10375438 0.96617631 0.76042553 0.67982143 0.83106688 1.00037488
 1.15325138 1.23982782 1.13149402 0.83326471 0.60028832 0.53935211
 0.83371221 1.00316683 1.06432562 1.12802906 1.09897422 1.0482964
 0.79266789 0.68821561 0.76901514 0.93326339 1.15351176 1.23827286
 1.14962224 0.9026062  0.65495012 0.5185844  0.75529671 0.93794598
 0.99499152 1.06542962 1.13175508 1.09192498 0.96967486 0.77706069
 0.71779607 0.82912686 1.07153144 1.19236272 1.23453728 1.09582422
 0.83757348 0.59362341 0.54207322 0.7602243  0.96792934 1.03907968
 1.1312754  1.12803022 1.02919668 0.86446335 0.74395014 0.72627964
 0.91672695 1.10490502 1.21789592 1.19622248 1.02429604 0.76948409
 0.55270596 0.63324199 0.80948922 0.9711214  1.00854337 1.11500994
 1.12292926 1.06670316 0.90045011 0.71804529 0.69072058 0.8496645
 1.10179052 1.20309912 1.23394064 1.0303206  0.73610177 0.59476125
 0.70140414 0.93791102 1.01654371 1.06494096 1.13040118 1.1110866
 0.96105747 0.74904003 0.66591796 0.83339535 0.99816648 1.15813362
 1.2301665  1.10715302 0.815597   0.59965196 0.55114286 0.83051045
 1.01123794 1.07208862 1.13466506 1.10024688 1.01327382 0.77311574
 0.69281695 0.77179242 0.9598475  1.16339632 1.23837914 1.10529106
 0.88236829 0.60465589 0.56306695 0.78618816 0.96063345 1.01811944
 1.08686086 1.14203166 1.07448296 0.92369115 0.74745596 0.71280654
 0.87051986 1.07911758 1.20729408 1.25824366 1.04839506 0.79445148
 0.55064207 0.52434332 0.77731807 0.95277937 1.02756432 1.11984354
 1.13221562 1.05558098 0.90428866 0.75068091 0.71864711 0.90088304
 1.1064549  1.1870234  1.22321142 1.06903452 0.80542748 0.53129249
 0.54541512 0.78777336 0.94825026 0.99904219 1.09644658 1.12142186
 1.09744716 0.94553529 0.72783262 0.64808481 0.84400947 1.0745748
 1.15963774 1.2445483  1.0527767  0.81275955 0.61242842 0.60296864
 0.83718148 1.01785218 1.03943042 1.13901368 1.1174293  1.00058051
 0.79573232 0.69899932 0.79495034 0.97124481 1.14982028 1.24628168
 1.14042614 0.87980302 0.61231554 0.53703758 0.7634519  0.97509413
 1.02918064 1.06211688 1.10045328 1.06839976 0.9169202  0.75310327
 0.72246719 0.86172712 1.02694188 1.21463016 1.17535086 1.06300282
 0.78501441 0.59400974 0.57484677 0.81421336 0.93546733 1.01923437
 1.08338874 1.15996688 1.08042786 0.91156799 0.73415726 0.67947329
 0.85318    1.08403846 1.18561478 1.2182572  1.03321786 0.77432218
 0.6111577  0.66789566 0.91921126 1.0306332  1.05872634 1.12430224
 1.11345854 0.99265241 0.77864944 0.6670214  0.80118497 0.99931225
 1.16868952 1.2280177  1.1282616  0.85234906 0.6135543  0.54683814
 0.80047826 0.97904182 1.06399716 1.11585544 1.10597382 1.05371428
 0.80472553 0.6961868  0.72954786 0.93633246 1.15778642 1.24039662
 1.15104398 0.91242051 0.64285302 0.50640301 0.73933884 0.94679061
 0.9997662  1.05026432 1.13006216 1.09621556 0.97264851 0.76915614
 0.71309607 0.80633243 1.05968652 1.1892136  1.22268836 1.12648132
 0.84770621 0.58127734 0.52229882 0.73571716 0.96044136 1.03978736
 1.11846006 1.12906858 1.0512693  0.88247901 0.74745646 0.72582763
 0.92911883 1.07062628 1.210605   1.2046184  1.05612218 0.78835668
 0.55756931 0.60718765 0.80442219 0.92095674 1.01586476 1.11143228
 1.13269282 1.09121694 0.90121115 0.72203576 0.69646085 0.83914356
 1.09404282 1.18454    1.23984106 1.03415022 0.76850676 0.6192335
 0.69011274 0.91204506 1.03423788 1.05846166 1.1329186  1.09167286
 0.96526272 0.74361976 0.66417048 0.82816636 1.00301842 1.17488422
 1.23317506 1.10752402 0.79812896 0.58806312 0.55098667 0.82239133
 1.00198174 1.0623896  1.15001884 1.09714602 1.02222036 0.73720733
 0.70029372 0.76937761 0.9660845  1.15627232 1.24485344 1.10660404
 0.90118686 0.58890664 0.53596152 0.81178189 0.97671769 1.01857402
 1.08807206 1.109776   1.08590308 0.92049946 0.73981963 0.74321204
 0.88632233 1.0626818  1.20570002 1.23753624 1.04397994 0.76158225
 0.5710298  0.52644924 0.79545406 0.94916727 1.03711132 1.12255802
 1.14135804 1.08573566 0.91176694 0.72489651 0.68495837 0.8875173
 1.09797192 1.17458856 1.19272702 1.06147712 0.81314111 0.55311525
 0.51237752 0.78260072 0.98371219 1.0000947  1.13892356 1.11238822
 1.03761102 0.88429244 0.74466805 0.71056508 0.90137799 1.0953018
 1.1828921  1.19527996 1.04979324 0.80796751 0.53181016 0.54738197
 0.81855352 0.95930979 1.01911712 1.1221478  1.10772038 1.07349346
 0.92844412 0.73443221 0.68808131 0.87078196 1.097308   1.16681158
 1.2176931  1.02913119 0.80151189 0.57391174 0.62910175 0.85392367
 1.00400459 1.05399392 1.13859814 1.10072076 1.02422812 0.82796794
 0.69787748 0.78664934 0.96499759 1.14648342 1.24077818 1.15356544
 0.89894217 0.61905285 0.5507492  0.75606459 0.95845579 1.017263
 1.07607028 1.1031865  1.08508202 0.94285553 0.77496519 0.69804919
 0.84031003 1.0054901  1.1918541  1.20851752 1.1186521  0.85957619
 0.58346949 0.52366985 0.71737965 0.89383149 1.03536496 1.10273556
 1.12983632 1.0828057  0.93888332 0.7793932  0.69784378 0.86127427
 1.08145994 1.15414108 1.23957096 1.05233124 0.84925124 0.62493663
 0.54226005 0.71278875 0.981169   1.03581016 1.10212736 1.1218645
 1.06555254 0.90491296 0.74682146 0.73288261 0.91422351 1.08012956
 1.19780124 1.22018466 1.00167408 0.70942787 0.54269112 0.64622406
 0.84560668 0.97251544 1.00953033 1.11247218 1.12928304 1.06131556
 0.86680233 0.7254397  0.72913716 0.8396143  1.08183748 1.19810504
 1.22531836 1.01228158 0.74824739 0.59757451 0.59962936 0.84168357
 0.99085658 1.0616702  1.1290781  1.0911246  0.99059852 0.80840291
 0.70539067 0.79229893 0.978157   1.17426668 1.23972726 1.13059176
 0.9328894  0.65843813 0.56315421 0.73101055 0.9339645  1.01800812
 1.04982734 1.12804156 1.06396364 0.98576227 0.79882473 0.71560803
 0.80974719 1.0512306  1.17737046 1.23778784 1.11682556 0.84410477
 0.59635793 0.53807529 0.74895132 0.95239545 1.03219567 1.10612244
 1.10953996 1.05494566 0.89722931 0.77649475 0.71885564 0.89509288
 1.06961188 1.18093748 1.20917908 1.04433746 0.80039087 0.56445114
 0.5946477  0.78832721 0.93513505 0.98904253 1.11766756 1.13911404
 1.0874689  0.89556759 0.72246198 0.68823914 0.84109463 1.0975426
 1.19612212 1.25665456 1.04697846 0.76677823 0.56583292 0.63535752
 0.91073577 1.03240222 1.062214   1.1350342  1.09115204 0.94591561
 0.75759336 0.67660717 0.83064134 1.00743767 1.15509098 1.24923262
 1.11311728 0.82153658 0.57925895 0.56719667 0.82094145 0.98294063
 1.06671612 1.11394656 1.0762208  1.03415486 0.80153185 0.74244308
 0.78666008 0.93388389 1.12686998 1.23970722 1.12237304 0.89967295
 0.59764626 0.54734422 0.73406787 0.90191452 0.97802996 1.04943386
 1.09287572 1.09555426 0.98865365 0.8303856  0.71403028 0.767585
 1.0397369  1.15767924 1.218096   1.13565724 0.86439072 0.63488404
 0.58037737 0.7759359  0.98317591 1.00883748 1.08906838 1.12760446
 1.06507238 0.90288018 0.73431106 0.73186058 0.89814539 1.07211722
 1.17016526 1.20029128 0.97995817 0.6857976  0.57433668 0.67074854
 0.88527239 1.00317652 1.06726154 1.13623346 1.1035541  0.99818567
 0.82885117 0.7012118  0.82126407 0.91990014 1.14613842 1.18972462
 1.178318   0.96129493 0.65021299 0.52244986 0.61410223 0.87944039
 0.98384095 1.04504198 1.11698752 1.0980402  1.00188957 0.93268837
 0.71251703 0.77518695 0.97688893 1.10705932 1.20774188 1.14715416
 0.95946589 0.74212208 0.57618732 0.62095226 0.89902497 0.98009384
 1.06107458 1.12714242 1.0743351  1.0082194  0.81212166 0.7222535
 0.809605   0.99171773 1.1349119  1.22697302 1.08729976 0.89123641
 0.6228612  0.60650692 0.77733037 0.93837286 1.0178845  1.07368416
 1.13395194 1.06367214 0.93610803 0.76426534 0.71288219 0.84484453
 1.08215872 1.20235132 1.22060034 1.06167856 0.78591972 0.53866241
 0.57764561 0.81576378 0.99189295 1.04554788 1.13488576 1.11679528
 1.00114284 0.80715564 0.70691811 0.76104342 0.97073685 1.15193538
 1.25320736 1.16802382 0.95760578 0.64851504 0.53813241 0.7060532
 0.91852214 0.97176391 1.05307206 1.11450308 1.09542656 1.02849932
 0.83933325 0.71750119 0.74758478 0.91358229 1.11986672 1.20747892
 1.2014463  0.95344641 0.67759413 0.55336698 0.67654262 0.88150503
 0.99983456 1.06128072 1.13186496 1.07955676 0.97327455 0.78392765
 0.70870936 0.81475399 1.0051597  1.14056922 1.23859938 1.07771402
 0.88603427 0.59584007 0.59577203 0.77631392 0.9299628  1.02535588
 1.0707285  1.14370434 1.05653176 0.9369696  0.75877171 0.70909284
 0.83653815 1.08032652 1.20572868 1.22951472 1.04015774 0.80246727
 0.55068919 0.56390638 0.83625341 0.98969893 1.04853622 1.13062948
 1.12007924 1.01705514 0.81988528 0.70651108 0.74977464 0.96116014
 1.13955552 1.24142542 1.18151062 0.95599886 0.65415304 0.56304274
 0.67371856 0.90527976 0.99947399 1.01639988 1.09480696 1.08332334
 0.99912344 0.83649222 0.72687301 0.77517969 0.91622891 1.13040154
 1.22579668 1.1704737  0.94631053 0.65755424 0.51349511 0.65225141
 0.88538516 0.98088576 1.04857746 1.12237364 1.0809824  1.0200287
 0.83723093 0.71612453 0.80158713 0.95440476 1.11721732 1.20468722
 1.08803058 0.93620686 0.61915653 0.58393215 0.73224032 0.8770316
 0.9916561  1.0749852  1.1288459  1.09235482 0.95213235 0.7873022
 0.68612306 0.79702724 1.06674246 1.16883738 1.26708714 1.10321794
 0.84705917 0.58028952 0.58239024 0.84352068 1.00944838 1.00201395
 1.1223094  1.12262884 1.0446947  0.828171   0.69500022 0.73660503
 0.93671238 1.11961694 1.2195006  1.20361968 0.92048076 0.63216156
 0.55699037 0.70753599 0.94858991 1.03079697 1.0674872  1.12058508
 1.0822892  0.92047781 0.72766021 0.66626046 0.8640487  0.99252758
 1.20894296 1.16984968 1.06483257 0.74117915 0.58616706 0.63273929
 0.85735963 0.96021107 1.01763018 1.09359014 1.15048658 1.06593694
 0.88777294 0.70984023 0.69532559 0.83226965 1.11367866 1.19796036
 1.21068216 1.02195616 0.73891954 0.64596302 0.69877518 0.92592351
 1.00624222 1.080094   1.1350552  1.10588254 0.93491705 0.72082499
 0.68004372 0.88150323 1.01896882 1.15406102 1.24714042 1.07658966
 0.80037788 0.59159762 0.55423882 0.84265249 1.03906982 1.0760797
 1.14762376 1.10491402 1.00291986 0.79137521 0.69152822 0.8169576
 0.96405301 1.16468994 1.23930296 1.13806556 0.85794987 0.58354787
 0.53064643 0.77904128 0.92118451 1.01277786 1.07285592 1.1382631
 1.08870922 0.94049724 0.74035759 0.71882324 0.81988586 1.07941726
 1.19767852 1.228054   1.06716566 0.79362453 0.57533381 0.5707558
 0.82686679 0.99081177 1.05190992 1.13298202 1.11757178 1.01820908
 0.81488442 0.7205084  0.7638238  0.96679927 1.1503999  1.24649142
 1.16729998 0.96026097 0.65821565 0.54511781 0.70252993 0.91169447
 0.97834394 1.0569192  1.11094186 1.0952152  1.02858298 0.84038401
 0.70676852 0.7476506  0.91944954 1.13091932 1.2140449  1.18549002
 0.96447278 0.67086852 0.54902439 0.67675996 0.9168153  0.99043334
 1.05818742 1.13616806 1.08232572 0.99462579 0.78569714 0.7030499
 0.82771365 0.99804333 1.12007504 1.22429834 1.07342246 0.88326288
 0.57792917 0.60644996 0.76841355 0.93844487 1.01570552 1.0661663
 1.13722696 1.04824254 0.93262472 0.74857361 0.71385148 0.86124757
 1.09061734 1.20040126 1.21859636 1.06042082 0.78817759 0.53486186
 0.59010441 0.81738365 0.9909346  1.03202604 1.13482726 1.12040912
 1.02550806 0.82867818 0.70328048 0.74452737 0.94750246 1.13469496
 1.2356424  1.17106536 0.95585662 0.66119593 0.5409876  0.67922401
 0.9065612  0.99421226 1.01700964 1.10254216 1.09354504 1.00798887
 0.82758658 0.71830752 0.7828795  0.93135705 1.1297935  1.21266538
 1.17568468 0.9489053  0.67688954 0.5168837  0.62081636 0.8616285
 0.99648142 1.0540166  1.12511386 1.07008772 0.97107669 0.84468749
 0.71858762 0.82778312 0.946243   1.10969272 1.18822078 1.10337888
 0.96384648 0.63655996 0.59237719 0.67343586 0.86974236 1.00657699
 1.03385478 1.1233858  1.0663912  0.95201826 0.87416573 0.71424181
 0.79953792 1.04476046 1.12795132 1.22902948 1.0901     0.85587794
 0.65304137 0.68275218 0.79385971 1.0170566  1.00228914 1.09075012
 1.11319582 1.07294662 0.88257432 0.6915426  0.73314065 0.94670902
 1.07740972 1.17076128 1.17621048 0.93660743 0.65426878 0.59010216
 0.67724467 0.94121425 1.0081337  1.11216474 1.15775532]



*************************************************************
MODEL ERRORS (of CLIPPED predictions): 
 
[5.41624008e-03 9.79410186e-02 2.01736227e-01 8.34889263e-02
 4.80402447e-02 2.51685232e-01 1.13435373e-01 6.08452596e-02
 2.87370607e-02 2.23648608e-01 2.19050154e-01 1.17244311e-01
 1.18820712e-01 2.18154252e-01 4.33694618e-03 1.77234004e-03
 9.09848046e-03 7.42992237e-02 2.03031395e-02 5.67857511e-02
 6.76823109e-02 7.43113086e-02 3.42996195e-02 1.67786404e-02
 6.48103980e-03 8.81687626e-02 2.94158403e-02 3.02081206e-03
 1.20134898e-01 5.97534478e-02 3.43938507e-02 4.13200296e-02
 2.94821803e-02 2.69105192e-02 1.07483398e-02 3.56725976e-02
 1.35733020e-02 3.70855792e-03 4.12965082e-02 3.09784804e-02
 5.90427592e-02 8.68751034e-02 6.87188804e-02 2.13332102e-02
 6.72763214e-02 8.80150050e-02 7.54316375e-02 3.04334965e-02
 1.14788271e-01 8.77590012e-03 1.65398996e-02 9.65152830e-02
 1.06781408e-01 3.62546630e-02 6.52863309e-02 2.33662903e-01
 1.08425207e-01 3.78062613e-02 6.85041025e-02 1.51401401e-01
 1.35029495e-01 1.54384643e-01 7.47707579e-03 1.18025333e-01
 2.96648480e-02 5.77993803e-02 1.51080796e-02 7.76748806e-02
 8.13725963e-02 7.23452345e-02 1.26942351e-01 1.95426736e-02
 1.14224404e-01 3.19024213e-02 2.46703997e-03 4.18744199e-02
 1.35288998e-01 7.38075897e-02 4.30770032e-02 1.43004477e-01
 1.60622731e-01 6.20014705e-02 1.53172329e-01 1.10091399e-02
 1.51651636e-01 2.67853320e-01 1.96571410e-01 1.23645969e-01
 3.68869036e-01 3.35853487e-01 2.00740442e-01 5.44053800e-02
 4.05645311e-01 4.73297656e-01 2.82147676e-01 2.00721070e-01
 3.28320712e-01 2.82673482e-02 1.12687901e-01 5.24313599e-02
 3.22580012e-03 9.14634094e-02 1.90110952e-01 7.59957582e-02
 1.38020515e-02 1.73771232e-01 1.62207767e-01 1.06858663e-01
 3.08531206e-02 1.99979886e-01 2.04156101e-01 1.71795607e-01
 1.52176365e-01 1.66965678e-01 1.11682322e-02 3.73459384e-02
 1.29535999e-02 5.50194196e-02 6.23316504e-02 9.71500352e-02
 2.25416105e-02 7.07904808e-03 1.70020223e-01 1.05644204e-01
 1.07923359e-01 5.98061606e-02 1.85928375e-01 1.28725812e-01
 1.30670041e-01 1.56401604e-01 1.65625453e-01 2.26503536e-02
 7.71687329e-02 4.15567793e-02 4.36992794e-02 6.77334005e-03
 1.27931327e-01 8.08662623e-02 6.60388693e-02 1.01860780e-02
 4.99005616e-02 2.81409398e-02 7.45605975e-02 1.05466004e-02
 5.62488511e-02 1.10916689e-01 7.69050941e-02 3.28740552e-02
 7.12356791e-02 4.49019996e-03 4.31619212e-02 1.03590563e-01
 6.32906333e-02 6.11209348e-02 7.04596937e-02 1.06977344e-01
 1.27826184e-01 1.16296820e-01 8.15252028e-03 1.09166063e-01
 1.35834873e-01 1.49762616e-01 7.93794766e-02 1.05090298e-01
 2.30204109e-02 6.01221994e-02 3.16863209e-02 3.84712182e-02
 8.77981633e-02 7.45843574e-02 5.29049374e-02 1.46110415e-01
 7.02995993e-03 1.21016400e-02 6.57066777e-02 1.79193318e-01
 1.49813011e-01 9.44486335e-02 1.98221892e-01 2.36350685e-01
 2.45138109e-02 7.64022991e-02 9.87883210e-02 1.74241997e-02
 6.87174574e-02 2.34695792e-01 1.44468263e-01 5.93661331e-02
 2.40203843e-01 1.82232916e-01 7.58232176e-02 9.48567968e-03
 2.59700775e-01 3.03600669e-01 1.53929934e-01 8.26028064e-02
 2.93325633e-01 3.14820483e-02 4.79231402e-03 9.39382017e-02
 7.21055791e-02 1.97816808e-02 1.43930018e-01 8.34415257e-02
 4.07638252e-02 1.57118142e-01 4.71808799e-02 5.29289991e-03
 1.62622198e-01 2.15114221e-01 1.24904029e-01 4.06347821e-03
 1.75273210e-01 1.69288889e-01 8.77034012e-03 8.38818923e-02
 7.68006966e-02 5.27914204e-02 1.02281198e-01 2.07587853e-01
 1.65928647e-01 2.22863741e-02 3.70925397e-01 2.36248463e-01
 1.05889320e-01 6.71581402e-02 2.81897873e-01 2.71464914e-01
 2.00878009e-01 5.86161651e-02 3.06673884e-01 5.97329289e-02
 1.73489004e-02 3.55939791e-02 1.26216263e-01 7.18534067e-02
 1.02362074e-01 6.49827495e-02 1.78503603e-01 2.58389059e-02
 3.09290197e-02 6.36673197e-02 1.48123577e-01 1.04366735e-01
 7.84598738e-02 9.47000384e-02 1.22609042e-01 2.72548813e-02
 1.95041206e-02 2.51693409e-02 4.18751799e-02 5.24931587e-02
 2.04038695e-02 7.57939219e-02 1.77761503e-02 9.12005156e-02
 9.17807594e-02 6.58488199e-02 3.18605006e-02 1.24243580e-01
 1.19841769e-01 1.28688976e-01 8.62723067e-02 2.02319995e-01
 1.17872544e-02 2.89200898e-02 4.90688197e-02 2.64642406e-02
 3.94982807e-02 7.48989433e-02 2.19721086e-02 5.71328327e-02
 1.07902195e-03 5.98729216e-02 4.78404202e-02 8.98753628e-02
 2.51577795e-02 6.96028024e-02 7.34895393e-02 1.09117595e-03
 1.54442102e-01 4.63705175e-02 9.26197972e-03 4.73757796e-02
 4.12077196e-02 3.09576392e-02 9.11305845e-02 2.28390079e-02
 5.79769015e-02 1.10450059e-01 9.26117972e-02 9.23936814e-02
 2.22860593e-02 1.79240853e-01 1.99667737e-01 1.38639823e-01
 1.40801847e-01 1.15395091e-01 1.90050192e-02 2.15245206e-02
 4.00338210e-02 4.95348386e-02 4.28735390e-02 6.54398054e-02
 4.93929163e-02 1.08660951e-01 3.42372991e-02 1.03375996e-02
 5.88404611e-02 1.72382798e-02 3.06750201e-02 2.87940539e-02
 2.91374400e-02 7.84103647e-02 1.99157894e-02 7.94225261e-02
 2.52138600e-02 7.00465366e-02 9.97651815e-02 1.24071077e-01
 1.29178971e-01 7.29722029e-04 1.48284957e-01 1.39542118e-01
 4.02793214e-02 1.29249198e-02 1.93913534e-01 1.37992278e-01
 9.99574810e-02 1.42362371e-01 1.69772595e-01 4.04184721e-02
 3.84124815e-02 1.73909403e-02 1.02609761e-01 1.72540307e-01
 1.16943337e-01 7.33987540e-02 2.18503699e-01 2.30221808e-01
 1.07824840e-01 1.44429402e-02 2.19211459e-01 2.66117334e-01
 2.12051034e-01 1.26846030e-01 2.07415804e-01 3.06143947e-02
 2.87900809e-02 7.65087828e-02 1.73742808e-02 1.01269800e-02
 1.40153587e-01 7.14083835e-02 6.03384897e-02 1.07758239e-01
 7.41924569e-02 2.36691795e-02 3.51112187e-02 1.12091281e-01
 1.46155044e-01 1.14520729e-01 4.78784442e-02 1.87324554e-01
 3.24903578e-02 2.08462793e-02 2.15220004e-02 4.64701205e-02
 1.70805193e-02 5.59032336e-02 2.38586403e-02 7.32569210e-03
 8.05407614e-02 7.50177801e-02 5.73593788e-02 5.83768189e-02
 1.05953723e-01 1.54697075e-01 1.25516072e-01 1.38543118e-02
 1.43728018e-01 2.36706883e-02 2.81871995e-04 2.58183591e-02
 2.19777394e-02 6.20663390e-02 3.53805795e-02 2.29846071e-02
 9.99414325e-02 2.68962397e-03 3.60931992e-03 5.28923199e-02
 1.18471598e-02 3.03041991e-02 6.13377169e-02 1.60448980e-02
 1.45431057e-01 2.81471293e-02 5.13107888e-02 2.90564005e-03
 6.22831210e-02 8.04359987e-02 6.03714697e-02 5.93543835e-02
 1.70189701e-02 9.59885046e-02 1.40826628e-01 5.26386797e-02
 4.40446995e-02 1.11439973e-01 1.06587335e-01 1.12541936e-01
 2.72904094e-02 1.12116776e-01 4.34943987e-03 5.46215214e-02
 2.03196406e-02 2.50085797e-02 2.49822792e-02 3.18201408e-02
 3.01574301e-02 2.07004305e-02 5.01174964e-02 2.35562809e-02
 4.75931615e-02 1.40240341e-01 2.01028436e-02 4.96642618e-03
 1.42499000e-01 1.21510327e-01 6.02114014e-03 7.88498968e-02
 7.39644617e-02 1.72416004e-03 8.04769397e-02 2.09811956e-01
 1.18390553e-01 2.59150025e-02 2.93880969e-01 2.35733286e-01
 1.16859779e-01 1.23530962e-01 1.86075345e-01 2.72068232e-01
 2.67672300e-01 7.94061795e-02 2.11218938e-01 4.66844887e-02
 5.62054813e-02 2.95086391e-02 7.45848790e-02 3.40477787e-02
 4.59412709e-02 1.02703124e-01 5.58574386e-02 5.47950268e-02
 3.06062996e-02 1.73299995e-04 1.94120798e-02 1.07701100e-01
 9.35282186e-02 2.54712161e-02 1.01006217e-01 1.98084787e-01
 9.46077406e-02 8.40820074e-02 6.03657216e-02 1.11634657e-01
 1.93322703e-01 2.54091442e-01 1.66967195e-02 3.03498596e-01
 3.07217538e-01 1.76385999e-01 1.21085159e-01 2.68535137e-01
 3.83183002e-01 3.59139353e-01 2.84503568e-02 3.35700005e-01
 1.34938270e-01 2.63069198e-02 1.04592778e-01 2.07826793e-02
 1.45820004e-03 1.31550759e-01 7.73369521e-02 6.46275580e-02
 7.56372437e-02 1.44275889e-01 4.31527197e-02 2.87523195e-02
 8.93124416e-02 1.29045874e-01 8.98176059e-02 8.45986791e-03
 1.41344473e-01 4.50548679e-02 2.13567391e-02 9.81615186e-02
 2.41833795e-02 3.55718583e-02 9.93796960e-02 3.57086882e-02
 4.27458286e-02 1.44629076e-01 1.56002223e-01 7.33999386e-02
 7.52109364e-02 1.53366163e-01 1.81278467e-01 1.73414022e-01
 8.06765482e-02 1.37953103e-01 3.68758803e-03 1.18941702e-02
 5.68707585e-02 4.41958010e-03 5.96290417e-02 3.91609184e-02
 4.44363356e-02 1.06423654e-01 2.16281395e-02 1.18594000e-03
 5.47051802e-02 1.17835999e-02 4.24537398e-02 5.40381894e-02
 3.87534802e-03 1.05000287e-01 2.32416261e-02 5.50843999e-02
 3.45781595e-02 8.60200599e-02 8.68493393e-02 1.37991294e-01
 1.33796319e-01 1.56452097e-02 1.49205387e-01 1.33385956e-01
 8.44088010e-03 1.26441000e-02 1.61392391e-01 1.28328994e-01
 9.69791785e-02 9.92704853e-02 1.86681986e-01 7.46355802e-02
 2.80803405e-02 4.52881604e-02 1.09027743e-01 1.74577132e-01
 1.33764163e-01 5.02766632e-02 2.52568007e-01 2.23356247e-01
 9.28598791e-02 1.24643799e-02 2.15295166e-01 2.65340269e-01
 1.92265257e-01 1.36866480e-01 2.26512626e-01 3.14675122e-02
 3.01453006e-02 9.28158835e-02 2.95431595e-02 3.52768600e-02
 1.58849612e-01 5.79318553e-02 2.15307418e-02 1.66264653e-01
 1.05832078e-01 5.60562983e-02 3.92232388e-02 1.81659713e-01
 1.99689195e-01 1.32204935e-01 1.02553271e-01 2.19924733e-01
 1.24454703e-02 2.50026602e-02 2.59208400e-02 1.69815794e-02
 3.65108997e-02 4.60849367e-02 3.81005183e-02 6.89853951e-02
 2.16341205e-03 7.12222233e-02 4.97430004e-03 6.98255002e-02
 6.08581193e-02 8.97701010e-02 7.53125325e-02 3.16689722e-02
 1.35116443e-01 7.91114569e-02 5.27935987e-03 4.16948199e-02
 4.74245213e-02 3.49571407e-02 8.09677467e-02 1.33570202e-03
 2.55474299e-02 1.39927670e-01 7.72854835e-02 8.22675005e-02
 2.87251398e-02 9.29472297e-02 1.35482788e-01 1.85196266e-01
 7.13357329e-02 3.41829211e-02 8.05849582e-02 6.22730888e-02
 8.51649977e-03 4.73221391e-02 1.69663087e-01 1.31918386e-01
 4.07247953e-02 2.32411206e-01 1.63634256e-01 8.02521184e-02
 7.82451630e-02 1.40338674e-01 2.74614334e-01 2.12016329e-01
 2.78118458e-02 2.80965894e-01 1.06132790e-01 1.80440000e-03
 9.41790417e-02 9.04365778e-02 2.12585405e-02 1.87185347e-01
 1.58338621e-02 8.71887878e-02 6.50626794e-02 2.87348200e-02
 3.38563398e-02 1.82645261e-01 1.34880647e-01 1.43236622e-01
 3.99292856e-02 2.83184201e-01 6.83183819e-02 1.88996401e-02
 1.00452729e-01 3.98047008e-02 9.64201987e-03 1.63219541e-01
 1.23242274e-01 1.45663284e-02 1.90617904e-01 1.48018703e-01
 6.40921220e-02 4.80925990e-03 2.53986150e-01 2.54267842e-01
 1.22036062e-01 6.10473752e-02 2.61158854e-01 3.74019183e-02
 6.49646819e-02 1.56678721e-01 1.79083995e-03 3.96993384e-02
 2.32108161e-01 1.88171402e-01 4.74349968e-02 2.69532084e-01
 3.02056879e-01 9.68391597e-02 2.49428209e-02 1.88819587e-01
 3.02028805e-01 2.63305604e-01 7.20424876e-02 2.82050341e-01
 1.37202725e-01 3.84895951e-02 1.15431957e-01 5.11150807e-02
 4.27147783e-02 1.06215127e-01 5.92818186e-02 1.96302980e-02
 8.87968093e-02 4.42207009e-02 9.92930029e-03 1.01154141e-01
 1.40577659e-01 4.20993082e-02 3.42834741e-02 1.19483702e-01
 7.34636635e-02 1.61587149e-02 7.60722235e-02 5.64220995e-02
 2.67548207e-02 7.13745430e-02 1.32048279e-01 7.50363022e-02
 1.91088859e-02 2.33263567e-01 1.45270407e-01 2.84893792e-02
 3.19048986e-02 2.13804603e-01 1.64893329e-01 1.35523513e-01
 1.23039328e-01 2.15778500e-01 2.34980639e-02 1.39687201e-02
 6.17536418e-02 5.78865409e-02 7.09322002e-03 8.85565206e-02
 2.27595191e-03 4.83846404e-02 3.18566076e-02 2.85091996e-03
 5.53432014e-03 1.38614357e-01 1.01475827e-01 6.80126995e-02
 8.98355022e-02 2.02455997e-01 3.51236202e-02 4.40221801e-02
 9.96217728e-02 3.91051993e-02 3.60217802e-02 1.88403562e-01
 1.18161649e-01 2.86422689e-02 2.13968322e-01 1.74598336e-01
 9.56377015e-02 2.76675206e-02 1.47474095e-01 2.27546215e-01
 2.01373965e-01 2.87418701e-02 2.10179552e-01 1.95001364e-02
 6.04785979e-03 9.16678607e-02 3.14300805e-02 4.66280011e-03
 7.80462772e-02 3.87941338e-02 1.04086064e-02 7.57187903e-02
 6.12193383e-02 3.20460200e-02 5.32056391e-02 1.82229564e-01
 4.27151434e-02 3.32853347e-02 1.22327030e-01 3.14562432e-02
 2.21456420e-02 9.74052474e-02 7.91513622e-02 1.78838000e-02
 8.94384608e-02 2.17259943e-01 1.08393200e-01 5.11666238e-02
 3.31692100e-01 2.17638001e-01 9.93638411e-02 7.98949599e-02
 2.38069713e-01 3.41539621e-01 2.59988010e-01 5.90320416e-02
 2.71374911e-01 5.02588712e-02 7.11766705e-02 2.46426798e-02
 7.18504563e-02 4.75442596e-02 4.79826983e-03 7.48018175e-02
 4.95132767e-02 1.24539949e-01 6.08869195e-02 2.03816011e-03
 1.82678401e-02 5.97244017e-02 5.27589582e-02 1.05293371e-01
 5.01213409e-02 1.43070951e-01 3.81623209e-02 1.18602999e-02
 2.24182997e-02 6.45560995e-02 5.60928211e-02 9.23067853e-02
 3.52733396e-02 1.14426538e-01 1.54209301e-01 7.14584216e-02
 6.82992414e-02 9.37455595e-02 2.23666877e-01 1.89213142e-01
 5.34375571e-02 1.64297283e-01 3.50058228e-02 6.65593073e-02
 8.29304606e-02 3.29813990e-03 9.76032615e-02 4.08587791e-02
 5.44737615e-02 1.06817730e-01 6.77355230e-02 3.68639990e-03
 2.84021609e-02 1.88537408e-02 3.59470397e-02 1.96338668e-02
 4.12949696e-02 3.32504995e-02 5.08090928e-02 9.39856544e-02
 1.64286308e-02 5.89429587e-02 1.57467593e-02 1.02521539e-01
 1.19460434e-01 1.23121768e-01 1.15271114e-01 1.89123616e-01
 1.18083917e-01 1.05142318e-01 8.14150795e-02 2.37286285e-01
 2.51051337e-01 1.00356907e-01 2.29432136e-01 2.14623794e-01
 3.66916582e-02 1.35850161e-01 6.81786006e-03 4.63555418e-02
 1.54011503e-01 1.49936721e-01 2.43055373e-02 1.40876651e-01
 2.56437361e-01 1.24978200e-01 1.08070977e-01 1.45867154e-01
 2.77430475e-01 2.52967894e-01 1.09271839e-01 2.02678621e-01
 6.98600113e-02 8.89638513e-02 5.17387018e-02 7.73830013e-03
 5.93526587e-02 4.21058871e-02 1.08714420e-02 3.60100754e-02
 1.26598850e-01 1.39618320e-02 2.07361998e-03 3.25228199e-02
 7.91527182e-02 6.73825890e-02 6.68434426e-02 8.29625428e-02
 7.85644203e-02 3.64898667e-02 4.03344184e-02 8.35364033e-03
 4.56268005e-02 2.93611605e-02 6.76368475e-02 5.48267998e-02
 1.39328241e-02 5.29198460e-02 3.93412188e-02 3.21513787e-02
 1.37616053e-01 3.40678953e-02 3.30611952e-02 1.12223543e-01
 1.00064501e-01 5.19567095e-02 2.07751021e-02 4.10555601e-02
 4.86018807e-02 3.64490412e-02 1.26994848e-01 2.69174408e-02
 1.14546204e-02 1.53734297e-01 1.63285941e-01 4.41385396e-02
 4.37044986e-02 1.26090661e-01 1.77262276e-01 1.26525968e-01
 4.08979543e-02 2.23301932e-01 6.23841546e-02 3.35502215e-02
 4.99090813e-02 4.65783402e-02 1.74985807e-02 6.24022931e-02
 1.39352540e-02 2.42094863e-02 3.73812616e-02 2.94680800e-02
 4.78643402e-02 1.08446620e-01 1.25052333e-01 8.56473148e-02
 6.36051074e-02 2.11151332e-01 4.38849293e-02 2.25924905e-02
 1.23405293e-01 2.07144599e-02 2.29653008e-02 1.52357325e-01
 1.55951425e-01 6.63218126e-02 1.81283116e-01 2.11995840e-01
 1.21873520e-01 3.14470194e-02 4.04790007e-02 2.28233367e-01
 2.34980449e-01 1.20090313e-01 1.30737364e-01 1.32433593e-01
 3.63890529e-02 1.99783798e-02 6.74598012e-03 2.21066009e-02
 3.86012997e-03 6.40134886e-02 2.37510800e-02 2.04423792e-03
 9.57348011e-03 5.93126789e-02 6.47627190e-02 1.13644339e-01
 2.51416098e-02 1.11572064e-01 1.41564906e-01 1.17243724e-02
 5.40414229e-02 2.36236602e-02 5.40911816e-02 1.42858801e-02
 5.89102991e-02 1.10113502e-01 4.75255214e-02 1.96607709e-02
 1.98736519e-01 1.20257974e-01 2.39841007e-02 5.56411184e-02
 1.72786146e-01 1.54756889e-01 1.44114286e-01 6.15833066e-02
 2.26502448e-01 2.04968285e-02 2.75605991e-02 3.20815593e-02
 4.22519594e-02 1.76592395e-02 2.24545375e-02 2.13469062e-02
 8.09489004e-03 2.41984148e-02 2.52739806e-02 1.61622800e-02
 8.61053616e-02 2.99876407e-02 2.36563105e-02 3.26665901e-02
 1.07598059e-01 3.88294496e-02 8.96694791e-03 9.63104665e-02
 1.18677597e-02 6.27742009e-03 1.42495155e-01 1.58021212e-01
 5.21485619e-02 1.18752442e-01 2.33338565e-01 1.07736483e-01
 8.42644572e-02 6.96982816e-02 2.12658614e-01 2.09252402e-01
 7.47026652e-02 2.30971485e-01 1.42014354e-01 4.82235923e-02
 4.32539582e-02 1.32707199e-02 1.61281396e-02 2.89812009e-03
 4.22283560e-02 1.14941141e-02 1.41336322e-02 4.25568037e-02
 3.70834805e-02 6.16510808e-02 8.73339027e-02 2.04003919e-02
 2.26608515e-02 1.13835812e-01 1.00054115e-01 4.84855063e-02
 4.54722606e-02 8.83106366e-02 7.26753986e-03 6.20496385e-02
 1.85819849e-01 1.24574818e-01 1.02489777e-02 2.29109749e-01
 2.22140670e-01 7.30392188e-02 9.95227769e-02 1.46017373e-01
 2.29808927e-01 2.50310302e-01 3.35272625e-02 2.46070713e-01
 8.22450072e-02 4.26213183e-02 5.19999994e-05 5.05571589e-02
 6.27544010e-03 3.41908485e-02 5.41259237e-02 6.78430125e-02
 5.79124838e-02 4.33732793e-02 2.19078809e-02 4.26790789e-02
 9.95243993e-03 5.31780869e-02 3.01413033e-02 1.08972378e-02
 8.82563666e-02 3.93182710e-02 2.31185202e-02 3.52136195e-02
 6.15762398e-02 1.76836308e-02 4.14310470e-02 1.07672578e-02
 6.49599731e-02 1.02422364e-01 6.85878769e-02 6.73132837e-02
 4.05632006e-03 1.26695603e-01 1.08468987e-01 1.40522674e-01
 8.78340602e-02 6.37404770e-02 7.00096935e-02 4.99918200e-02
 4.24992405e-02 8.34681615e-02 7.78222606e-02 1.82609409e-02
 7.49724731e-02 1.74358144e-01 4.99625411e-03 1.56654399e-02
 7.90436789e-02 6.48019984e-02 5.36246784e-02 1.11348838e-01
 4.50798534e-02 2.49937791e-02 8.77980068e-02 1.03125945e-01
 6.23072386e-02 6.33812621e-02 1.03411391e-01 1.96083665e-01
 2.17817575e-01 7.98477605e-03 2.14221671e-01 1.94712639e-01
 1.01600483e-01 3.96631984e-03 1.89431116e-01 2.81640530e-01
 1.35242805e-01 1.47419214e-01 2.85377771e-01 1.50718510e-01
 1.25965208e-01 4.99006994e-02 1.24696098e-01 2.18707904e-01
 2.64008105e-01 1.50174219e-02 2.98115283e-01 3.68486255e-01
 2.04351947e-01 9.30792168e-02 3.30572605e-01 4.70375776e-01
 4.11270291e-01 4.99289744e-02 3.70308220e-01 1.14181072e-01
 2.98708002e-03 1.39587447e-01 9.49469954e-03 5.26014017e-03
 1.85357526e-01 1.24527834e-01 8.17384496e-02 1.36580512e-01
 1.75482318e-01 5.41517586e-02 4.21013013e-02 1.58908278e-01
 1.56617895e-01 9.06694829e-02 6.92356797e-03 2.10632637e-01
 9.41645950e-02 7.77552603e-03 1.07008703e-01 7.21408799e-02
 1.16623998e-01 1.71061367e-01 2.11199056e-02 1.93524495e-01
 2.36684099e-01 2.24687219e-01 9.94794369e-02 6.32201806e-02
 2.91768014e-01 2.29221657e-01 1.27348855e-01 2.07178250e-01
 1.23544551e-01 1.61843952e-02 9.74193215e-02 3.27962600e-02
 6.35379984e-04 8.05650130e-02 1.19884729e-01 6.88280165e-02
 1.26561178e-02 1.91927642e-01 4.51615416e-02 2.15298403e-02
 2.06596609e-02 1.36923254e-01 9.72133875e-02 1.63490400e-01
 4.75628339e-02 9.35372934e-02 1.76335797e-02 4.24202010e-02
 1.45675996e-02 9.79931429e-02 6.29595667e-02 3.01057678e-02
 9.12418664e-02 1.00207396e-01 1.45867079e-01 1.17544979e-01
 1.81789808e-02 1.36141807e-01 1.65756613e-01 1.56177759e-01
 6.97370991e-02 1.07311800e-01 8.25265795e-02 7.41847977e-02
 6.08626008e-03 2.91561801e-02 1.21328443e-01 7.46375099e-02
 1.32617997e-02 2.09951922e-01 1.04015313e-01 5.90465404e-02
 7.21225590e-02 1.19534343e-01 1.98160529e-01 1.93689868e-01
 2.38699522e-02 2.34341100e-01 1.16518335e-02 3.62204388e-02
 2.95844208e-02 4.04890999e-02 4.20557186e-02 1.20418901e-02
 5.87942021e-04 1.97159685e-02 5.46859801e-02 3.17574404e-02
 1.91272795e-02 7.56604970e-02 1.49290403e-02 3.65202017e-02
 7.09192008e-02 9.15232971e-02 3.74784619e-02 4.57065599e-03
 9.63543132e-02 3.85231990e-03 1.15141994e-03 1.15736417e-01
 1.31358549e-01 3.13463286e-02 1.14956453e-01 1.97319955e-01
 8.63341019e-02 6.45424202e-02 9.08006206e-02 1.87674731e-01
 1.69738188e-01 3.57313305e-02 2.32846707e-01 1.06287681e-01
 3.63597572e-02 6.42436817e-02 1.87747404e-02 1.22368000e-02
 2.49902196e-02 5.95095567e-02 1.73777044e-02 1.05418758e-02
 1.10274320e-02 6.32428005e-03 4.10195999e-02 1.26311675e-01
 6.64463192e-02 2.62838062e-02 8.88791084e-02 1.65826589e-01
 2.07944494e-02 2.97946800e-02 1.13637783e-01 6.18585991e-03
 5.77402785e-02 1.83779210e-01 1.73724547e-01 4.28761467e-02
 2.35921547e-01 2.89712369e-01 9.31623429e-02 9.62894410e-02
 1.14069939e-01 2.83578336e-01 3.21317375e-01 8.27158540e-02
 2.37939328e-01 1.63104102e-01 3.92043814e-02 1.85649004e-02
 4.45839390e-02 5.89053594e-02 2.65280269e-02 2.84037963e-02
 1.14625789e-01 1.49321239e-02 1.01156598e-02 4.64557596e-02
 3.62093411e-02 1.03160804e-02 1.13760000e-02 3.72499675e-02
 5.28105758e-02 7.77296424e-02 6.50428981e-02 1.62227601e-02
 4.84830402e-02 7.37080202e-02 8.65872875e-02 9.75806192e-02
 1.44695202e-02 1.42714649e-01 1.72138035e-01 7.90682435e-02
 6.12916984e-02 1.11174062e-01 2.11086750e-01 1.60945505e-01
 3.92328687e-02 2.06902117e-01 8.63978267e-02 2.39348598e-02
 1.23656660e-01 5.68143977e-03 1.76406596e-02 1.02790244e-01
 8.90468657e-02 5.07819802e-02 5.78903407e-02 1.72762647e-01
 8.09563994e-02 7.84133226e-02 8.67722780e-02 1.86716512e-01
 1.58347711e-01 3.47634293e-02 2.42618024e-01 1.35013252e-01
 2.86179446e-02 8.14599991e-02 1.50580602e-02 3.77395786e-02
 5.15760556e-02 1.02819353e-01 4.30402085e-02 6.60799997e-05
 1.50783107e-01 1.01812780e-01 1.04459323e-01 1.06411998e-03
 1.91162944e-01 1.12882674e-01 1.22753933e-01 1.74321890e-01
 1.23513758e-01 4.56336662e-02 9.32980180e-02 7.71880010e-03
 5.19095995e-02 8.50237161e-03 1.23815060e-01 4.65020947e-02
 1.06750056e-02 3.02717406e-02 6.92227781e-02 4.80131209e-02
 4.86571006e-02 4.75065112e-02 9.79443491e-02 2.23201528e-01
 2.01255884e-02 1.62252001e-02 3.17182802e-02 2.88483799e-02
 1.71528000e-03 2.28072796e-02 6.19372502e-02 5.66483699e-02
 3.83946151e-02 1.34207025e-01 1.02706803e-02 4.50896211e-02
 1.22616120e-01 1.90477669e-01 1.31689832e-01 6.31974638e-02
 2.26921245e-01 1.18554182e-01 2.44206693e-02 1.65858760e-01
 4.87277210e-02]

*************************************************************

