THIS FILE CONTAINS  cv_cross_val_predict() predictions FOR THIS CURRENT CONFIGURATION.
		 It can be used to verificate obtained results.





---------------------------------------------------------------------------------------------------------
FINAL y_pred (clipped).  FINAL PREDICTIONS USED TO CALCULATE SCORE METRICS
			 (mean over several cross_val_predict() executions)
---------------------------------------------------------------------------------------------------------
[16.5382654 14.7930064 16.2905374 16.2272242 17.1220884 13.5539354
 13.4364317 14.1162117 12.9693761 15.3783804 15.3943138 17.4447684
 15.913117  15.3298648 24.569394  19.9496266 20.3519742 21.2993768
 26.2297696 29.6913432 22.066656  24.4610476 23.5078818 24.5089636
 21.0174252 10.9983855 12.0652504 12.0862262 10.3077926 25.483867
 23.209154  24.6949182 21.4115228 17.25287   17.303481  17.7085946
 17.6994482 13.7922099 13.1681514 13.5459491 13.9087826 12.6211988
 12.6394258 12.0870696 18.8160356 21.7200078 17.3791026 18.9414334
 26.2586972 26.0121536 26.1419978 27.6751098 30.2232576 30.515479
 28.0394596 24.1695706 24.4183156 24.9112182 27.555263  20.681707
 24.1419084 13.553477  13.0538912 13.6654792 13.7520055 15.2538138
 12.7182104 12.9603364 13.0746485 12.4591004 25.0499998 14.4703441
 14.3989918 13.006745  13.7667904 20.3668834 23.565877  19.3025166
 25.8675928 23.1172612 24.4345132 22.6974254 25.7726208 25.821912
 13.3123611 15.1596764 14.3918678 14.2244844 14.7454462 12.4835338
 13.7646346 13.4057178 13.3206006 12.664492  12.2531798 14.3504228
 17.4441796 16.3234502 18.4067454 18.2788666 18.9683244 29.3116034
 12.8719867 12.9286792 12.807797  13.1829638 19.3746044 25.6441254
 22.8762074 23.5756894 26.6968772 23.0741424 22.119585  24.6283782
 14.0705748 13.1552588 30.0666396 25.9439952 23.8597164 19.8749052
 16.0727408 21.6918738 19.5417898 14.7396238 18.6659318 19.0136624
 17.3132328 29.7265412 24.2701386 31.7247268 23.4597584 16.684422
 15.6698028 16.5286484 14.6532512 13.2473362 14.1689618 13.2726994
 13.5740796 25.1196798 28.574495  26.0222518 33.125219  30.1789564
 27.776989  27.0044436 26.4594912 22.8648696 23.8582588 27.9485758
 19.0601086 17.4093294 18.8054678 19.17528   14.1589686 14.2852972
 13.9119159 14.3862686 15.0811106 15.9552951 15.7203536 16.2152758
 18.8720968 18.1260892 18.433986  27.4944042 23.2458614 19.6133856
 22.8553512 22.4468938 27.1922182 23.1485154 21.2764988 29.4926222
 18.5384686 22.9061578 21.4074636 22.0319772 22.248375  32.1865654
 25.3675794 26.7073992 24.8790042 26.6941636 27.5604956 15.6726845
 15.3149846 16.488313  15.3814714 19.4480032 19.0060278 20.2198352
 19.2091452 29.1512942 28.0333928 30.527823  33.6486126 17.4511
 18.8891394 17.395849  18.3558028 31.793015  30.479795  28.7167154
 27.3023452 20.2223856 15.9269892 20.5090438 22.3907496 17.1736786
 14.533963  16.2286238 16.0700104 15.771362  32.1102128 29.382135
 33.3139434 26.6240724 31.6553556 16.7962212 16.6536976 16.0397278
 15.9306448 18.428107  18.639515  18.2492214 18.1373936 15.3342686
 16.1725952 14.6556447 15.1765115 30.4093342 24.2036594 29.9330316
 24.2553246 30.465772  28.802208  31.9113302 28.9455788 24.5180814
 24.9205128 23.9670536 35.7509586 33.6928578 36.9700452 32.820464
 34.4299736 19.1795664 17.5925454 18.3003992 18.8303302 20.2090544
 22.9428006 25.7906192 19.549001  20.5376386 19.6951696 22.2152808
 18.2634694 19.4618086 18.216127  17.9035098 19.509751  16.8071622
 30.6661068 25.736328  27.4290828 30.62071   26.6245048 23.1287086
 23.6811992 26.8067136 23.4536632 20.9764414 22.3533372 19.2663344
 31.9402316 32.0328664 20.573632  22.8533436 24.7898854 21.1640934
 19.9980556 18.3235422 18.8373656 18.122676  17.7850984 16.0043596
 17.6965398 18.7146614 17.4261172 34.1973884 34.366128  32.823481
 27.8717942 23.094379  16.9887132 30.0225002 25.2009344 32.4110406
 32.129029  35.983539  32.0271258 25.880311  25.6596376 24.499872
 27.6230242 32.487007  37.0568294 33.4044196 34.8245716 26.3691286
 24.6355752 23.1806348 22.4580228 32.2843306 28.3129248 31.2708706
 29.2389944 32.8588868 35.1964072 25.3277914 35.7687238 38.5297948
 37.946152  29.8947568 28.4058704 34.8957626 34.6193004 36.2151002
 21.565499  30.1717852 28.585081  33.082262  29.6594452 28.3501102
 28.656691  27.41198   31.7612248 38.8310954 36.1196204 38.7140596
 36.4627922 39.0086422 36.548323  36.240137  34.616702  35.394583
 32.8779646 34.5103232 34.3032436 33.5097204 29.2747728 32.94625
 27.8998894 29.9884896 26.4039184 27.3968938 21.2723    21.5765782
 25.25574   23.7818774 29.518898  29.114418  30.2406888 30.3324632
 30.6393326 27.6114134 27.5325494 36.2365062 38.355309  38.5083626
 36.1849708 34.7485286 33.992114  34.571647  35.941149  37.130423
 37.6254344 36.693524  24.4409948 24.3680158 29.8986446 25.181367
 30.0398256 32.379587  26.4611848 28.7221752 42.694891  33.788721
 30.511177  29.1491948]



*************************************************************
MODEL ERRORS (of CLIPPED predictions): 
 
[1.4617347e+00 2.0699359e-01 1.7094626e+00 2.2722420e-01 1.2208840e-01
 1.4460646e+00 5.6356829e-01 1.1621170e-01 1.0306239e+00 3.7838039e-01
 3.9431381e-01 3.4447684e+00 9.1311699e-01 1.3298649e+00 5.6939399e-01
 2.0503733e+00 2.3519742e+00 2.9937679e-01 7.7023041e-01 3.6913433e+00
 2.9333439e+00 4.6104759e-01 1.4921182e+00 1.4910364e+00 1.7425200e-02
 9.9838549e-01 2.0652504e+00 1.0862262e+00 1.3077925e+00 1.5161330e+00
 4.7908459e+00 3.0508181e-01 2.4115229e+00 1.2528700e+00 3.0348101e-01
 1.2914054e+00 3.0055180e-01 2.0779011e-01 8.3184862e-01 4.5405090e-01
 9.1217399e-02 6.2119877e-01 3.6057419e-01 9.1293043e-01 8.1603563e-01
 2.7999219e-01 1.6208974e+00 9.4143343e-01 3.2586973e+00 1.9878464e+00
 3.8580022e+00 2.3248901e+00 7.7674240e-01 4.4845209e+00 1.0394596e+00
 1.8304294e+00 4.1831559e-01 8.8781796e-02 4.5552630e+00 6.8170702e-01
 3.1419084e+00 5.5347699e-01 9.4610882e-01 1.3345208e+00 2.4799450e-01
 1.7461863e+00 1.7182105e+00 3.9663602e-02 1.0746485e+00 5.4089957e-01
 6.0499997e+00 5.2965587e-01 1.3989918e+00 6.7449999e-03 2.3320960e-01
 2.3668835e+00 1.5658770e+00 1.6974834e+00 1.3240720e-01 1.1172612e+00
 3.5654869e+00 3.0257460e-01 2.2273791e+00 1.1780879e+00 3.1236109e-01
 1.1596764e+00 1.3918678e+00 2.2448440e-01 2.5455379e-01 4.8353380e-01
 7.6463461e-01 4.0571779e-01 6.7939937e-01 3.3550799e-01 2.5317979e-01
 1.3504229e+00 5.5582041e-01 3.2345021e-01 4.0674540e-01 2.7886659e-01
 4.0316758e+00 3.3116033e+00 1.8719867e+00 9.2867923e-01 1.9220300e-01
 1.1829638e+00 1.3746043e+00 5.6441255e+00 1.8762074e+00 1.5756894e+00
 8.6968775e+00 4.0741425e+00 1.1195850e+00 1.3716218e+00 9.2942518e-01
 2.8447411e+00 1.0666395e+00 1.9439952e+00 3.8597164e+00 8.7490523e-01
 1.0727408e+00 2.3081262e+00 4.5821020e-01 3.7396238e+00 1.3340682e+00
 1.3662400e-02 2.3132329e+00 1.2734588e+00 1.7298614e+00 2.7527320e-01
 1.5402416e+00 6.8442202e-01 3.3019719e-01 1.4713516e+00 1.3467488e+00
 2.4733619e-01 1.6896179e-01 7.2730058e-01 4.2592040e-01 3.8803203e+00
 2.5744951e+00 2.2251800e-02 2.1252191e+00 1.8210436e+00 2.2301100e-01
 3.0044436e+00 4.5949119e-01 1.1351304e+00 2.1417413e+00 3.0514243e+00
 6.0108598e-02 5.9067059e-01 3.8054678e+00 4.1752801e+00 1.8410314e+00
 7.1470279e-01 2.0880840e+00 3.8626859e-01 1.9188894e+00 4.4704899e-02
 7.2035360e-01 1.7847242e+00 2.1279032e+00 1.8739108e+00 5.4339862e+00
 1.5055958e+00 2.4586140e-01 3.8661441e-01 1.4464881e-01 1.5531062e+00
 2.1922183e+00 8.5148460e-01 3.2764988e+00 4.9262220e-01 4.6153140e-01
 9.3842201e-02 1.5925364e+00 3.1977199e-02 2.7516251e+00 8.1343460e-01
 2.6324205e+00 1.7073992e+00 1.2099580e-01 6.9416362e-01 5.6049562e-01
 1.8273154e+00 6.8501538e-01 9.8831302e-01 8.8147140e-01 2.5519967e+00
 2.9939723e+00 3.7801647e+00 3.2908547e+00 1.5129420e-01 3.5333929e+00
 1.5278230e+00 6.4861262e-01 2.5488999e+00 8.8913941e-01 1.1041510e+00
 8.5580277e-01 2.2930150e+00 1.5202050e+00 7.1671540e-01 8.0234522e-01
 2.2238560e-01 2.9269893e+00 1.5090438e+00 3.3907497e+00 6.7367858e-01
 1.9660370e+00 3.2286239e+00 3.0700104e+00 2.7713621e+00 6.1021280e-01
 6.1786503e-01 2.6860566e+00 1.1240724e+00 1.8446444e+00 7.0377880e-01
 3.4630239e-01 5.3972781e-01 9.3064481e-01 9.2810702e-01 1.8604850e+00
 7.5077862e-01 3.6260641e-01 6.6573137e-01 6.7259520e-01 8.4435529e-01
 8.2348847e-01 1.4093342e+00 2.9634061e-01 3.9330316e+00 1.2446754e+00
 3.4228001e-02 4.6977921e+00 1.9113302e+00 1.5544212e+00 2.5180814e+00
 3.4205129e+00 2.4670537e+00 7.3490415e+00 2.4071422e+00 4.1700454e+00
 6.5795360e+00 1.6700264e+00 7.2043359e-01 1.8074546e+00 1.8996007e+00
 3.6966980e-01 2.9094559e-01 2.7428007e+00 6.9061917e-01 9.5099902e-01
 1.1376386e+00 9.0483040e-01 1.4152808e+00 3.3653060e-01 1.3618087e+00
 9.8387301e-01 2.0350979e-01 1.4097511e+00 6.9283777e-01 6.6610682e-01
 1.7636720e+00 2.2908279e-01 2.7928999e-01 5.5245047e+00 7.1291402e-02
 1.1880080e-01 2.9067135e+00 3.1536632e+00 3.9764414e+00 7.5333720e-01
 3.0663345e+00 4.4023159e-01 2.5328665e+00 9.2636800e-01 3.0533435e+00
 2.4898853e+00 9.6409339e-01 6.0194439e-01 1.3235422e+00 1.2373656e+00
 1.6226760e+00 4.1490161e-01 8.9564037e-01 2.1965399e+00 4.8533860e-01
 1.0738828e+00 2.2973883e+00 2.6612800e-01 2.8765190e+00 4.7179419e-01
 2.3056209e+00 6.0112867e+00 2.8225002e+00 1.3009344e+00 1.7889594e+00
 2.3709710e+00 4.1835389e+00 5.2728744e+00 2.5196891e+00 3.1403625e+00
 2.3001280e+00 5.8769760e+00 9.0129929e+00 1.0431706e+00 1.3044196e+00
 2.3754284e+00 1.6308714e+00 1.7644248e+00 1.1193652e+00 3.3580227e+00
 2.0156693e+00 1.4870752e+00 2.9129401e-02 7.7610054e+00 6.5888679e-01
 1.1403593e+01 2.5722086e+00 5.0312762e+00 5.7702050e+00 5.4538479e+00
 6.5052433e+00 1.5941296e+00 9.7042370e+00 8.1930041e-01 6.4151001e+00
 1.1134501e+01 6.4717851e+00 6.4149189e+00 6.8226200e-01 2.4594452e+00
 1.7501101e+00 2.8566909e+00 3.9119799e+00 1.7612247e+00 2.6890460e-01
 2.8803797e+00 3.6140597e+00 4.1627922e+00 2.0086422e+00 1.1516770e+00
 2.1401370e+00 8.3297998e-02 9.9458301e-01 2.9779646e+00 1.5103232e+00
 6.0324359e-01 1.1097203e+00 3.6252272e+00 1.3462501e+00 2.0011060e-01
 7.1151042e-01 1.0039184e+00 3.1968937e+00 1.1277000e+00 5.0234218e+00
 5.0557399e+00 6.1818776e+00 1.5188980e+00 2.1144180e+00 3.7593112e+00
 6.6753680e-01 1.6393327e+00 6.1141342e-01 3.5325494e+00 2.3650619e-01
 1.3553090e+00 7.5083628e+00 1.8150291e+00 1.2514714e+00 2.0078859e+00
 1.4283530e+00 1.9411490e+00 8.6957699e-01 5.6254344e+00 1.3064760e+00
 5.5900520e-01 1.3631984e+01 3.8986447e+00 3.1813669e+00 1.9601744e+00
 3.6204131e+00 5.3881520e-01 1.7221752e+00 1.3051090e+00 1.7887210e+00
 2.5111771e+00 1.8508052e+00]

*************************************************************

