THIS FILE CONTAINS  cv_cross_val_predict() predictions FOR THIS CURRENT CONFIGURATION.
		 It can be used to verificate obtained results.





---------------------------------------------------------------------------------------------------------
FINAL y_pred (clipped).  FINAL PREDICTIONS USED TO CALCULATE SCORE METRICS
			 (mean over several cross_val_predict() executions)
---------------------------------------------------------------------------------------------------------
[1.13827966 0.98345719 0.80464412 0.68733547 0.67378903 0.92288269
 1.12255692 1.18803744 1.21572084 0.99809428 0.72411519 0.55866003
 0.61036611 0.96481765 1.0215338  1.08068944 1.15126276 1.08335366
 0.94317926 0.75313757 0.70789008 0.88700754 1.04836626 1.18039726
 1.2602154  1.08712084 0.83509364 0.54972708 0.59049614 0.85783901
 0.98136498 1.0391735  1.0854806  1.1099114  1.04655752 0.91655391
 0.72517542 0.73064326 0.86049066 1.11759832 1.20530694 1.2552223
 1.02288562 0.77044273 0.58948421 0.57711935 0.8924746  0.94873691
 1.03138526 1.144019   1.14212066 1.08156214 0.87170306 0.74370718
 0.67963308 0.90572242 1.11757266 1.14915876 1.2268422  1.047269
 0.77640418 0.57101847 0.52650123 0.89042232 1.0059751  1.0426564
 1.14887548 1.08272326 1.01124225 0.83489769 0.71999739 0.77700005
 0.97382749 1.14974258 1.23932778 1.16706628 0.94495889 0.69859203
 0.52253985 0.68566724 0.90896675 0.97099997 1.00109372 1.12614982
 1.1177185  1.06654938 0.87127548 0.68748736 0.69166076 0.90789992
 1.13788478 1.20032458 1.22960468 0.99010313 0.70737454 0.53447823
 0.64378983 0.96605099 1.0135563  1.07814098 1.14616718 1.11320698
 0.93820965 0.7454707  0.70039726 0.90915149 1.0903939  1.1602719
 1.24708512 1.09014478 0.82076803 0.56453069 0.62516541 0.87196502
 0.98949136 1.04363472 1.1294924  1.13745278 1.02656626 0.85101815
 0.71504262 0.76154837 0.89690706 1.12445654 1.21808016 1.23549516
 0.93087177 0.66320142 0.57399199 0.68959837 0.90554224 0.98758424
 1.0465329  1.11995354 1.12954464 1.01241387 0.88851717 0.73174768
 0.72398957 0.96427325 1.13981036 1.20676686 1.18295868 0.94594827
 0.6770819  0.55848018 0.67279693 1.00074266 0.99858984 1.08765076
 1.13411026 1.10467244 0.92466433 0.73179605 0.70717822 0.93920688
 1.06991306 1.14240606 1.2300801  1.0298159  0.80595025 0.55696775
 0.60065071 0.9095222  0.99155445 1.12429826 1.17765338 1.14347102
 0.92277896 0.72436817 0.66433553 0.85720226 0.97907146 1.19923888
 1.22619368 1.10281496 0.75402263 0.54367227 0.62777315 0.9433871
 0.95723219 1.0647326  1.11139838 1.121753   1.01386948 0.8602959
 0.68442679 0.74258099 0.89604019 1.14823228 1.21934486 1.23846686
 0.95266773 0.66796597 0.54821556 0.58484402 0.94460986 1.00115486
 1.02662112 1.13247032 1.1145817  0.99470675 0.86331318 0.70199289
 0.79546576 0.99268343 1.11599446 1.24125584 1.13463172 0.93074054
 0.65913599 0.54489445 0.6324139  0.93996334 0.97115135 1.04797878
 1.1334185  1.10717574 1.03072862 0.90120825 0.6914178  0.71561723
 0.94686415 1.12377292 1.19302196 1.20480374 0.96821427 0.7177717
 0.55746794 0.62086859 0.97606531 1.01329124 1.0737788  1.15417998
 1.09053356 0.93750684 0.74978863 0.70045416 0.89595924 1.0517259
 1.18701082 1.26158596 1.08013322 0.81029984 0.51549352 0.61663335
 0.84446749 0.97815625 1.02954478 1.09347804 1.11627864 1.04887318
 0.91978912 0.7379239  0.71842112 0.8443171  1.11082374 1.2031574
 1.26604638 1.0560896  0.74515731 0.58154404 0.53032621 0.87055756
 0.97168101 1.03647118 1.12408826 1.13899904 1.0774887  0.89654535
 0.7586216  0.6814629  0.92219989 1.10697814 1.14537006 1.18591132
 1.0266488  0.76154229 0.57216339 0.53136062 0.85833697 0.99175911
 1.03253196 1.13868662 1.10774058 1.0365263  0.87031942 0.73138857
 0.722361   0.95664201 1.12578388 1.21023694 1.16989146 0.97595775
 0.72405752 0.53214174 0.59987931 0.91504503 0.97501441 1.00370499
 1.13883414 1.1012834  1.09342408 0.91029247 0.72847903 0.67379555
 0.86793783 1.1202047  1.17726256 1.2337284  1.0496715  0.74676028
 0.5761564  0.62146786 0.93551906 1.02404156 1.08277074 1.13187552
 1.11367056 0.95219613 0.76459189 0.67975876 0.87332015 1.04764926
 1.16959858 1.24033356 1.15074594 0.83995093 0.59101182 0.53904005
 0.84931241 0.99957004 1.06593552 1.14658058 1.12502278 1.0526292
 0.79597156 0.70048863 0.77093656 0.91579859 1.15617168 1.25157576
 1.18466822 0.95986299 0.61963325 0.50967703 0.77985573 0.96352955
 1.00848138 1.07147252 1.13426964 1.08265186 0.95785242 0.7465438
 0.70233566 0.80244315 1.1052922  1.20003638 1.25519922 1.12014824
 0.79609924 0.58913426 0.51673598 0.82995851 0.97810494 1.04387486
 1.13268452 1.12264156 1.02953664 0.82013194 0.74544399 0.71265456
 0.9393592  1.13172336 1.21767458 1.1951357  0.98969391 0.78147266
 0.51852324 0.64532133 0.87908291 0.98304121 1.01667589 1.12709974
 1.11391906 1.08795456 0.91045639 0.71991915 0.67864196 0.87873899
 1.12178582 1.19041746 1.24304398 1.05998152 0.73369502 0.56101984
 0.63732637 0.95914137 1.0243087  1.0988851  1.12883468 1.11158942
 0.94386873 0.74792312 0.67320741 0.875449   1.01620435 1.16179336
 1.23142298 1.11645464 0.82962044 0.58604757 0.56269123 0.86141318
 0.99671006 1.08002474 1.16242018 1.12789106 1.01513106 0.77350458
 0.68822983 0.79896686 0.92882681 1.15538598 1.23855696 1.15110898
 0.95824596 0.58914542 0.55665649 0.85968363 0.96792323 1.0304537
 1.09871828 1.1437531  1.06431612 0.92893212 0.72001443 0.70689996
 0.85166081 1.12156454 1.2074643  1.27202218 1.03718662 0.76914291
 0.55391772 0.52388765 0.88642636 0.97151468 1.0345874  1.14420728
 1.13492144 1.04711828 0.84416161 0.76341477 0.7148438  0.93934938
 1.14115286 1.19296838 1.20605822 1.00492861 0.77374835 0.5163282
 0.55438751 0.87983173 0.95308199 0.99997503 1.1324267  1.12050322
 1.11338604 0.90221992 0.73865714 0.64472872 0.87065499 1.11845522
 1.14740874 1.2316242  1.06980462 0.77583648 0.58740647 0.56797804
 0.87732886 1.03266502 1.0586834  1.13449284 1.1147155  0.98165198
 0.80474831 0.69417214 0.81060893 0.99460796 1.16521926 1.24775866
 1.16345648 0.87674271 0.61848523 0.54554932 0.77763133 0.99689093
 1.01918042 1.09241126 1.1173748  1.09010122 0.91971915 0.74970114
 0.71894797 0.83816141 1.05611146 1.22270608 1.20712338 1.06596342
 0.76171719 0.61146221 0.59474035 0.87452258 0.95725975 1.02990918
 1.12710692 1.14587852 1.11325326 0.90096681 0.7368878  0.66934641
 0.87541733 1.11989828 1.18117948 1.2229838  1.06284896 0.75616527
 0.56538683 0.61361642 0.93786508 1.03351396 1.07111196 1.13179948
 1.12194266 0.97524148 0.78742049 0.66967156 0.82584668 1.04921406
 1.1654835  1.22156758 1.1363091  0.85636751 0.60875564 0.54989028
 0.86537646 0.99361572 1.05088638 1.13616144 1.1225282  1.05952948
 0.8071682  0.6957099  0.75593548 0.911886   1.14792298 1.2462165
 1.19443004 0.95734777 0.62228456 0.50247847 0.77041861 0.97188577
 1.01110763 1.06488734 1.12772568 1.09582258 0.95840009 0.74292205
 0.69199393 0.80259242 1.08539162 1.20217162 1.2565329  1.12939616
 0.81369856 0.58465067 0.50683283 0.8244613  0.9800275  1.04650716
 1.1276244  1.1272643  1.040449   0.83159473 0.75380628 0.71766642
 0.95685147 1.12405464 1.1906104  1.19927818 0.99390708 0.80963341
 0.50990969 0.61338324 0.87343145 0.95535582 1.01648728 1.1315852
 1.1219632  1.10699876 0.91412415 0.73756811 0.6735625  0.8384958
 1.11287678 1.1698165  1.24642142 1.08154812 0.74997863 0.57752123
 0.62518492 0.92711402 1.04161736 1.0841471  1.13996904 1.10255758
 0.95784393 0.74410411 0.67096952 0.852384   1.06654664 1.16795818
 1.24177086 1.1301237  0.79980354 0.59381173 0.5325641  0.85854022
 1.0017346  1.07454218 1.16259702 1.13007128 1.05995246 0.73550536
 0.68971885 0.77987985 0.93785497 1.15377368 1.2580745  1.15286778
 0.95883173 0.57477152 0.56588859 0.84135339 0.99545552 1.02756716
 1.10339702 1.12634414 1.06442788 0.90934388 0.71231862 0.72200479
 0.85029633 1.1161961  1.23128442 1.25378064 1.04372304 0.74545166
 0.56509605 0.53320229 0.88693354 0.96742444 1.03855278 1.12959288
 1.13614508 1.0716328  0.8645873  0.74903978 0.66604586 0.9264919
 1.11639704 1.16500876 1.21374034 1.02947162 0.75255595 0.54577251
 0.51768544 0.87278942 0.99703324 1.02952218 1.1415638  1.11299182
 1.0334535  0.85829275 0.73794311 0.70104156 0.93004999 1.13341462
 1.18020084 1.1996154  0.99904829 0.76338353 0.51481775 0.57656705
 0.89490573 0.9751042  1.01948196 1.13599148 1.10448776 1.1050799
 0.90130623 0.74771971 0.66252341 0.88913354 1.12199226 1.14316508
 1.22461554 1.06890312 0.76804585 0.56775998 0.56771821 0.88895591
 1.01932138 1.05257794 1.1483863  1.0886536  1.00710668 0.83000818
 0.68417057 0.79804964 1.02038442 1.16088016 1.2361648  1.17260174
 0.85943874 0.62122764 0.53736015 0.80567955 1.01291166 1.02329304
 1.1013465  1.10670864 1.09109964 0.94999614 0.75339551 0.70276885
 0.80896566 1.03014454 1.2157486  1.24122258 1.12090152 0.81035021
 0.56252172 0.51228043 0.81156495 0.93176463 1.02559872 1.13084192
 1.10900278 1.09641272 0.89480112 0.79113288 0.66097896 0.86159081
 1.09128184 1.120758   1.22548296 1.0831954  0.83691038 0.58929641
 0.51374099 0.77309128 0.9897589  1.04219202 1.12015896 1.09331342
 1.05673494 0.90476747 0.74276217 0.73587653 0.94764621 1.14277572
 1.21927992 1.2350464  0.99612233 0.68542633 0.49341915 0.66825333
 0.89510745 0.97899372 1.02223533 1.11433636 1.12237002 1.0679344
 0.86388762 0.71203501 0.70937975 0.85773582 1.13613974 1.18434954
 1.23017564 1.00455496 0.72680383 0.58372992 0.57029107 0.90918772
 1.0062095  1.06633068 1.1293493  1.1075201  0.97678106 0.78938477
 0.68544371 0.81314313 1.01589102 1.17292372 1.24048368 1.13802204
 0.88245653 0.58496338 0.55285167 0.7487322  0.96648671 1.0177169
 1.05795484 1.12516106 1.07450884 0.97540474 0.77116494 0.69765419
 0.8007837  1.06679838 1.19926134 1.26154722 1.13589354 0.81890074
 0.61268133 0.51692161 0.80519231 0.95948613 1.03892918 1.12345636
 1.11304128 1.05652836 0.85834816 0.7782377  0.70872162 0.91614363
 1.11873452 1.19515306 1.22124006 1.01761544 0.82016582 0.50597263
 0.61383997 0.8484051  0.95755903 1.00268722 1.11224898 1.12646258
 1.0991573  0.90574638 0.71381119 0.67575205 0.83724419 1.11535636
 1.18894054 1.25813908 1.06461668 0.7694026  0.57381787 0.58455684
 0.91814599 1.04812554 1.07744936 1.13690176 1.10220788 0.93505555
 0.74371698 0.67488358 0.87952591 1.04189446 1.16471106 1.24814414
 1.1035157  0.81346551 0.55754007 0.56625521 0.87957401 0.98882809
 1.06576652 1.14094752 1.10887808 1.05664584 0.80358558 0.71680358
 0.77741252 0.90980901 1.13954086 1.23720302 1.17056396 0.94404545
 0.57300648 0.57067578 0.8064083  0.94626451 0.98953859 1.057691
 1.1142868  1.1098611  1.00758398 0.78668951 0.6878834  0.75976687
 1.03592164 1.18738564 1.25078806 1.16218404 0.86200501 0.6102109
 0.52325466 0.75599101 0.98609609 1.02098068 1.10106724 1.12756624
 1.07466994 0.86539082 0.74465253 0.73953009 0.98124161 1.1341871
 1.1805352  1.19958096 0.95943188 0.6948838  0.52871658 0.73186226
 0.95481921 0.99510246 1.08621556 1.1135959  1.109227   0.98393222
 0.81906231 0.70269965 0.78190872 0.94994969 1.15683482 1.23331812
 1.19457646 0.89235407 0.63009735 0.53356028 0.70208335 0.93730688
 0.98049596 1.10082284 1.1222108  1.12847732 0.96345553 0.89288653
 0.69878511 0.77720516 0.99727912 1.1187794  1.22409    1.15394822
 0.92242883 0.65200196 0.55872222 0.62375383 0.96597897 0.98604132
 1.07582472 1.11942644 1.07829848 0.94855877 0.76968147 0.70593961
 0.88456245 1.07505272 1.14457474 1.25149016 1.08734902 0.79807082
 0.51215307 0.63042709 0.85227911 0.95471123 1.02616778 1.08869856
 1.13611506 1.06544184 0.91025861 0.73829287 0.69039294 0.83257944
 1.12062542 1.20069894 1.26010332 1.07881538 0.77063156 0.55105577
 0.55489302 0.88379737 1.00304621 1.0526505  1.145035   1.10375224
 0.99551266 0.79267315 0.70221937 0.7742728  1.00187497 1.18391344
 1.25709936 1.16979134 0.8958274  0.62006335 0.51232341 0.73061753
 0.95210521 0.98518245 1.06676944 1.11956514 1.10332994 1.04261604
 0.84652896 0.68845743 0.7269572  0.93378768 1.15564784 1.20852184
 1.19663948 0.9409339  0.66379303 0.53420655 0.67190943 0.93480688
 1.00479139 1.06123892 1.13161222 1.09912386 0.92144433 0.77898383
 0.7033361  0.85251549 1.0745287  1.1480512  1.2543351  1.0705962
 0.79681543 0.53091665 0.61115712 0.8534515  0.94179932 1.02738996
 1.08078262 1.13878744 1.06798774 0.92934356 0.72821862 0.68329017
 0.8137709  1.11683506 1.2060574  1.25544312 1.0884792  0.78520295
 0.58293472 0.53627163 0.87225785 0.99774981 1.05536818 1.13601356
 1.1205233  1.0074323  0.78778194 0.72176139 0.75236332 1.01015684
 1.15788768 1.23391908 1.18703486 0.9376735  0.65346525 0.531052
 0.68373207 0.95961051 0.9931539  1.03552854 1.11119664 1.09432232
 1.00498823 0.83565079 0.70725267 0.74707445 0.9582715  1.1776145
 1.2283874  1.19055286 0.91343441 0.6397934  0.49826859 0.65790119
 0.93480254 0.99271913 1.06155    1.12132352 1.09733586 0.940795
 0.81523469 0.69150236 0.84518107 1.04442624 1.13072996 1.22994584
 1.07239188 0.86866999 0.54095733 0.57755843 0.80895845 0.92113255
 0.99934307 1.08802958 1.13157488 1.09104668 0.93985823 0.76972741
 0.67972633 0.82080794 1.07978034 1.17704028 1.26646738 1.13629408
 0.82486403 0.58187195 0.56599643 0.83463017 1.01298028 1.02940002
 1.11469428 1.1212647  1.02828057 0.82561906 0.69770586 0.76093013
 0.97971942 1.1516173  1.20844042 1.2078784  0.9232627  0.66613414
 0.52208595 0.74674215 0.96297041 1.03146942 1.10457226 1.14266702
 1.10205044 0.88477287 0.73809683 0.72218547 0.85154918 1.02533796
 1.20786512 1.22423236 1.0983755  0.73357484 0.58612419 0.66950054
 0.92978388 0.9474746  1.01260343 1.11166646 1.13640728 1.07509646
 0.8735399  0.70114546 0.68839967 0.86737024 1.1341347  1.18875666
 1.2269445  1.01795422 0.73207405 0.63031989 0.6301226  0.95514553
 1.03411296 1.08929142 1.1454279  1.12500398 0.92890664 0.73114096
 0.67924076 0.93133461 1.04589362 1.16124134 1.2439129  1.07777364
 0.84293893 0.57005922 0.55266827 0.90893814 1.01617022 1.087985
 1.15625644 1.1139594  0.9920874  0.78328466 0.6856459  0.81709286
 0.94394096 1.16793014 1.25935858 1.17520462 0.8913904  0.5717168
 0.52136299 0.86584796 0.94643787 1.02423744 1.07988884 1.14134154
 1.08707568 0.93264317 0.72257851 0.69321943 0.81919275 1.11565796
 1.20709492 1.2600336  1.07151616 0.78783544 0.57840868 0.55706138
 0.89293226 1.00402053 1.06182196 1.13513914 1.11796468 1.00523296
 0.7821869  0.70643347 0.76002267 0.99120306 1.18382892 1.24699094
 1.17704466 0.91357593 0.6556681  0.51759467 0.72619669 0.96087207
 0.97951283 1.06753368 1.11399348 1.10383518 1.0316032  0.83882934
 0.68310239 0.72215627 0.9459766  1.1573983  1.19467376 1.19086422
 0.93608214 0.66106016 0.53427452 0.66852937 0.95697392 1.00495359
 1.0694924  1.13597624 1.0878939  0.92501699 0.76704573 0.7014095
 0.86334583 1.05208596 1.1269535  1.25084234 1.05791812 0.81789731
 0.51293381 0.61967648 0.85707627 0.95022637 1.02264294 1.07656934
 1.1322665  1.05819956 0.91809601 0.73055323 0.69592666 0.82830483
 1.11257104 1.20426042 1.25948282 1.0930083  0.77771505 0.54549907
 0.56222661 0.87267193 0.99924155 1.0484342  1.12997368 1.11678146
 1.00472163 0.81194667 0.70377312 0.75476455 0.98370687 1.16732484
 1.23954896 1.19763842 0.91614124 0.66797019 0.53128813 0.71529462
 0.94845588 1.00340409 1.0483299  1.1089919  1.10092216 1.0210565
 0.82670959 0.68712604 0.76290025 0.95993154 1.15116246 1.20348968
 1.20356758 0.93046819 0.6609131  0.5207483  0.64407017 0.90578531
 1.00060014 1.08545338 1.11977214 1.10338824 0.92694724 0.84134685
 0.69947787 0.88121485 1.04846698 1.11541616 1.21326066 1.06816068
 0.91467837 0.5428145  0.58422472 0.72053943 0.92113737 1.00037883
 1.0672936  1.12096924 1.10676678 0.94300118 0.83890989 0.6959268
 0.77685826 1.0342453  1.15348854 1.23897924 1.15212282 0.88777801
 0.6314893  0.60809192 0.73453279 1.01714152 1.01361956 1.0746342
 1.12684962 1.05785184 0.85189676 0.69550059 0.75435337 1.02033427
 1.13683214 1.17085284 1.18463058 0.94271778 0.68687261 0.51366116
 0.72548253 0.99156766 1.01555272 1.1315134  1.16663152]



*************************************************************
MODEL ERRORS (of CLIPPED predictions): 
 
[4.77105984e-03 1.81114212e-01 2.26945385e-01 1.03247143e-01
 3.49996686e-02 2.79028416e-01 1.49654552e-01 5.49433418e-02
 4.18248400e-02 2.22972617e-01 2.24018559e-01 1.56825915e-01
 8.99058059e-02 2.83814311e-01 1.42393997e-02 1.65695399e-02
 3.18315588e-02 6.89280406e-02 2.80009676e-02 7.65268803e-02
 6.91298395e-02 1.19306162e-01 1.57910604e-02 1.43340603e-02
 5.82760014e-03 1.08479463e-01 4.06217836e-02 6.27937391e-02
 1.33499950e-01 1.17537528e-01 2.03835219e-02 4.95896488e-02
 9.50269960e-03 1.50498003e-02 1.93386804e-02 3.98094356e-02
 1.98126361e-02 5.00932988e-03 2.51861140e-02 1.98676195e-02
 2.61856597e-02 6.15198985e-02 9.43747833e-02 1.43931597e-03
 8.39864984e-02 1.32609442e-01 6.43942207e-02 2.05670539e-02
 1.03663370e-01 4.29732017e-02 5.42675983e-03 9.54835564e-02
 1.56580836e-01 4.28637490e-02 5.62295355e-02 2.70961016e-01
 1.48162290e-01 2.66764592e-02 6.92204982e-02 1.67475194e-01
 1.79907814e-01 1.68460265e-01 1.53752277e-02 2.03605905e-01
 7.16939988e-03 4.39289995e-02 7.39058014e-03 7.67397434e-02
 6.71262443e-02 5.69573492e-02 1.22582205e-01 4.74968413e-03
 8.49085152e-02 1.14928000e-03 4.87157982e-03 2.11809799e-02
 9.08077061e-02 7.73172230e-02 2.49788836e-02 1.23646826e-01
 1.34122357e-01 6.57506287e-02 1.59711078e-01 3.58976200e-02
 1.48260459e-01 2.70475924e-01 2.00918749e-01 1.37442634e-01
 3.76895726e-01 2.83345878e-01 1.53808922e-01 4.18008789e-02
 4.03066635e-01 4.33856457e-01 2.63726801e-01 2.52320737e-01
 3.45684499e-01 1.01762256e-02 8.41171965e-02 4.66009192e-02
 2.41201799e-02 1.15660310e-01 1.64143115e-01 6.91635758e-02
 2.40553692e-02 1.21207610e-01 8.97487998e-02 9.03967023e-02
 4.80864197e-02 2.18998149e-01 2.14740053e-01 1.12893283e-01
 1.10370323e-01 1.22597992e-01 8.50489829e-03 4.20683809e-02
 5.28300006e-04 5.46458811e-02 4.43166308e-02 9.13553834e-02
 3.92735191e-03 2.49093156e-02 1.70447037e-01 8.72250572e-02
 8.09932426e-02 6.97247609e-02 1.13077231e-01 1.18920788e-01
 1.43516496e-01 8.87275264e-02 6.99721873e-02 5.05280606e-02
 3.41877006e-02 1.39653599e-02 2.55872607e-02 3.49471308e-02
 8.83025303e-02 7.79725462e-02 8.58866572e-02 2.86552194e-03
 4.37026005e-03 2.85357591e-02 4.93659191e-02 1.21662458e-02
 3.69279496e-02 4.41316999e-02 1.40291117e-02 6.99388003e-03
 5.46158589e-02 1.10783400e-02 2.28838399e-02 1.11396603e-01
 5.41065000e-02 6.57240078e-02 4.43642698e-02 5.22721633e-02
 9.19521376e-02 1.10695243e-01 1.44434003e-02 1.05221719e-01
 1.66703403e-01 1.07977085e-01 5.88185266e-02 6.21304028e-02
 1.36362761e-02 8.51084590e-02 3.63902785e-02 4.51317206e-02
 1.26563042e-01 7.96258897e-02 4.55889553e-02 1.53698698e-01
 1.04508996e-02 2.57867798e-02 2.76939198e-02 1.48035035e-01
 1.70213729e-01 8.70280340e-02 1.86403528e-01 2.93917447e-01
 4.74736188e-03 9.86692831e-02 8.76030773e-02 2.03991998e-02
 1.04507923e-01 2.25422010e-01 1.47150457e-01 4.00751121e-02
 2.46866941e-01 2.18638986e-01 7.85472617e-02 3.04407608e-02
 3.15828264e-01 3.23263317e-01 1.53984606e-01 9.66798589e-02
 3.58748734e-01 5.44715747e-02 1.78621206e-02 1.09177619e-01
 4.13626991e-02 7.73859471e-02 1.65320411e-01 9.26096290e-02
 7.45292529e-02 2.29761750e-01 9.10959616e-02 4.82614413e-02
 1.57389075e-01 2.98577547e-01 2.23766446e-01 4.03816812e-02
 2.13860303e-01 2.49215677e-01 1.13742677e-02 1.11968592e-01
 1.06571801e-01 3.26151587e-02 1.27404079e-01 2.19387352e-01
 1.61388889e-01 3.79824005e-02 3.67031306e-01 2.59473771e-01
 9.53280628e-02 6.80629387e-02 2.69278824e-01 3.31566513e-01
 2.48413444e-01 2.95927841e-02 3.96773070e-01 8.85619298e-02
 1.12043004e-02 5.98553792e-02 1.13589942e-01 7.16848597e-02
 1.00083247e-01 6.16923384e-02 2.18480065e-01 7.97030181e-02
 4.64637205e-02 6.72491565e-02 1.53709576e-01 1.34325743e-01
 1.81890771e-01 1.18073285e-01 1.76231608e-01 1.79574974e-02
 9.83002037e-03 1.46933994e-03 3.26705612e-02 4.22155783e-02
 2.38990504e-02 4.94639538e-02 3.45203727e-02 1.17528528e-01
 4.46833596e-02 5.35742007e-02 9.13142040e-03 9.27371383e-02
 8.68478268e-02 1.33551285e-01 6.85620457e-02 7.37523213e-02
 3.30143399e-03 3.96956913e-02 1.93746407e-02 1.79306399e-02
 3.73468995e-02 3.25297900e-02 4.44204174e-02 5.14656529e-02
 4.68212515e-02 9.81596019e-03 4.42993417e-02 8.62916782e-02
 1.88226998e-02 1.15666483e-02 4.83316593e-02 5.28083416e-03
 5.28334416e-02 3.26452926e-02 1.74032599e-02 2.46808808e-02
 3.81439812e-02 1.81687996e-02 6.94405809e-02 1.60356052e-02
 6.31699488e-02 7.53401890e-02 6.79316223e-02 8.75577629e-02
 5.18891402e-02 1.00712627e-01 1.45538673e-01 1.14505537e-01
 1.01677075e-01 4.63076420e-02 4.10783887e-02 2.86374073e-02
 6.26660010e-04 5.92763983e-02 2.27727201e-02 6.17490783e-02
 5.50927669e-02 9.39672887e-02 2.49302993e-03 2.11213008e-02
 4.15221602e-02 3.20990011e-03 5.49620017e-03 5.74193038e-02
 1.38707059e-02 3.61289158e-02 5.00256987e-03 6.30863383e-02
 1.57275591e-02 7.25399777e-02 1.09681360e-01 1.10090896e-01
 1.33345351e-01 7.92390027e-04 1.06031686e-01 9.22677368e-02
 2.39321198e-02 1.34306597e-02 2.13165447e-01 1.44678503e-01
 9.06809792e-02 1.42674431e-01 1.54172391e-01 4.40152623e-02
 3.68025787e-02 1.16057997e-03 1.28658324e-01 1.76873103e-01
 1.20247006e-01 6.11257330e-02 2.16582283e-01 2.47686610e-01
 1.05164923e-01 1.14004000e-03 2.54257441e-01 3.23374122e-01
 1.76734179e-01 1.35753393e-01 1.82856783e-01 5.03082015e-03
 1.53002199e-02 7.04658777e-02 1.98888406e-02 8.53859994e-04
 1.28331140e-01 4.08914872e-02 4.48780805e-02 1.34441957e-01
 4.04317006e-02 1.59955192e-02 1.44492798e-02 1.36415303e-01
 1.04680799e-01 1.10031575e-01 7.32156783e-02 1.17590338e-01
 2.23147608e-02 2.56414600e-02 2.01128796e-02 4.10814583e-02
 1.67405605e-02 1.15718199e-02 2.53524892e-02 2.09507663e-02
 5.79085127e-02 4.81994413e-02 5.75807206e-02 5.94636016e-02
 7.13515878e-02 1.66685641e-01 9.13333595e-02 1.77496602e-03
 7.41343349e-02 3.55905034e-02 8.41439236e-03 1.37285599e-02
 3.09879407e-02 4.08149399e-02 4.53868620e-02 2.48584654e-02
 8.78628194e-02 2.63848677e-02 2.36046202e-02 4.02106605e-02
 2.74381996e-03 6.43279986e-04 6.37444705e-02 1.76965129e-02
 8.13532844e-02 4.93774824e-02 4.35458012e-02 3.10385004e-02
 6.38496205e-02 8.09388235e-02 4.31827269e-02 5.82374707e-02
 9.72952414e-03 5.39348572e-02 1.22788750e-01 4.89789397e-02
 4.27882187e-02 1.20741591e-01 1.20610781e-01 9.89375487e-02
 1.57420449e-02 8.12140405e-02 1.01784403e-02 6.25576377e-02
 7.43548013e-03 5.26527613e-02 2.31250394e-02 3.14312987e-02
 3.47445495e-02 4.78748642e-02 8.11381862e-02 3.15666199e-02
 4.74153385e-02 9.44224223e-02 5.57748266e-02 1.05440421e-02
 1.36088550e-01 1.95005789e-01 1.33109242e-02 9.11841616e-02
 8.58218819e-02 3.44559993e-03 9.06437784e-02 2.04570979e-01
 1.45832077e-01 2.00084187e-02 2.75021911e-01 2.78180242e-01
 1.17030002e-01 1.37309477e-01 1.97283775e-01 2.97376782e-01
 2.64396638e-01 7.98618495e-02 3.20327222e-01 6.54198006e-02
 4.91824001e-02 5.38723804e-02 7.18790591e-02 2.55850796e-02
 1.41857797e-02 1.15436979e-01 5.20541258e-02 1.63286943e-02
 4.09166003e-03 6.11827988e-03 3.65652815e-02 4.35951911e-02
 6.18490949e-02 1.05069298e-02 9.20338333e-02 1.06026411e-01
 8.97760168e-02 8.31491649e-02 2.43855994e-02 1.10716023e-01
 2.09261581e-01 2.10776076e-01 5.87220211e-03 3.06854695e-01
 2.80572027e-01 1.32505581e-01 1.33314162e-01 2.55611032e-01
 4.00210917e-01 3.22216302e-01 3.42841190e-03 3.70690614e-01
 9.47908834e-02 4.11197618e-02 8.53397995e-02 1.62618402e-02
 1.25560001e-03 1.12622231e-01 8.63529444e-02 5.98003790e-02
 5.99786527e-02 1.20912738e-01 2.77537405e-02 2.72753406e-02
 1.12342782e-01 1.25985563e-01 9.59872827e-02 1.69716123e-02
 1.27165034e-01 2.32580714e-02 1.13565195e-02 6.78671375e-02
 4.11049016e-02 5.72733209e-02 1.02178648e-01 3.23065631e-02
 4.62650508e-02 1.68194801e-01 1.26832634e-01 6.53240234e-02
 4.34384197e-02 1.56326756e-01 1.57981247e-01 1.90866500e-01
 6.07829653e-02 7.76438788e-02 1.81048326e-02 2.25689802e-02
 1.31525798e-02 9.66877956e-03 2.68036406e-02 2.85597388e-02
 4.71668653e-02 9.62967649e-02 4.38654721e-02 3.46738808e-02
 5.02698794e-02 7.05699995e-03 1.28226401e-02 7.21950978e-02
 4.96462211e-02 5.07210530e-02 4.18954529e-02 5.22036403e-02
 2.21925396e-02 7.85228163e-02 9.53334570e-02 1.20580368e-01
 1.42567366e-01 1.82953738e-02 1.24543667e-01 8.34841430e-02
 1.16469003e-02 1.90942194e-02 1.69439897e-01 1.32347435e-01
 9.21805128e-02 9.62183550e-02 1.21783786e-01 6.00616857e-02
 4.11911197e-02 2.49821600e-02 1.25582114e-01 1.80392325e-01
 1.36206821e-01 5.07535599e-02 2.26180375e-01 2.47802705e-01
 1.02723323e-01 6.64449995e-03 2.58681238e-01 3.10267508e-01
 1.71696782e-01 1.40791014e-01 1.95432857e-01 6.37234794e-03
 1.88038703e-02 7.81928599e-02 2.72066798e-02 3.48838791e-02
 1.44601196e-01 3.16977724e-02 4.28595988e-04 1.70004681e-01
 8.01269785e-02 4.30982783e-02 5.37869986e-03 1.84574544e-01
 1.65681541e-01 1.35578275e-01 1.18019260e-01 1.31180599e-01
 7.14067416e-03 3.17224599e-02 1.67564992e-02 1.51773002e-02
 4.73311990e-02 4.79934178e-03 4.44503389e-02 6.08241744e-02
 2.98960526e-02 1.77938603e-02 2.49688998e-02 7.51657188e-02
 1.35697995e-03 1.11046828e-01 2.76529137e-02 3.78645621e-02
 6.61071837e-02 4.47123833e-02 5.90188010e-03 2.15418991e-02
 3.66948992e-02 5.07389605e-02 9.38807502e-02 1.68680493e-02
 4.84457836e-02 1.40575424e-01 5.84515184e-02 9.69910026e-02
 2.21447796e-02 1.40345126e-01 1.16954662e-01 1.43483996e-01
 6.40791003e-03 1.91139597e-02 8.79644379e-02 8.79585296e-02
 1.46606006e-03 3.64374183e-02 1.77081868e-01 1.31434038e-01
 3.39257494e-02 2.56628841e-01 2.27162480e-01 7.33260810e-02
 8.68409574e-02 1.17738999e-01 2.72939771e-01 2.06267715e-01
 4.62344214e-02 3.17114770e-01 1.05885647e-01 1.39569798e-02
 1.06757224e-01 5.75113185e-02 1.64735597e-02 1.88887313e-01
 2.64087282e-02 9.76910293e-02 3.68331522e-02 2.62361802e-02
 4.70773987e-02 1.36381522e-01 7.72357732e-02 1.57371745e-01
 6.98563457e-02 3.12755704e-01 8.70562121e-02 2.78927796e-02
 1.15777694e-01 2.32365597e-02 3.11172195e-02 1.74375117e-01
 1.50743276e-01 6.64091995e-03 1.54591903e-01 2.01533005e-01
 8.96765217e-02 1.14351399e-02 2.54243046e-01 2.70398438e-01
 1.27969816e-01 6.78004175e-02 3.52638334e-01 5.56590930e-02
 6.64061382e-02 1.63713574e-01 3.42211989e-03 5.38021997e-02
 2.79287785e-01 1.64028123e-01 6.63475096e-02 3.08506668e-01
 3.20482016e-01 8.72593597e-02 4.59561385e-02 2.20825076e-01
 3.62613946e-01 2.70648360e-01 6.67345598e-02 3.72239023e-01
 1.50523782e-01 9.06211976e-03 1.18072197e-01 5.05114794e-02
 4.68722992e-02 1.32214814e-01 6.60067648e-02 1.01067843e-02
 1.17468812e-01 8.23335201e-02 1.26205599e-02 9.68187004e-02
 1.91322610e-01 8.66832882e-02 5.12758829e-02 1.48668781e-01
 1.49815872e-01 3.64295993e-04 7.64370635e-02 7.02657774e-02
 2.99874395e-02 3.97881009e-02 1.59186170e-01 6.17487952e-02
 6.44900603e-03 2.51615137e-01 1.69954672e-01 4.84288018e-03
 3.88273410e-02 1.74032673e-01 1.98359355e-01 1.41675264e-01
 6.16557933e-02 2.50810742e-01 3.88148502e-02 1.25527401e-02
 7.15418011e-02 6.99537024e-02 1.00282198e-02 8.65162835e-02
 1.59828551e-02 5.97849414e-02 8.72434378e-02 1.72476601e-02
 1.01477001e-02 1.19578063e-01 1.40979260e-01 6.58379048e-02
 7.64464512e-02 2.52070963e-01 8.95794928e-02 5.00522181e-02
 1.24897987e-01 3.55830602e-02 3.00041605e-02 1.81262955e-01
 1.39731333e-01 2.39226129e-02 1.82623968e-01 1.99252784e-01
 1.19532198e-01 6.03725798e-02 1.45224676e-01 2.76772201e-01
 2.22321734e-01 4.01312895e-02 3.04364860e-01 5.74332848e-02
 3.71837988e-03 1.19774222e-01 5.22636212e-02 1.82698201e-02
 1.22128479e-01 2.70544495e-02 4.72734310e-02 7.60353282e-02
 7.10412413e-02 6.54290989e-02 6.72936365e-02 1.51365399e-01
 5.50559983e-02 2.35487591e-03 9.38079730e-02 9.17587653e-02
 3.07355393e-02 1.03787109e-01 9.71829593e-02 4.64348793e-02
 9.82560590e-02 2.17405438e-01 1.12452485e-01 5.41605428e-02
 3.65114778e-01 2.80284166e-01 1.20842516e-01 9.47567001e-02
 2.43621469e-01 3.65541160e-01 3.09259981e-01 8.10613036e-02
 3.20875674e-01 5.67371473e-02 5.84716685e-02 2.65068598e-02
 7.87634775e-02 5.41630983e-02 1.88355800e-03 6.13971278e-02
 2.97558736e-02 1.06418431e-01 6.58466015e-03 1.57936607e-02
 1.34105599e-02 5.19977771e-02 3.13153975e-02 9.14487764e-02
 7.94596300e-02 7.55667984e-02 2.28093993e-02 7.19982013e-03
 2.21471004e-02 8.09516013e-02 4.22753580e-02 7.32886419e-02
 5.52202985e-02 9.35823396e-02 1.16475277e-01 7.28013813e-02
 6.75428212e-02 1.01175837e-01 1.73234001e-01 1.15738392e-01
 4.31350209e-02 1.46575630e-01 2.48361193e-03 6.62680864e-02
 7.48029575e-02 6.17863983e-03 8.70580599e-02 3.05012502e-02
 2.68139709e-02 8.88638943e-02 5.87720349e-02 1.92541797e-02
 5.02930395e-02 4.26131189e-02 1.68790594e-02 4.48378995e-02
 2.49715671e-02 1.20968157e-02 5.43190399e-03 8.68949667e-02
 9.69512016e-03 4.16090414e-02 1.92480795e-02 1.04104243e-01
 8.05792958e-02 1.24864720e-01 1.25405133e-01 1.68072864e-01
 6.89612776e-02 9.09267366e-02 9.34760571e-02 2.10564271e-01
 2.70826280e-01 4.18783985e-02 2.10239857e-01 1.54545903e-01
 1.42676784e-02 1.22205481e-01 1.39928004e-03 3.37040797e-02
 1.65699899e-01 1.60115510e-01 1.56547539e-02 1.53363734e-01
 2.60287791e-01 1.07164443e-01 1.15252562e-01 1.47351682e-01
 2.95068681e-01 2.55592257e-01 1.17256790e-01 2.53479302e-01
 6.24497905e-02 1.04687169e-01 3.65033410e-02 9.60586034e-03
 4.82968204e-02 5.29659465e-02 2.47478206e-02 3.42864767e-02
 1.75483420e-01 2.04949602e-02 7.54645979e-03 3.14343385e-02
 8.87542963e-02 7.54536614e-02 8.85623246e-02 8.20210800e-02
 1.37196973e-01 3.06024104e-02 3.93848196e-02 1.86473206e-02
 1.29695199e-02 5.18521406e-02 6.55831173e-02 2.91872993e-02
 4.68526408e-03 7.69947320e-02 2.66703404e-02 3.46555784e-02
 8.94251391e-02 1.03046084e-02 5.77009730e-02 1.35555103e-01
 1.72404930e-01 7.60671590e-03 3.22837271e-02 4.93126996e-02
 2.71908008e-02 2.21421998e-02 1.08064517e-01 7.06135333e-02
 1.46922600e-02 1.45916164e-01 1.59470677e-01 7.38449395e-02
 7.63965622e-02 9.95638594e-02 1.79647997e-01 1.51199117e-01
 1.62247457e-02 2.03357041e-01 6.53043315e-02 2.14070193e-02
 6.19079396e-02 4.66165617e-02 2.70961393e-02 9.98916551e-02
 3.59377800e-03 3.18790004e-02 1.20477475e-01 3.26017998e-02
 3.74943987e-02 1.09156936e-01 1.45578623e-01 7.65611231e-02
 1.79850087e-02 2.72265047e-01 1.13431744e-01 1.45184277e-02
 1.42359316e-01 1.92309998e-03 1.72924008e-02 1.66610777e-01
 1.65740296e-01 6.48339614e-02 1.41927764e-01 2.42045388e-01
 1.32569924e-01 7.50405192e-02 2.42205393e-02 2.97174215e-01
 2.55096078e-01 1.08979888e-01 2.18718484e-01 1.90300092e-01
 3.97340432e-02 7.57592395e-02 1.52269995e-03 8.33052024e-03
 4.22941707e-02 2.42116544e-02 1.00191562e-02 4.06245422e-03
 1.08167101e-02 4.75925989e-02 4.84145992e-02 1.06850281e-01
 1.18954536e-02 2.14519352e-02 1.24099806e-01 8.92280415e-03
 1.29125835e-02 2.95711383e-02 6.88413233e-02 2.20018607e-02
 5.49469218e-02 1.69774130e-01 8.99657086e-02 3.34687997e-03
 2.73693979e-01 2.03592956e-01 3.36469412e-02 8.01582634e-02
 1.72736883e-01 2.47922480e-01 2.54822403e-01 8.55034813e-02
 3.01451206e-01 3.68352048e-02 1.92773193e-02 4.70959581e-02
 4.00888398e-02 1.94289405e-02 4.83039618e-02 4.62556211e-03
 1.43943643e-02 3.64634991e-02 1.31927198e-02 1.78146604e-02
 4.66023795e-02 1.28508201e-02 8.36815033e-03 4.50599492e-02
 8.48454684e-02 2.92041413e-02 2.01202128e-02 1.03413090e-01
 2.20170002e-02 1.93204600e-02 1.48125336e-01 1.72503695e-01
 5.68473041e-02 1.31981820e-01 2.64476687e-01 1.39714539e-01
 8.81564617e-02 6.79307580e-02 2.74437010e-01 2.37704083e-01
 1.00511663e-01 2.55535811e-01 1.75597429e-01 3.48050445e-02
 5.69513403e-02 8.20866041e-03 8.22476018e-03 1.70148406e-02
 3.50326486e-02 1.75496545e-02 3.47612053e-02 2.23514102e-02
 1.30235997e-03 6.06081598e-02 9.21407193e-02 3.29129025e-02
 8.85975361e-03 9.46753770e-02 9.54209194e-02 4.81633982e-03
 5.04290871e-02 8.82688388e-02 7.52027985e-03 4.24825400e-02
 2.37650067e-01 1.29518643e-01 1.56222358e-02 2.66871244e-01
 2.91509658e-01 8.05212036e-02 1.15258500e-01 1.53135195e-01
 3.19027781e-01 3.15233737e-01 1.81421675e-02 3.23208302e-01
 9.40815285e-02 4.05872390e-02 1.00021204e-02 5.54740615e-02
 5.18054003e-03 2.65648086e-02 2.35728268e-02 4.20403518e-02
 8.06797296e-02 6.86474005e-03 2.22366005e-02 1.67506803e-02
 5.82739003e-02 3.59137692e-02 6.23868331e-02 1.67375077e-02
 5.22519313e-02 3.12673897e-02 2.99504809e-02 2.98295394e-02
 6.20203018e-02 8.06078967e-03 9.32770967e-03 4.48305020e-03
 6.23712949e-02 5.34256585e-02 5.02557196e-02 7.48196170e-02
 9.58056003e-03 1.08370252e-01 1.07781187e-01 1.08531937e-01
 7.78205469e-02 9.40972380e-03 6.36895970e-02 3.08631603e-02
 2.61095595e-02 7.24691823e-02 7.19574690e-02 1.74195133e-02
 5.53521328e-02 1.46252900e-01 3.70463431e-02 6.28784001e-02
 8.16344023e-02 4.47228402e-02 8.65008011e-02 1.29109681e-01
 6.03063665e-02 3.06435619e-02 3.83806340e-02 9.12925676e-02
 4.93347012e-02 6.44313768e-02 1.19764850e-01 1.16849966e-01
 1.95821330e-01 3.26069444e-02 1.70627728e-01 1.04691163e-01
 8.80878419e-02 2.92249396e-02 1.73792422e-01 2.14103669e-01
 5.70435971e-02 1.53792933e-01 2.08659649e-01 1.06617548e-01
 1.18278235e-01 3.68563198e-02 1.27425075e-01 2.17399776e-01
 2.51733989e-01 2.55736802e-03 3.04511994e-01 3.44705552e-01
 1.91314057e-01 8.48763213e-02 3.29952866e-01 5.03451943e-01
 3.89075130e-01 4.83465344e-02 3.86702031e-01 1.23071581e-01
 6.51898002e-03 1.12201378e-01 1.71098206e-02 3.89600010e-03
 1.68943390e-01 1.21975891e-01 8.44440907e-02 1.12255409e-01
 1.32475287e-01 2.21513994e-02 5.31614795e-02 1.63167000e-01
 1.59399837e-01 1.24642059e-01 2.79808529e-02 1.71426460e-01
 7.97840878e-02 7.10307993e-03 6.99236393e-02 9.42228213e-02
 1.36385247e-01 1.35356426e-01 3.15565318e-02 1.37599483e-01
 2.49183625e-01 1.91876844e-01 1.00557283e-01 1.17602862e-01
 3.25310946e-01 2.21617341e-01 1.27305999e-01 1.70416996e-01
 5.11202998e-02 3.44793196e-03 1.02446064e-01 1.47199398e-02
 1.34439198e-02 8.97245333e-02 1.05651684e-01 6.01332374e-02
 1.95820406e-02 1.56827062e-01 2.47054994e-02 3.07335407e-02
 3.69220003e-02 1.32921323e-01 9.03678909e-02 1.47847265e-01
 1.16215408e-01 6.43152669e-02 1.02371601e-02 3.32227796e-02
 2.49403007e-02 1.17114581e-01 5.69491610e-02 4.04217429e-02
 9.20448303e-02 5.03760204e-02 1.18942283e-01 1.10364661e-01
 2.14064997e-02 1.37325794e-01 2.08317667e-01 1.34639353e-01
 7.13076517e-02 4.10261489e-02 5.96269816e-02 8.60901028e-02
 1.47189396e-02 2.01108009e-02 1.32160902e-01 8.27280581e-02
 1.91441160e-02 2.10087180e-01 8.39032605e-02 6.22867383e-02
 9.21781808e-02 8.23952779e-02 1.64719999e-01 2.05520943e-01
 3.31533924e-02 3.21147799e-01 3.69051918e-02 2.47608591e-02
 3.66173387e-02 3.74106616e-02 4.04221788e-02 1.98959615e-02
 1.71911400e-02 5.88783808e-03 5.53790890e-02 4.48326021e-03
 9.71088000e-03 4.36808988e-02 1.05785402e-02 3.07311062e-02
 7.39940628e-02 7.78288692e-02 2.85870060e-02 1.77794192e-02
 1.06266350e-01 6.00943994e-03 7.58519978e-04 1.28712535e-01
 1.64056078e-01 4.54212613e-02 1.11155316e-01 2.21723750e-01
 1.19763121e-01 6.50419369e-02 8.10559392e-02 2.34359771e-01
 1.72285721e-01 6.32544681e-02 2.56513476e-01 1.55465275e-01
 3.51908691e-02 7.48581588e-02 1.57231204e-02 3.61682009e-03
 2.19700001e-02 6.10642284e-02 4.10438292e-02 1.49524501e-02
 3.75544876e-02 2.01546997e-02 6.03907406e-02 1.20937482e-01
 9.48369652e-02 3.60921696e-02 7.41292387e-02 1.57595992e-01
 6.09530732e-02 4.43149358e-02 1.24942757e-01 5.99404005e-03
 5.21720983e-02 2.53388017e-01 1.92375958e-01 4.45165485e-02
 2.71553725e-01 3.43755007e-01 1.00040801e-01 1.22833438e-01
 1.29574284e-01 3.48943889e-01 3.86312723e-01 6.94893301e-02
 3.26602042e-01 1.74885616e-01 3.22669595e-02 8.16185959e-03
 4.95444015e-02 4.89483401e-02 1.19993221e-02 1.03834216e-02
 9.67009664e-02 1.80106200e-02 1.18380403e-02 5.03149182e-02
 4.67712013e-03 2.22714003e-02 2.18385383e-02 2.66127642e-02
 2.49327663e-02 2.24413555e-02 5.67359477e-02 1.85400000e-04
 5.33366203e-02 7.00803623e-02 6.58008605e-02 8.08491111e-02
 1.49621600e-02 1.32477477e-01 1.35933638e-01 4.64383587e-02
 5.73851392e-02 1.37747124e-01 1.71371371e-01 1.67719766e-01
 2.95333993e-02 1.70831501e-01 4.45031412e-02 3.31266858e-02
 9.23364013e-02 7.68299971e-04 1.02635399e-02 1.15857877e-01
 8.81698802e-02 1.96004994e-02 7.78695941e-02 1.44188166e-01
 5.95874414e-02 8.75890180e-02 1.14655182e-01 1.68279409e-01
 1.42371267e-01 3.86280306e-02 2.19364211e-01 9.08564478e-02
 3.27366590e-02 5.00232205e-02 9.71634034e-03 4.43906011e-03
 7.44660990e-03 9.94787067e-02 2.39304584e-02 5.34978136e-02
 4.85591218e-02 9.60893407e-02 7.94194415e-02 3.62823196e-02
 1.41994834e-01 1.91372111e-02 1.14601463e-01 1.27218321e-01
 7.21187517e-02 3.94355133e-02 5.98592013e-02 5.30224014e-03
 1.15340203e-02 5.14712010e-04 8.85592178e-02 2.81870812e-02
 1.20046539e-02 4.07868996e-02 4.36855592e-02 3.80633585e-02
 1.33657204e-02 7.94065744e-02 7.63922855e-02 1.48541272e-01
 7.94525072e-02 1.63101200e-02 4.30486985e-02 4.49642986e-02
 1.19385198e-02 3.79020609e-02 9.26148072e-02 5.26903830e-02
 5.96073307e-02 2.07832277e-01 4.91517410e-02 4.49980609e-02
 1.14196017e-01 1.84367329e-01 9.90860015e-02 1.32435439e-02
 2.75159121e-01 1.68907583e-01 3.18396911e-02 1.85207427e-01
 5.76039217e-02]

*************************************************************

