THIS FILE CONTAINS  cv_cross_val_predict() predictions FOR THIS CURRENT CONFIGURATION.
		 It can be used to verificate obtained results.





---------------------------------------------------------------------------------------------------------
FINAL y_pred (clipped).  FINAL PREDICTIONS USED TO CALCULATE SCORE METRICS
			 (mean over several cross_val_predict() executions)
---------------------------------------------------------------------------------------------------------
[1.14322252 1.04847813 0.81657874 0.70919394 0.6881941  0.91282043
 1.0965855  1.18537178 1.21135626 1.00443188 0.73797018 0.59442401
 0.63307448 0.91066494 1.00688874 1.07151606 1.13038238 1.0839787
 0.94773159 0.76818029 0.70907402 0.84378234 1.0139662  1.17524066
 1.24964036 1.09708532 0.85266944 0.60174577 0.58107027 0.80827687
 0.97186689 1.03234836 1.0776579  1.1026829  1.05854336 0.91956261
 0.74404784 0.72389779 0.87352367 1.07392882 1.18582662 1.22523536
 1.03571964 0.77540816 0.57784773 0.53672207 0.77163834 0.94650039
 1.0326287  1.09427532 1.14461674 1.07917686 0.91920089 0.7507241
 0.67267027 0.8784714  1.08719474 1.15806078 1.22807162 1.06460082
 0.80494087 0.57896386 0.53060378 0.81971609 0.98741    1.03124086
 1.1281572  1.09477126 1.0178306  0.842682   0.72676554 0.75252279
 0.94564535 1.13229288 1.2414422  1.17381674 0.98466949 0.69730349
 0.53864802 0.67017962 0.88841585 0.97822004 1.00646417 1.11861552
 1.12812698 1.05686976 0.86748779 0.6988434  0.69388467 0.86263265
 1.09920968 1.20035776 1.2404284  1.042325   0.72763398 0.58564103
 0.65897434 0.9317065  0.99193333 1.07881814 1.13843484 1.10385804
 0.95975191 0.75609437 0.71064357 0.87519373 1.02806654 1.14528096
 1.2349183  1.06419072 0.81955656 0.60084905 0.58947188 0.83865351
 1.00101673 1.04480766 1.12265204 1.13078032 1.0379482  0.84706723
 0.71484558 0.78270347 0.89708517 1.0996482  1.19651876 1.23628812
 0.99888083 0.68279577 0.5661162  0.62503351 0.82595584 0.9721404
 1.02405118 1.08872132 1.12151436 1.0309313  0.91272545 0.73458199
 0.71310069 0.95801716 1.09643522 1.20574792 1.18697828 0.95446055
 0.75176282 0.60752019 0.72057216 0.97742232 0.97968648 1.09106134
 1.11521854 1.10376216 0.93077826 0.72545676 0.69733413 0.89506663
 1.05314752 1.1252018  1.23106382 1.03454588 0.76439113 0.58984548
 0.59433668 0.88861065 1.00574463 1.10215984 1.17135152 1.12256658
 0.95519676 0.71823734 0.68740801 0.85356633 0.9615226  1.1843226
 1.1896646  1.08077506 0.76071681 0.52335656 0.64283272 0.90245109
 0.98764614 1.04512026 1.11981768 1.12162768 1.03566238 0.84756883
 0.69218139 0.75617068 0.88194582 1.1267797  1.21936738 1.2111364
 0.99714626 0.67344041 0.55538637 0.56206357 0.89311809 0.98405907
 1.02129814 1.12296064 1.0869195  1.04592718 0.87926783 0.70790089
 0.76091126 0.94016668 1.0686985  1.20820574 1.13275042 0.99100946
 0.72231279 0.57961716 0.58856913 0.85366153 0.96137181 1.0212847
 1.10520326 1.09321724 1.05158692 0.92046352 0.68035451 0.693897
 0.9472959  1.10316644 1.19959192 1.21505216 0.97482439 0.77371635
 0.59947912 0.63239559 0.90373162 0.99790995 1.06984016 1.13292802
 1.07651478 0.94989247 0.75369924 0.71283372 0.86971847 1.01191906
 1.1785831  1.25827768 1.08531906 0.82183517 0.59072215 0.59637574
 0.7974049  0.979888   1.01708129 1.0645174  1.10816326 1.0600172
 0.92423768 0.76052504 0.73025324 0.86533353 1.08284122 1.1988315
 1.24171046 1.08531904 0.76619581 0.56777169 0.50460416 0.75356595
 0.94650981 1.02383906 1.09494688 1.14559788 1.07765454 0.93287951
 0.73946226 0.675575   0.86595264 1.06116394 1.1429349  1.18743196
 1.07437872 0.809665   0.59148334 0.53191516 0.77930721 0.97868499
 1.0289951  1.11636092 1.11101592 1.04206716 0.89147608 0.72825905
 0.71859626 0.92850952 1.10347772 1.21007254 1.19342374 1.04846266
 0.76614383 0.55154193 0.5708468  0.84797003 0.96110676 1.01465966
 1.11011342 1.10322316 1.07381238 0.91959101 0.73592189 0.67612513
 0.81996717 1.08832444 1.1989428  1.22469984 1.03164338 0.78545912
 0.60972434 0.65263967 0.91756083 1.00996564 1.07796248 1.13311752
 1.11526442 0.95795815 0.76236166 0.66862027 0.83996406 1.00835401
 1.15393364 1.23409368 1.13961058 0.82876343 0.5945162  0.53560288
 0.83795318 1.00760532 1.06172886 1.11870384 1.10910028 1.05684598
 0.80162264 0.70232268 0.76482393 0.93440758 1.15712976 1.24280312
 1.1505278  0.92348632 0.64634867 0.51807505 0.75032038 0.93684644
 0.99661649 1.06207142 1.13164734 1.09283346 0.96749375 0.76819084
 0.71170803 0.82406166 1.06963196 1.18437396 1.23960534 1.11715396
 0.82054407 0.59598264 0.53351171 0.77180914 0.97038754 1.03944622
 1.1316777  1.12970626 1.04421726 0.86051528 0.7439443  0.72749706
 0.92254757 1.10808032 1.21657436 1.19361948 1.0237379  0.77783678
 0.54064511 0.62043531 0.82889296 0.95410829 1.01329937 1.13309016
 1.11989406 1.06610364 0.90117831 0.70921831 0.68654024 0.86508605
 1.09539454 1.20478406 1.23209512 1.05483038 0.74339414 0.59096144
 0.68631793 0.94022953 1.02127958 1.07215236 1.12402152 1.1224254
 0.94439091 0.7438798  0.66437782 0.83772454 0.99478279 1.14453402
 1.23087144 1.11364128 0.80530572 0.59874775 0.55391255 0.83615066
 1.01181425 1.07222424 1.132434   1.10403248 1.01296292 0.77893984
 0.70583281 0.78448783 0.95056146 1.16412218 1.22328566 1.09589658
 0.90805591 0.5927784  0.56509646 0.80752348 0.96634152 1.01794067
 1.08842484 1.13222784 1.08168128 0.9216964  0.73781446 0.70700052
 0.87326688 1.0840702  1.21445566 1.25875752 1.04749924 0.78187901
 0.55047682 0.52131988 0.79967529 0.96263981 1.02376376 1.11294712
 1.13332532 1.05668576 0.90035366 0.75527778 0.71352462 0.91154492
 1.10629944 1.18883356 1.21529    1.05182684 0.79162207 0.53432705
 0.54450313 0.80533126 0.94958166 0.99799199 1.11227064 1.1236618
 1.10161628 0.94182855 0.72384083 0.64415707 0.84870944 1.08439378
 1.1632338  1.2452993  1.06888966 0.8096732  0.61026851 0.59165678
 0.83814932 1.01974734 1.05067456 1.13433252 1.11529722 0.99021301
 0.79819038 0.69949481 0.79627528 0.97615598 1.1536692  1.24851012
 1.147688   0.86582896 0.61353996 0.54191792 0.76489725 0.97639059
 1.02200848 1.06914982 1.0990347  1.0748433  0.92935923 0.7523842
 0.71161573 0.85728451 1.02042721 1.21940272 1.18820616 1.06044827
 0.77857286 0.59436451 0.56760621 0.80560797 0.93799249 1.02698648
 1.08688856 1.15171798 1.08236956 0.91051287 0.74122987 0.66501387
 0.86417398 1.10070198 1.19095084 1.2221036  1.04318878 0.77862916
 0.60157844 0.65582245 0.91651655 1.02441458 1.06090726 1.12436582
 1.11625398 0.99054632 0.78524179 0.67189044 0.79855697 1.00425471
 1.15930854 1.21985964 1.12812456 0.84973372 0.6021551  0.54759259
 0.80606793 0.98838955 1.05809946 1.1096419  1.11350828 1.06276588
 0.80324663 0.7117388  0.72882182 0.92957023 1.1574321  1.22925632
 1.16728168 0.92844423 0.64083895 0.49803107 0.74927609 0.94136006
 0.99861119 1.05403302 1.11891088 1.10792794 0.97519439 0.76743255
 0.69263469 0.80445987 1.05711136 1.18634882 1.22561342 1.13436814
 0.83396621 0.57769803 0.51010657 0.75305694 0.96653995 1.0408505
 1.11431738 1.13046242 1.05275896 0.8770152  0.75115062 0.71270059
 0.92701669 1.0900084  1.2070492  1.20203446 1.0443799  0.80082708
 0.54527672 0.59491868 0.81725277 0.91842077 1.0229759  1.11771394
 1.12687122 1.08763356 0.90989288 0.73249482 0.68435084 0.83052849
 1.09750752 1.186697   1.23937488 1.05944712 0.7679781  0.61157575
 0.67827857 0.90919291 1.02594142 1.06245922 1.13579164 1.08777838
 0.95754243 0.74343659 0.65930478 0.82578004 1.00993724 1.16648416
 1.22958094 1.11527208 0.79551164 0.58456587 0.55100294 0.8260442
 1.00156869 1.07171036 1.13866614 1.10028284 1.03171692 0.74275147
 0.70171839 0.78448748 0.96360867 1.14854818 1.24317668 1.11856378
 0.91574235 0.58324589 0.53564231 0.81072172 0.9842187  1.01948802
 1.09756808 1.11405668 1.08802532 0.91404895 0.72998067 0.72619904
 0.88940487 1.0727549  1.20917084 1.23918526 1.04587398 0.74843366
 0.56325695 0.5117705  0.8128354  0.95143423 1.02995518 1.12233648
 1.1411516  1.08174048 0.90295654 0.72700837 0.67285555 0.89499653
 1.09214608 1.16991786 1.2093468  1.07633016 0.80081869 0.55161868
 0.50621711 0.80602902 0.98266758 1.01074224 1.13420564 1.11737748
 1.04788412 0.88088357 0.7396533  0.70337573 0.90956137 1.09870332
 1.18597144 1.21162294 1.04386308 0.79371479 0.5291434  0.55438983
 0.81346068 0.95776746 1.0202186  1.13257342 1.09858648 1.08514694
 0.9269049  0.73884875 0.67761133 0.8720652  1.10776244 1.16891224
 1.22447806 1.03950402 0.7971672  0.57305096 0.6079202  0.84721185
 1.00820871 1.04639238 1.13985658 1.10233846 1.02000904 0.82801175
 0.69250043 0.78921598 0.97775165 1.15826806 1.24240154 1.15251546
 0.88020927 0.60810969 0.54820597 0.7690271  0.96672284 1.00884126
 1.07578358 1.099944   1.09232738 0.9506713  0.76603637 0.70130355
 0.83247626 1.013139   1.19263506 1.21586668 1.12122166 0.83559451
 0.57195604 0.51568913 0.73558675 0.91760439 1.0432603  1.10891968
 1.12477422 1.087074   0.93559922 0.79199644 0.68278103 0.84956986
 1.0831575  1.15211732 1.23955664 1.07113094 0.84354163 0.61984342
 0.537366   0.70438465 0.98537573 1.03875884 1.11209824 1.12650206
 1.0547421  0.91326119 0.74035024 0.73789578 0.91270802 1.08501706
 1.19933048 1.22155874 0.99909596 0.71166908 0.52982516 0.63884227
 0.84878504 0.98437249 1.01712518 1.10677304 1.12760944 1.04399754
 0.86536262 0.72719051 0.71617155 0.83217515 1.09226942 1.19393244
 1.22565034 1.01444772 0.74429384 0.59984984 0.56629086 0.85550054
 0.99357378 1.06048138 1.13016606 1.10288948 0.99810321 0.80415253
 0.700464   0.80020502 0.98513485 1.18947554 1.23706972 1.12186646
 0.92129314 0.63305879 0.55992999 0.7331901  0.93672015 1.02726526
 1.05046104 1.11511202 1.0609403  0.99085749 0.79461659 0.71412264
 0.80161773 1.05455792 1.17815044 1.24397836 1.12738272 0.8348807
 0.59873985 0.52870484 0.75111201 0.93918693 1.03457826 1.1162732
 1.1234434  1.0628369  0.88967074 0.77867633 0.71496829 0.90226437
 1.07964338 1.1952603  1.21577082 1.04085306 0.82480607 0.55256501
 0.58679313 0.80126931 0.93391736 0.99568299 1.12930884 1.12842806
 1.08755924 0.90258973 0.71890855 0.68074526 0.84300084 1.09860032
 1.19795254 1.25765914 1.05506752 0.76720778 0.57515444 0.61571382
 0.91403156 1.03524706 1.06195502 1.13818476 1.09223748 0.9497007
 0.74943224 0.67546116 0.83651837 1.01349353 1.1538572  1.24858684
 1.10866464 0.8102793  0.56781148 0.56849782 0.82748159 0.99111801
 1.06365964 1.11648028 1.08896832 1.04254674 0.8126915  0.73588217
 0.7778722  0.92378802 1.1403558  1.2313582  1.13215104 0.8935282
 0.58718867 0.53979646 0.73795097 0.89207934 0.97998184 1.04667608
 1.09948636 1.10599224 1.00070799 0.8076158  0.70453319 0.76414531
 1.03684154 1.1685261  1.2271931  1.15784982 0.86866641 0.63044858
 0.56209458 0.76651602 0.97857849 1.00958151 1.08841516 1.12663042
 1.06652876 0.90510892 0.72539879 0.74159659 0.90952275 1.08201758
 1.16803066 1.18452896 0.97509284 0.68515781 0.56660817 0.68490274
 0.88483379 0.98843563 1.07013846 1.11357184 1.10656064 0.99259514
 0.83271655 0.71536709 0.81132292 0.91794821 1.13388424 1.19812946
 1.19759924 0.95251533 0.65064266 0.52254466 0.61856398 0.89313611
 0.98695433 1.05410604 1.11067082 1.10497932 0.99503228 0.91910644
 0.69368485 0.75944247 0.98077603 1.09731818 1.21636756 1.1480112
 0.97086683 0.72603604 0.5767479  0.61426373 0.91492764 0.96733292
 1.06140438 1.12512568 1.07166164 0.99946597 0.82393912 0.71660828
 0.83331723 0.99391358 1.14978686 1.23618032 1.08311186 0.87245225
 0.60414467 0.60669874 0.78223656 0.93726412 1.01674692 1.07211068
 1.1246311  1.06647272 0.92268604 0.76289483 0.70652769 0.84329453
 1.0880427  1.18951214 1.22080844 1.06943358 0.78211537 0.54947039
 0.566527   0.82781537 0.98888305 1.04867838 1.13256616 1.1209639
 1.00494949 0.80949286 0.70777784 0.76243674 0.97874076 1.16058158
 1.25222102 1.1640952  0.94221493 0.64995503 0.52953396 0.70782156
 0.91897619 0.97637514 1.05405828 1.11986846 1.10099654 1.0261506
 0.83844063 0.71746489 0.73908462 0.91781169 1.12641884 1.21023228
 1.20857352 0.96629395 0.66303675 0.55789122 0.67129341 0.8964806
 0.99651331 1.05475018 1.13460266 1.09053076 0.96808712 0.78522021
 0.7028682  0.82417787 1.02171762 1.14168792 1.23942326 1.0727999
 0.86582888 0.58187153 0.59632509 0.79040097 0.93310051 1.02417812
 1.07777662 1.14296866 1.05351314 0.92999747 0.7542512  0.69587124
 0.83181185 1.08651502 1.21010312 1.23805732 1.05668766 0.79520097
 0.56238607 0.55777908 0.84131995 0.98275494 1.04677962 1.12771078
 1.1243035  1.0172582  0.81534501 0.71719551 0.74469134 0.96638418
 1.14636542 1.2432251  1.18364792 0.95114378 0.6587747  0.55243194
 0.68987425 0.91267469 0.98934559 1.02796992 1.09414646 1.08689074
 0.9953645  0.84309122 0.72245974 0.76719919 0.92715298 1.1482556
 1.22648366 1.17151624 0.96092069 0.64709006 0.50206286 0.64668806
 0.90007097 0.98046705 1.04822766 1.12609216 1.08250086 1.01184144
 0.8431379  0.70860224 0.81205701 0.9632375  1.1309639  1.20544028
 1.08982232 0.91290227 0.59706378 0.57655514 0.75038941 0.88312995
 0.99958511 1.06950874 1.13050786 1.08721762 0.95252139 0.79058715
 0.67987055 0.80170371 1.074693   1.18070604 1.27023952 1.12584052
 0.83693938 0.57766853 0.5700265  0.8316254  1.00626455 1.0075108
 1.1246685  1.11842328 1.0462091  0.83208274 0.69075112 0.73221125
 0.943052   1.13989676 1.20686408 1.21083582 0.90896105 0.63867886
 0.54658752 0.71064281 0.95594088 1.023228   1.07506446 1.1182929
 1.08670964 0.91522964 0.73709211 0.68136465 0.86333469 1.00183206
 1.21762904 1.17677348 1.05834073 0.73205279 0.57420291 0.62238328
 0.87117251 0.95504779 1.01636408 1.09914922 1.13661544 1.0640171
 0.88597892 0.71406476 0.6952553  0.83314105 1.11279284 1.1935775
 1.21178922 1.02931202 0.74812176 0.63956999 0.68516404 0.93265201
 1.01250108 1.06855782 1.13575366 1.12328828 0.92846737 0.71918023
 0.67193424 0.87676503 1.01867348 1.15426826 1.24148116 1.07870118
 0.79451586 0.59092626 0.54835601 0.8633663  1.04518676 1.08057756
 1.14648658 1.1174479  1.00962599 0.78910536 0.71134704 0.81839116
 0.94618912 1.1703363  1.24533316 1.15182874 0.86794619 0.5786201
 0.51748059 0.80949947 0.91674588 1.01476224 1.08108324 1.1393664
 1.09383918 0.94420248 0.74333552 0.70275954 0.82582438 1.08406492
 1.2031315  1.23382498 1.0710516  0.78452175 0.57758572 0.56844003
 0.8314228  0.98735654 1.05495522 1.13168072 1.1193938  1.02346622
 0.80864867 0.71822603 0.76126509 0.96624336 1.15367864 1.25054912
 1.17060198 0.94189749 0.66462784 0.54041385 0.69625703 0.92288489
 0.9778783  1.05906766 1.11093336 1.09128172 1.02539404 0.83716917
 0.70844454 0.73723004 0.92979251 1.14070958 1.21059018 1.19001948
 0.97657665 0.66331817 0.5479808  0.6664108  0.91552789 0.98870891
 1.06509842 1.13666244 1.08234704 0.98662468 0.79325789 0.7056131
 0.83018832 1.00928694 1.1376771  1.23383084 1.07117334 0.86387736
 0.56669404 0.60253636 0.79034093 0.94035972 1.01786022 1.07979856
 1.14148724 1.05128032 0.9392973  0.74481644 0.70852826 0.86529716
 1.09221986 1.19513856 1.2219416  1.07301384 0.78421203 0.54393789
 0.57468266 0.82667459 0.98892969 1.03219108 1.13236384 1.12022132
 1.0301437  0.8241952  0.70050291 0.75285965 0.95743902 1.14421748
 1.23997862 1.17350688 0.93746085 0.66776787 0.5421923  0.6867968
 0.90686115 0.99362445 1.01836866 1.09892694 1.10215426 1.00759547
 0.82889787 0.71142384 0.77310802 0.94377967 1.13855278 1.21296756
 1.19372208 0.94370903 0.67194094 0.50824291 0.62371011 0.87620734
 0.99772688 1.05651932 1.12112956 1.07759264 0.971439   0.84657857
 0.7180723  0.83756312 0.96759593 1.1209946  1.18758288 1.10578648
 0.95784016 0.63161045 0.58393409 0.68468029 0.86038494 0.99702841
 1.05006174 1.11742206 1.060996   0.95744692 0.86904995 0.70324665
 0.7930848  1.04218082 1.14056666 1.23151702 1.11325838 0.86911938
 0.65903379 0.66624679 0.77731472 1.01339191 0.98968502 1.09748574
 1.11057804 1.07126986 0.88189986 0.69357254 0.74667692 0.94242568
 1.07601428 1.15988698 1.18045374 0.93343399 0.6567224  0.57651891
 0.68250201 0.94957593 1.00905455 1.10268798 1.1492643 ]



*************************************************************
MODEL ERRORS (of CLIPPED predictions): 
 
[9.71391983e-03 1.16093270e-01 2.15010762e-01 8.13886747e-02
 4.94047441e-02 2.68966168e-01 1.23683132e-01 5.22776805e-02
 3.74602601e-02 2.16635019e-01 2.10163563e-01 1.21061936e-01
 1.12614170e-01 2.29661614e-01 4.05659986e-04 7.39616016e-03
 1.09511800e-02 6.83029965e-02 2.34486405e-02 6.14841543e-02
 7.03137815e-02 7.60809556e-02 1.86090004e-02 9.17746034e-03
 4.74744011e-03 9.85149816e-02 2.30459794e-02 1.07750483e-02
 1.24074079e-01 6.79753944e-02 2.98816059e-02 4.27645110e-02
 1.73253994e-02 2.22782996e-02 7.35284016e-03 3.68007384e-02
 9.40217986e-04 1.73614197e-03 3.82191166e-02 2.38018800e-02
 4.56659794e-02 9.15068388e-02 8.15407634e-02 6.40474819e-03
 7.23500177e-02 9.22121704e-02 5.64420410e-02 2.28035692e-02
 1.04906812e-01 6.77047996e-03 7.92284030e-03 9.78688374e-02
 1.09083004e-01 3.58468294e-02 4.92667295e-02 2.43709996e-01
 1.17784373e-01 3.55784819e-02 7.04499185e-02 1.50143385e-01
 1.51371121e-01 1.60514876e-01 1.12726800e-02 1.32899672e-01
 2.57345047e-02 5.53445406e-02 1.33277001e-02 6.46917373e-02
 7.37145990e-02 6.47416562e-02 1.29350364e-01 1.97275765e-02
 1.13090649e-01 1.63004193e-02 6.98600011e-03 2.79314406e-02
 1.30518317e-01 7.60286748e-02 4.10870463e-02 1.39134437e-01
 1.54673249e-01 5.85305616e-02 1.54340625e-01 2.83633191e-02
 1.58668935e-01 2.60796309e-01 1.97131053e-01 1.26086593e-01
 3.74671817e-01 3.28613162e-01 1.92484021e-01 4.18340601e-02
 4.13890362e-01 4.86078322e-01 2.83986241e-01 2.01157928e-01
 3.30499977e-01 2.41682604e-02 1.05740167e-01 4.59237583e-02
 1.63878407e-02 1.06311373e-01 1.85685381e-01 7.97872543e-02
 1.38090560e-02 1.55165374e-01 1.52076155e-01 1.05387643e-01
 3.59195992e-02 1.93044096e-01 2.13528588e-01 1.49211630e-01
 1.46063849e-01 1.55909508e-01 2.00302657e-02 4.08954397e-02
 6.31206017e-03 4.79734205e-02 5.56985699e-02 8.74044597e-02
 3.73030989e-03 3.75421997e-03 1.70268923e-01 1.12033397e-01
 1.02554642e-01 7.05177188e-02 1.81086287e-01 1.38515145e-01
 1.35640711e-01 1.53292388e-01 1.49558589e-01 3.50842215e-02
 5.66694215e-02 4.51975800e-02 3.36175412e-02 1.64297000e-02
 1.12510815e-01 8.08068588e-02 7.49977678e-02 3.39057203e-03
 3.90048809e-02 2.75168195e-02 4.53463197e-02 3.65397194e-03
 3.77529748e-02 9.31717083e-02 6.18043393e-02 1.63264628e-02
 7.35192224e-02 7.66775990e-03 4.17755581e-02 1.10486321e-01
 6.02204278e-02 5.93847185e-02 5.42083569e-02 9.64124054e-02
 1.08717680e-01 1.27899498e-01 1.34596797e-02 1.09951697e-01
 1.25144288e-01 1.40854821e-01 6.51325583e-02 8.30419511e-02
 2.78264619e-02 6.29700422e-02 3.00884191e-02 2.42272802e-02
 9.41452459e-02 8.57567191e-02 2.25164760e-02 1.50062770e-01
 2.79997624e-02 1.08704995e-02 6.42229989e-02 1.70074940e-01
 1.63519546e-01 1.07343733e-01 2.01463103e-01 2.52981424e-01
 2.56665908e-02 7.90569410e-02 9.60223824e-02 2.05245204e-02
 8.27150196e-02 2.38149077e-01 1.39395863e-01 5.36647998e-02
 2.32772574e-01 1.97186410e-01 7.85697773e-02 3.11030005e-03
 2.71349728e-01 3.17788899e-01 1.46813795e-01 7.38994107e-02
 3.07256967e-01 3.73757780e-02 1.25391399e-02 9.96679366e-02
 6.90248981e-02 2.61655208e-02 1.49365768e-01 8.67016315e-02
 3.99747491e-02 1.77245006e-01 4.38000001e-02 1.52113400e-02
 1.59270376e-01 2.38308638e-01 1.60589650e-01 5.65896789e-03
 1.70015529e-01 1.62913859e-01 1.59473403e-03 8.52745101e-02
 7.83565566e-02 4.65736613e-02 1.06545784e-01 2.00132072e-01
 1.72452182e-01 1.62621737e-02 3.67463052e-01 2.38867298e-01
 1.01898022e-01 7.83113614e-02 2.62668729e-01 2.75621861e-01
 2.06402257e-01 4.11197767e-02 3.24439377e-01 7.31806457e-02
 1.51429400e-02 3.86034213e-02 1.27608716e-01 5.92992269e-02
 9.61726457e-02 7.40718991e-02 1.92239285e-01 3.98961790e-02
 3.80360000e-02 6.39408827e-02 1.48523733e-01 1.22790411e-01
 1.06662147e-01 9.78156626e-02 1.29169017e-01 1.62257496e-02
 2.22935136e-02 2.74912994e-02 4.07859385e-02 5.33596016e-02
 2.83476133e-02 7.20650926e-02 2.26882491e-02 9.65121016e-02
 7.26658776e-02 5.79001009e-02 3.34673412e-02 1.21966578e-01
 1.07886329e-01 1.19778939e-01 9.42840949e-02 1.90743923e-01
 2.18697749e-02 2.70635709e-02 4.85160202e-02 2.45294794e-02
 3.71810608e-02 6.88639432e-02 2.52610799e-02 4.55777496e-02
 9.42600425e-03 5.56301586e-02 4.67345007e-02 8.47710371e-02
 2.89072208e-02 5.96893653e-02 6.76516071e-02 4.72629396e-03
 1.31863207e-01 4.57194112e-02 1.38664003e-02 4.70065810e-02
 4.14193198e-02 2.37096604e-02 9.05972421e-02 1.29060904e-02
 6.69346824e-02 1.03472680e-01 9.02377814e-02 8.77221599e-02
 2.83568595e-02 1.73217535e-01 1.87624976e-01 1.33905739e-01
 1.30709574e-01 1.13382638e-01 2.71707401e-02 1.76827405e-02
 2.93473806e-02 5.73366396e-02 4.23844196e-02 7.10476190e-02
 6.25356287e-02 9.62968767e-02 5.04636914e-02 1.07589597e-02
 6.32024035e-02 1.22384597e-02 1.25319203e-02 1.87204573e-02
 1.96972340e-02 6.73007295e-02 1.29556581e-02 7.71622583e-02
 2.05358192e-02 7.12979808e-02 1.11275218e-01 1.15852922e-01
 1.31115109e-01 1.19308783e-02 1.39387771e-01 1.31562993e-01
 3.95970605e-02 7.19077978e-03 2.02030092e-01 1.33490995e-01
 9.41853598e-02 1.46111593e-01 1.65531620e-01 3.59799787e-02
 4.10092399e-02 2.67161597e-02 1.12735823e-01 1.81089878e-01
 1.25898093e-01 5.92916757e-02 2.22694919e-01 2.29077622e-01
 1.04206838e-01 9.91267990e-03 2.20117018e-01 2.86997467e-01
 2.03449592e-01 1.27355382e-01 2.12392136e-01 3.17139290e-02
 2.71651074e-02 7.98669830e-02 1.72665399e-02 1.10354600e-02
 1.37972474e-01 6.25385344e-02 5.42504489e-02 1.12823442e-01
 7.60919377e-02 3.16579416e-02 3.00431605e-02 1.33421019e-01
 1.29125625e-01 1.16879955e-01 5.64399511e-02 1.75739706e-01
 3.00321616e-02 2.12128200e-02 2.11197007e-02 4.81461585e-02
 2.05994002e-03 5.19551560e-02 2.38527991e-02 6.10826816e-03
 7.47201368e-02 7.18424767e-02 5.86809404e-02 6.09798208e-02
 1.05395578e-01 1.63049757e-01 1.13455229e-01 2.66609881e-02
 1.24324277e-01 6.65757805e-03 5.03786979e-03 7.73813995e-03
 2.50129402e-02 6.26658574e-02 3.61087769e-02 1.41576296e-02
 9.57610980e-02 1.27319256e-02 2.78666010e-03 5.45772612e-02
 1.36926798e-02 5.79441991e-03 5.40453494e-02 1.22450860e-02
 1.30344838e-01 3.04656364e-02 4.65749204e-02 4.30575991e-03
 6.86627775e-02 9.17747989e-02 4.37049046e-02 5.41941524e-02
 1.85591094e-02 9.16593224e-02 1.44210309e-01 6.62382767e-02
 4.33397591e-02 1.17928229e-01 9.62960571e-02 1.11637734e-01
 2.45207176e-02 1.06476560e-01 4.92574601e-03 5.47571406e-02
 2.25507002e-02 2.87941806e-02 2.52931807e-02 2.59960406e-02
 1.71415731e-02 3.33958380e-02 5.94035424e-02 2.28304192e-02
 6.26866370e-02 1.49634823e-01 5.58477780e-03 6.91105798e-03
 1.44528523e-01 1.42845631e-01 1.17292060e-02 7.86711276e-02
 7.55284429e-02 8.07966013e-03 7.32786208e-02 2.11806700e-01
 1.28032044e-01 2.01089829e-02 2.96627969e-01 2.40685895e-01
 1.24021359e-01 1.24044821e-01 1.86971158e-01 2.84640700e-01
 2.67837554e-01 8.24296176e-02 2.33576149e-01 5.65449297e-02
 6.00060411e-02 2.26122197e-02 7.34751821e-02 3.51525582e-02
 4.20062728e-02 1.07299991e-01 5.07349446e-02 4.41331491e-02
 3.07617597e-02 1.98346004e-03 2.73334999e-02 9.04934183e-02
 7.97228143e-02 2.85057817e-02 1.01918213e-01 1.80526882e-01
 9.32763442e-02 8.51322114e-02 4.45416607e-02 1.13874599e-01
 1.97491825e-01 2.50384718e-01 2.06885133e-02 3.07426333e-01
 3.02517563e-01 1.66567013e-01 1.17489100e-01 2.69286126e-01
 3.99295956e-01 3.56052995e-01 2.62904502e-02 3.47011864e-01
 1.33970410e-01 2.82020792e-02 9.33486372e-02 1.61015205e-02
 6.73879986e-04 1.21183261e-01 7.97950029e-02 6.51230440e-02
 7.43122995e-02 1.39364719e-01 3.93037982e-02 2.65238807e-02
 9.65742990e-02 1.15071803e-01 9.10420194e-02 1.33402096e-02
 1.39899120e-01 4.37584110e-02 1.41845802e-02 9.11285803e-02
 2.27648001e-02 4.20153998e-02 1.11818731e-01 3.49896215e-02
 5.35972938e-02 1.49071693e-01 1.62516892e-01 6.86273798e-02
 6.23556413e-02 1.50811613e-01 1.74836919e-01 1.73768789e-01
 8.79171118e-02 1.46558493e-01 1.16243004e-03 1.96462795e-02
 5.33709414e-02 3.82931996e-03 5.76873384e-02 3.81058007e-02
 5.15089408e-02 9.19642299e-02 3.26221175e-02 1.54775800e-02
 6.00412413e-02 7.93720037e-03 3.24828215e-02 4.97312061e-02
 1.34546096e-02 9.29270759e-02 2.05469187e-02 6.13030195e-02
 3.23972404e-02 8.59564766e-02 8.96447822e-02 1.35885209e-01
 1.40388668e-01 2.05142498e-02 1.51833385e-01 1.28443494e-01
 1.78218596e-02 2.08021607e-02 1.61255345e-01 1.25713646e-01
 8.55799764e-02 9.85160396e-02 1.81092307e-01 6.52878508e-02
 3.39780413e-02 5.15016988e-02 1.16562203e-01 1.83628723e-01
 1.32285252e-01 3.47246602e-02 2.53294051e-01 2.30118468e-01
 9.32141989e-02 2.36046799e-02 2.31532872e-01 2.81363964e-01
 1.90251172e-01 1.45238429e-01 2.16575369e-01 3.68980616e-02
 3.13003063e-02 8.90471786e-02 1.83918793e-02 4.69892398e-02
 1.61395490e-01 5.62082715e-02 1.06935797e-03 1.68137223e-01
 1.08407237e-01 5.89210801e-02 3.62981819e-02 1.89546525e-01
 1.85949206e-01 1.28625631e-01 1.14745520e-01 2.02584952e-01
 6.34687999e-03 2.60658003e-02 3.00635193e-02 1.83754191e-02
 3.50212418e-02 4.06211242e-02 4.17946838e-02 5.58583476e-02
 6.12739968e-05 5.18401004e-02 8.53009988e-03 7.24094436e-02
 4.91158403e-02 1.02240503e-01 6.30199388e-02 1.93999987e-02
 1.22285858e-01 8.16474259e-02 1.23904999e-02 3.54131609e-02
 4.16029207e-02 3.13737616e-02 8.96494836e-02 1.17947580e-02
 3.76574397e-02 1.48542732e-01 7.38207772e-02 8.01104978e-02
 2.91913208e-02 1.18244126e-01 1.34954140e-01 1.77538529e-01
 5.95015585e-02 3.70350704e-02 7.22884983e-02 6.62706494e-02
 5.64345997e-03 5.12166210e-02 1.77383378e-01 1.32101551e-01
 4.55904938e-02 2.30024874e-01 1.70553073e-01 7.18520582e-02
 7.46510401e-02 1.32590622e-01 2.77231663e-01 2.15513587e-01
 2.77955793e-02 2.84618765e-01 1.05719738e-01 1.11251604e-02
 8.28263387e-02 8.72997567e-02 1.17619801e-02 1.81641191e-01
 1.44091882e-02 1.02298662e-01 6.25868514e-02 2.10106801e-02
 3.21795791e-02 1.70685515e-01 1.20325148e-01 1.48897365e-01
 3.96100692e-02 2.82124043e-01 7.58193880e-02 1.98136400e-02
 1.09948747e-01 3.55240218e-02 7.51978019e-03 1.69670045e-01
 1.33081228e-01 2.44667404e-03 1.93700433e-01 1.58091813e-01
 6.75629377e-02 3.16023990e-03 2.52092123e-01 2.67416447e-01
 1.29808903e-01 4.63686325e-02 2.78540194e-01 3.96688767e-02
 5.78085408e-02 1.56457186e-01 1.58439996e-03 4.36945185e-02
 2.40918562e-01 1.86059535e-01 5.95378168e-02 2.77011305e-01
 2.96231061e-01 9.21684578e-02 4.15625982e-02 1.73966542e-01
 3.14351201e-01 2.64802188e-01 7.82028884e-02 3.05478632e-01
 1.36158124e-01 2.78420597e-02 1.10714041e-01 4.61258218e-02
 3.24416794e-02 1.09623991e-01 6.42965734e-02 1.24409515e-02
 9.69801918e-02 4.76222187e-02 6.84995996e-03 8.48111585e-02
 1.46507815e-01 5.63520342e-02 3.69502306e-02 1.26491562e-01
 6.83708191e-02 1.77010391e-02 7.71737024e-02 6.68477193e-02
 3.58887203e-02 5.97210601e-02 1.33587509e-01 7.06197619e-02
 8.63891002e-03 2.34546810e-01 1.55724853e-01 3.05900406e-02
 3.86898592e-02 2.03431785e-01 1.69238001e-01 1.36384293e-01
 1.01857781e-01 2.09066674e-01 2.77021807e-02 6.36718003e-03
 6.30120784e-02 5.62688410e-02 2.87413993e-03 8.85127038e-02
 7.65299797e-03 5.09512834e-02 4.46106717e-02 1.46355601e-02
 3.91096016e-03 1.39664337e-01 1.20208733e-01 7.89558589e-02
 8.72922689e-02 2.15418503e-01 4.33906652e-02 3.56004387e-02
 9.93350670e-02 4.23476994e-02 2.87764203e-02 1.80587798e-01
 1.27090469e-01 2.53879149e-02 2.06134558e-01 1.82247236e-01
 9.64186564e-02 3.50166783e-02 1.44904539e-01 2.51527876e-01
 2.12887406e-01 3.67225893e-02 2.28386655e-01 4.32730392e-02
 1.39432000e-02 9.78519768e-02 3.64921801e-02 8.93110037e-03
 8.13303813e-02 2.61908900e-02 2.54713614e-02 6.40143752e-02
 6.29168972e-02 3.40697803e-02 5.32199591e-02 1.63429856e-01
 4.84247506e-02 2.81921253e-02 1.17432982e-01 2.30521355e-02
 2.63523702e-02 1.00353926e-01 8.91222432e-02 1.32462401e-02
 1.00248903e-01 2.08911717e-01 1.14864424e-01 5.61797917e-02
 3.30176592e-01 2.22525507e-01 1.00893080e-01 8.12690407e-02
 2.40647838e-01 3.39298427e-01 2.72853971e-01 5.16502447e-02
 2.74553269e-01 6.21159151e-02 6.35818169e-02 1.89435408e-02
 7.35240579e-02 3.02262399e-02 3.35855596e-03 7.65526295e-02
 3.65476683e-02 1.31979108e-01 5.04549816e-02 6.21076021e-03
 1.79358609e-02 6.18905388e-02 4.88054082e-02 1.07568704e-01
 8.34598392e-02 1.29253983e-01 3.54451202e-02 1.30491201e-02
 2.13303398e-02 7.63209835e-02 6.35975152e-02 8.80564004e-02
 4.02000137e-02 1.06520452e-01 1.47231445e-01 5.62495589e-02
 7.09567815e-02 8.50202590e-02 2.12070629e-01 1.63833797e-01
 5.02133407e-02 1.62117735e-01 3.22501659e-02 7.58164525e-02
 8.22967589e-02 1.62276793e-02 1.00626603e-01 4.59539965e-02
 5.02656214e-02 1.05332337e-01 5.96060604e-02 7.01371999e-03
 2.91821398e-02 2.50442605e-02 2.53898799e-02 2.88579445e-02
 3.89130488e-02 2.38800496e-02 4.86483984e-02 1.07194170e-01
 1.40460404e-02 4.87921983e-02 2.96502002e-02 1.10412776e-01
 1.11901872e-01 1.25303358e-01 1.19158462e-01 1.81952119e-01
 1.08052418e-01 9.08195004e-02 8.80068168e-02 2.33801886e-01
 2.75466532e-01 8.84707794e-02 2.37286702e-01 2.01681688e-01
 3.79093513e-02 1.29209712e-01 1.84591394e-02 3.56695615e-02
 1.54101834e-01 1.56958863e-01 2.07521133e-02 1.48370534e-01
 2.54531145e-01 1.23920478e-01 1.06240563e-01 1.46871746e-01
 2.85519540e-01 2.53397465e-01 1.18593358e-01 2.22322315e-01
 6.65642247e-02 9.18086916e-02 5.19976802e-02 1.08888596e-02
 5.82672209e-02 3.83207984e-02 1.90325603e-02 3.48640643e-02
 1.32475883e-01 7.90596567e-03 3.30740004e-03 3.18770409e-02
 8.36053565e-02 7.86398649e-02 7.82909170e-02 8.42636898e-02
 8.51045623e-02 2.83124857e-02 3.72779407e-02 5.81991998e-03
 3.28792818e-02 3.77530418e-02 5.64771891e-02 4.82658930e-02
 5.14494022e-03 6.30157217e-02 2.58553997e-02 4.05003987e-02
 1.27838060e-01 4.02126424e-02 4.35187817e-02 1.04675777e-01
 1.03947595e-01 6.17918856e-02 2.27269772e-02 3.82977799e-02
 4.19912413e-02 2.60110609e-02 1.14940509e-01 4.96872365e-02
 1.95752806e-03 1.50294602e-01 1.60390586e-01 5.49854003e-02
 5.28016016e-02 1.03898078e-01 1.72986582e-01 1.30961433e-01
 2.26151664e-02 2.13882044e-01 5.77867292e-02 3.28061879e-02
 4.92558591e-02 4.75523807e-02 1.89549606e-02 6.01735525e-02
 2.28475221e-02 3.39454971e-02 4.87586185e-02 1.95677206e-02
 4.99989390e-02 1.24208942e-01 1.29917666e-01 8.62871110e-02
 5.58766015e-02 2.25305527e-01 4.34463322e-02 7.85160158e-03
 1.26282215e-01 1.94716000e-03 1.99587606e-02 1.57947868e-01
 1.52086049e-01 5.21665215e-02 1.71341956e-01 2.10043907e-01
 1.09619342e-01 3.98518592e-02 2.11977605e-02 2.37012967e-01
 2.34550774e-01 1.19995512e-01 1.35199115e-01 1.46129310e-01
 3.32756750e-02 2.90424395e-02 1.30626801e-02 1.51674803e-02
 1.07174199e-02 5.04315607e-02 4.91890404e-03 1.37002422e-02
 5.68637578e-03 6.90538213e-02 5.61370403e-02 1.12787299e-01
 3.65425535e-02 9.54860225e-02 1.42125487e-01 1.84128955e-02
 3.81387509e-02 1.08627398e-02 5.44209816e-02 1.63026191e-02
 6.15837611e-02 1.18866928e-01 3.57080624e-02 1.40155517e-02
 2.22448751e-01 1.22453824e-01 3.88590582e-02 6.48484230e-02
 1.76974043e-01 1.73541054e-01 1.62830800e-01 6.17751293e-02
 2.31408641e-01 1.93880908e-02 2.86981799e-02 3.05080805e-02
 5.15727997e-02 2.04598196e-02 3.58765312e-02 1.99764017e-02
 1.74039404e-03 2.57484093e-02 1.93900000e-02 2.90014595e-02
 8.58972594e-02 2.22326200e-02 1.98519640e-02 4.34745736e-02
 9.64794457e-02 2.67778561e-02 5.95705397e-03 9.94409695e-02
 9.54816025e-03 2.10879999e-03 1.38688505e-01 1.55683979e-01
 5.12888283e-02 1.20145760e-01 2.41342470e-01 1.16382681e-01
 8.32781196e-02 7.36268982e-02 2.28049472e-01 2.07812414e-01
 8.33011121e-02 2.32739851e-01 1.42468408e-01 4.36123572e-02
 4.42401804e-02 7.90533982e-03 1.05581600e-02 5.49399992e-04
 4.31209803e-02 1.14578102e-02 2.26337872e-02 3.83273996e-02
 3.05313598e-02 5.88977188e-02 8.02066773e-02 7.55285192e-03
 8.10346566e-03 1.18360043e-01 9.48048979e-02 3.35099362e-02
 4.21510153e-02 8.17800984e-02 4.52983985e-03 5.10756411e-02
 1.91007286e-01 1.23282261e-01 1.60901379e-02 2.38533631e-01
 2.38698587e-01 7.41579235e-02 1.00346662e-01 1.50931507e-01
 2.50014335e-01 2.64278859e-01 3.29741947e-02 2.60157764e-01
 8.53827149e-02 4.37990800e-02 6.99611986e-03 5.12928404e-02
 9.29406006e-03 2.72187162e-02 4.96054068e-02 5.46214208e-02
 6.26387745e-02 3.71847786e-02 2.62823198e-02 3.41364816e-02
 2.64823604e-02 4.59117852e-02 4.18381803e-02 4.76994412e-03
 8.31898227e-02 4.62622605e-02 2.13619191e-02 3.81323211e-02
 6.58005029e-02 1.78866908e-02 3.68907787e-02 8.28300035e-05
 7.00432807e-02 9.71983224e-02 6.17779791e-02 6.55136034e-02
 6.19362015e-03 1.21840529e-01 1.13090642e-01 1.29911885e-01
 7.16783702e-02 5.63455373e-02 5.98812923e-02 3.84217799e-02
 4.31597382e-02 7.99007565e-02 8.15811977e-02 2.48599425e-02
 7.05592036e-02 1.66377634e-01 5.92782209e-03 3.35194990e-02
 7.97306597e-02 6.37594610e-02 3.90145183e-02 1.21813022e-01
 5.65120988e-02 1.94304269e-02 7.31122047e-02 1.03544652e-01
 6.26570433e-02 5.96627407e-02 1.04929850e-01 1.87896416e-01
 2.23724544e-01 1.55070703e-02 2.03751788e-01 1.85879901e-01
 8.78539011e-02 4.71937982e-03 1.91222861e-01 2.58335948e-01
 1.13150053e-01 1.54796213e-01 2.67228693e-01 1.44620150e-01
 1.18036188e-01 5.53771593e-02 1.26358062e-01 2.13570714e-01
 2.64397144e-01 1.83023736e-02 3.04367781e-01 3.63809794e-01
 1.96401402e-01 8.12105611e-02 3.33725005e-01 4.92998362e-01
 4.01150495e-01 5.25499620e-02 3.82671952e-01 1.26076341e-01
 1.96748006e-04 1.34090602e-01 7.13559985e-03 1.05457997e-03
 1.86871916e-01 1.28439575e-01 7.74893463e-02 1.40974283e-01
 1.69142693e-01 3.38719413e-02 5.47378212e-02 1.66124418e-01
 1.45098180e-01 9.71867815e-02 3.47927795e-03 2.07525820e-01
 8.68136212e-02 1.53444996e-02 9.94314402e-02 6.98487014e-02
 1.21044442e-01 1.65813193e-01 3.05518117e-02 1.78420290e-01
 2.37398103e-01 2.15382740e-01 9.07933563e-02 7.01439828e-02
 2.85276175e-01 2.20095292e-01 1.15384713e-01 2.17534259e-01
 1.09731674e-01 1.10211177e-02 9.86854210e-02 2.72371806e-02
 1.32357599e-02 7.86451697e-02 1.18090712e-01 7.30525404e-02
 1.27264122e-02 1.91056252e-01 4.60473597e-02 2.59127002e-02
 2.17667203e-02 1.44279122e-01 1.06415600e-01 1.57097369e-01
 6.11739717e-02 8.68087932e-02 1.13747204e-02 5.39563783e-02
 1.52660599e-02 1.15398876e-01 5.65098897e-02 2.84610093e-02
 9.93513465e-02 1.04945600e-01 1.46162421e-01 1.17337741e-01
 2.38382407e-02 1.38253331e-01 1.59894601e-01 1.55506402e-01
 7.56199062e-02 8.65979865e-02 8.86435211e-02 7.86826611e-02
 4.94907983e-03 1.66222993e-02 1.14622310e-01 7.69073665e-02
 6.55701989e-03 2.11385474e-01 8.61514211e-02 6.46928996e-02
 7.81527609e-02 1.05771162e-01 1.88164219e-01 1.98617637e-01
 3.70357893e-02 2.64799297e-01 7.21319579e-03 3.42360586e-02
 3.78117412e-02 3.93857993e-02 4.71856818e-02 8.33665021e-03
 3.56586790e-03 3.65227391e-03 4.87474576e-02 2.71097794e-02
 1.36743002e-02 6.98895231e-02 1.10430997e-02 2.74174195e-02
 7.31711090e-02 8.92075226e-02 3.29224505e-02 1.11543201e-03
 9.93996114e-02 2.55101989e-03 6.70599984e-04 1.10479280e-01
 1.37594298e-01 3.36286984e-02 1.12397738e-01 1.96764052e-01
 8.96128416e-02 6.86001182e-02 8.74986202e-02 2.06038207e-01
 1.63325995e-01 4.04352918e-02 2.26573810e-01 1.17478102e-01
 3.68253961e-02 6.63921386e-02 1.87832396e-02 1.61702801e-02
 2.81791594e-02 6.27244040e-02 1.57016795e-02 1.21324003e-04
 2.13703979e-02 3.46598006e-03 4.44743186e-02 1.21782221e-01
 5.43424487e-02 3.38341594e-02 8.78355205e-02 1.55477419e-01
 1.95070393e-02 2.80702487e-02 1.20548777e-01 6.68023992e-03
 5.77189587e-02 1.91780314e-01 1.66163802e-01 4.03129533e-02
 2.38396227e-01 3.00955981e-01 1.10764399e-01 1.05821937e-01
 1.16319060e-01 3.02963853e-01 3.32552493e-01 8.66294503e-02
 2.59866714e-01 1.65018961e-01 3.70496809e-02 4.93264012e-03
 4.03236598e-02 5.58675788e-02 3.32006104e-02 2.46466305e-02
 1.09302565e-01 1.89817119e-02 8.51313956e-03 4.11930606e-02
 3.28641012e-02 2.27694004e-03 1.53415557e-02 2.81739403e-02
 3.73888165e-02 6.84387013e-02 6.70478120e-02 1.60577204e-02
 5.09464592e-02 7.35202208e-02 9.12229270e-02 9.30976421e-02
 1.16919484e-02 1.34382367e-01 1.62201479e-01 6.95457235e-02
 5.69554791e-02 1.13615580e-01 1.92690983e-01 1.67517439e-01
 4.04375717e-02 1.99329332e-01 8.60978663e-02 2.33470518e-02
 1.22297637e-01 9.29666031e-03 9.03144013e-03 1.02396853e-01
 9.03581604e-02 4.38982993e-02 6.76618144e-02 1.60340041e-01
 7.21971169e-02 7.81111419e-02 1.04809679e-01 1.81520239e-01
 1.53399110e-01 2.61226445e-02 2.39724278e-01 1.20434418e-01
 2.98634004e-02 7.89572820e-02 1.10737598e-02 3.02346591e-02
 5.19383736e-02 1.04710430e-01 4.25248928e-02 9.84608009e-03
 1.29430175e-01 9.05108973e-02 1.05097219e-01 1.34347996e-03
 1.85156614e-01 1.07933156e-01 1.14310823e-01 1.63077459e-01
 1.32871181e-01 3.60850915e-02 7.70910606e-02 1.75506005e-03
 5.73047996e-02 1.39310323e-02 1.18699282e-01 3.55069302e-02
 4.22188779e-03 3.28513794e-02 5.66074401e-02 4.55255806e-02
 2.54987199e-02 6.07479550e-02 1.03936777e-01 2.06696138e-01
 3.66705805e-02 1.25605101e-02 1.91141572e-02 2.21127607e-02
 4.33305977e-03 2.44840402e-02 6.26117140e-02 5.46184294e-02
 5.19308858e-02 1.29923671e-01 1.16661200e-02 5.59639186e-02
 1.18372858e-01 1.93651110e-01 1.29236206e-01 4.96142134e-02
 2.32178599e-01 1.26915857e-01 2.53415219e-02 1.56381994e-01
 4.02367003e-02]

*************************************************************

