THIS FILE CONTAINS  cv_cross_val_predict() predictions FOR THIS CURRENT CONFIGURATION.
		 It can be used to verificate obtained results.





---------------------------------------------------------------------------------------------------------
FINAL y_pred (clipped).  FINAL PREDICTIONS USED TO CALCULATE SCORE METRICS
			 (mean over several cross_val_predict() executions)
---------------------------------------------------------------------------------------------------------
[1.160413   0.96821386 0.83984165 0.70664608 0.65634161 0.89992755
 1.1163037  1.16532548 1.22972898 1.00618652 0.73487689 0.57849859
 0.60451259 0.9512064  1.02163289 1.09161182 1.13692288 1.09000516
 0.92020826 0.74038184 0.71729235 0.90528147 1.04376512 1.17482764
 1.2440447  1.09541588 0.79487196 0.53402021 0.5969034  0.87150522
 0.99544348 1.02728688 1.08446992 1.11957112 1.05298568 0.91025483
 0.73377511 0.72418056 0.91850666 1.11049432 1.2071499  1.26221856
 1.0257988  0.7321127  0.54383641 0.5658491  0.86270097 0.95111933
 1.01692082 1.14394374 1.15193162 1.11605978 0.87058746 0.73566065
 0.64475054 0.88790634 1.10057484 1.13757844 1.22371298 1.05754954
 0.78214944 0.54722606 0.53017091 0.86304782 0.99990108 1.0417274
 1.1383742  1.0987467  1.01526214 0.82478449 0.72657256 0.77890813
 0.97538744 1.15761416 1.22965622 1.19979254 0.92806186 0.66256706
 0.50854122 0.70099759 0.92086784 0.97166121 1.01139607 1.1396022
 1.1254899  1.07369584 0.8598377  0.68965735 0.67498232 0.89717561
 1.11517932 1.19435882 1.2374255  1.01058351 0.70744411 0.58281732
 0.63468988 0.95521014 1.00614975 1.07402124 1.13003562 1.1262878
 0.95551601 0.73135621 0.73700693 0.93106883 1.07109012 1.12766228
 1.22932078 1.07718658 0.81478245 0.56285589 0.59422393 0.87233141
 0.99537714 1.03606156 1.1124443  1.13252722 1.03901888 0.86878494
 0.72157163 0.78371226 0.91579451 1.1002053  1.21430744 1.26128982
 0.94848455 0.64525643 0.54241223 0.68545886 0.88823472 0.97068986
 1.01678112 1.11257268 1.13724718 1.03411163 0.91939769 0.71779478
 0.69478805 0.96293006 1.12831502 1.1852362  1.19957236 0.99017213
 0.71168718 0.60260264 0.66872022 0.97524679 0.97029155 1.09360456
 1.11374772 1.1212165  0.95043928 0.68799601 0.70636231 0.94899896
 1.07922552 1.14179206 1.21660058 1.03691326 0.80717648 0.56838967
 0.58615635 0.91237046 0.98826623 1.12657072 1.18175376 1.14569396
 0.93582601 0.70853276 0.70827613 0.86502624 0.95786888 1.20242938
 1.17478718 1.14563372 0.70422165 0.51217668 0.61789111 0.96088232
 0.94715537 1.0733266  1.11045706 1.12582314 1.01833726 0.84884566
 0.67471675 0.76039761 0.87935929 1.13284332 1.2314506  1.24370208
 0.96817419 0.64868321 0.51585447 0.5801548  0.96010652 0.98427529
 1.02544159 1.13491444 1.13454842 1.031844   0.87294736 0.71573326
 0.78140161 0.95306203 1.13749594 1.22022362 1.13743572 0.93666558
 0.7090296  0.55060416 0.64493383 0.92117913 0.95344631 1.02107644
 1.12782818 1.11947068 1.06342416 0.90152024 0.6967521  0.67719955
 0.92527054 1.12989824 1.17476418 1.23133008 0.98482379 0.74891101
 0.57936484 0.60113953 0.93902779 1.00434413 1.07264366 1.14254322
 1.09317342 0.92747498 0.73797145 0.73487572 0.91092742 1.04405958
 1.18001102 1.23882018 1.08462434 0.76401841 0.52332557 0.62024959
 0.8476859  0.98796054 1.0180387  1.06611578 1.1162871  1.05530176
 0.92930899 0.73221897 0.71450987 0.8869734  1.10931318 1.1926067
 1.2679991  1.050806   0.73277898 0.53169299 0.52871532 0.83782697
 0.96250657 1.01712505 1.12040354 1.14736128 1.09546568 0.88062194
 0.75817643 0.65170699 0.90513562 1.10141422 1.13655242 1.18278408
 1.04851136 0.7927829  0.57492081 0.53285973 0.83644374 0.99400451
 1.03177694 1.13817096 1.12021242 1.04718374 0.86216713 0.7222772
 0.71702461 0.95073376 1.13042128 1.20250048 1.18809332 0.9831225
 0.72118245 0.53326906 0.59426987 0.9393316  0.98427682 1.00613865
 1.1372302  1.1135507  1.09552768 0.91284673 0.72431527 0.64525358
 0.84832955 1.11215364 1.16451628 1.22619608 1.05800802 0.76961815
 0.58972929 0.60136093 0.9419608  1.00883188 1.08824636 1.13022192
 1.11872262 0.9544304  0.76132781 0.67293111 0.88575241 1.04568098
 1.16408548 1.257182   1.14844068 0.79974848 0.58310065 0.55012435
 0.90192421 1.01321634 1.0469686  1.15434074 1.10276154 1.04476754
 0.78900457 0.71499384 0.77555016 0.94566412 1.15792254 1.23413604
 1.22713236 0.96767478 0.61343423 0.48111652 0.78738574 0.94899737
 1.00677565 1.0451726  1.14468366 1.08900408 0.96906829 0.75830018
 0.69241998 0.83251061 1.09801664 1.19705188 1.2462838  1.1172183
 0.79249301 0.55845618 0.51811048 0.81096191 0.96946672 1.03002822
 1.12932922 1.12319762 1.03643616 0.83068645 0.75272348 0.70881981
 0.93922753 1.12686014 1.2269505  1.20064372 0.96566403 0.74338003
 0.51369871 0.65455097 0.89846469 0.98264514 1.01204494 1.1297194
 1.12346612 1.07468406 0.89887168 0.70595206 0.6548379  0.86113335
 1.12622304 1.18005262 1.22483604 1.05878246 0.73839356 0.58064128
 0.60616566 0.9621538  1.02256258 1.11088764 1.12866328 1.12958378
 0.94947352 0.73718342 0.67587128 0.89198206 1.02729056 1.168206
 1.23994744 1.11097174 0.80236135 0.58595982 0.54781986 0.86109725
 1.02573446 1.06390416 1.15219712 1.10823576 1.01580653 0.75459029
 0.70762436 0.80922603 0.95731721 1.14846488 1.22182582 1.1861056
 0.98037403 0.59204242 0.53528128 0.86316092 0.96573105 1.03772218
 1.07235402 1.15604148 1.07348554 0.927505   0.7282315  0.70840269
 0.89514635 1.11230734 1.22157246 1.27768472 1.02562583 0.75683584
 0.51843676 0.52714657 0.86808695 0.97915206 1.01682274 1.13807372
 1.13623936 1.0522367  0.84139618 0.74471195 0.68860751 0.92801456
 1.13532246 1.18742188 1.22356894 1.01567455 0.75193079 0.51837236
 0.5674319  0.88113891 0.96002456 0.99446078 1.13025246 1.12297198
 1.11497626 0.88714461 0.73339076 0.61736782 0.86071804 1.09820386
 1.14248408 1.23489772 1.07133802 0.78162146 0.590351   0.55639558
 0.87052587 1.0302257  1.06123146 1.13615246 1.11516248 0.97317558
 0.78235552 0.69096553 0.82307746 1.00192145 1.17427816 1.25569538
 1.16872208 0.84703739 0.6209755  0.53710963 0.7866335  1.00575926
 0.99964653 1.0879661  1.1079545  1.0815075  0.93793376 0.75109962
 0.71596211 0.8564647  1.05589186 1.2054965  1.19061822 1.06522554
 0.72680874 0.57528773 0.58225684 0.84492813 0.95935371 1.00610122
 1.13066114 1.14534682 1.11326078 0.89089128 0.73315083 0.63289933
 0.85259835 1.10848092 1.171633   1.22741698 1.06794854 0.75630007
 0.58291246 0.59198813 0.92019499 1.02812444 1.07945758 1.1323606
 1.11854696 0.98178183 0.76937132 0.6728114  0.85394894 1.04414936
 1.16810406 1.2355     1.14200554 0.83209393 0.59044701 0.55990791
 0.87893701 0.99506616 1.03686254 1.13836736 1.10538102 1.0471542
 0.79836947 0.71842496 0.75999129 0.95395321 1.14361154 1.23986416
 1.1964179  0.97328992 0.60938432 0.47699157 0.77609455 0.96329602
 0.99858286 1.03224288 1.13663396 1.10268938 0.96276579 0.75429749
 0.68907161 0.83267697 1.08105432 1.19001966 1.25479304 1.1264348
 0.80889505 0.56103818 0.51064961 0.80429535 0.97575265 1.02669848
 1.12685162 1.13760828 1.04379046 0.83758836 0.75173733 0.71719074
 0.95587563 1.11624052 1.22611406 1.22158852 0.99440427 0.79598945
 0.50173836 0.61328716 0.89463388 0.95039967 1.01505716 1.13327654
 1.1162763  1.11948104 0.91050215 0.72046927 0.64299527 0.84675731
 1.10446436 1.15438218 1.23477688 1.08644244 0.76529195 0.57523972
 0.5937308  0.90444708 1.03657922 1.07957576 1.13450698 1.10621246
 0.95699869 0.72598895 0.65840979 0.89162746 1.05327014 1.1712461
 1.24868628 1.10147808 0.76135441 0.57352373 0.54966654 0.86469405
 1.00639366 1.05113448 1.15999378 1.09638606 1.04124332 0.73565821
 0.70350464 0.77424399 0.99181032 1.14691046 1.25238142 1.15647532
 0.96059673 0.5676781  0.51420487 0.86394677 0.98817866 1.03583152
 1.0818015  1.13122182 1.0675895  0.91417667 0.71994164 0.71256244
 0.89953502 1.11679768 1.23703006 1.2758166  1.03718754 0.72893378
 0.52005786 0.54552667 0.88559732 0.97052358 1.0355027  1.13577208
 1.14364706 1.08591638 0.86362585 0.7448187  0.64255111 0.89649437
 1.1069812  1.15951258 1.23559672 1.04149158 0.7705646  0.54538668
 0.53148437 0.86537737 1.00605298 1.02094346 1.14600334 1.11966066
 1.04528552 0.85288325 0.72629874 0.68851728 0.92120082 1.1328727
 1.18278382 1.19015336 0.99203084 0.739246   0.5040623  0.58631496
 0.91918869 0.99038357 1.02095302 1.14353076 1.09878286 1.1052794
 0.89166588 0.74763934 0.63196102 0.87068023 1.1150584  1.1408668
 1.24103406 1.06912682 0.7805434  0.57946231 0.56188541 0.85571023
 1.0143516  1.05809864 1.14214526 1.09234748 0.99512421 0.78777036
 0.6749574  0.83308045 1.02833512 1.1709555  1.2451598  1.15613336
 0.81756952 0.58668807 0.53178502 0.80990463 1.01817326 0.99686787
 1.10602128 1.0904855  1.09142532 0.94752275 0.74317565 0.70122076
 0.83392243 1.0176369  1.19995622 1.24324612 1.11328432 0.81214136
 0.53360442 0.47668534 0.81335634 0.95761466 1.0217217  1.12696514
 1.1186664  1.10836158 0.88419794 0.78483463 0.63796624 0.85558512
 1.10026558 1.15628286 1.2359873  1.08575674 0.8360624  0.62146631
 0.51574834 0.74134509 0.98200059 1.02074808 1.13516792 1.12054058
 1.05520658 0.89142868 0.7197674  0.73788664 0.92618174 1.11423802
 1.23803382 1.23723434 0.981602   0.71001526 0.49193598 0.67051502
 0.89423969 0.96436239 1.02236907 1.11688164 1.12761606 1.08227834
 0.87703761 0.71178011 0.71180797 0.85665697 1.1224518  1.17802598
 1.24065064 0.99813417 0.72644339 0.58007339 0.55426767 0.90012345
 1.00239671 1.05533962 1.1271573  1.11707592 0.98910264 0.77747847
 0.70529919 0.83252328 1.01978624 1.17093652 1.22455016 1.13754406
 0.86854785 0.60158887 0.5504378  0.76532508 0.96448526 1.00753119
 1.04373532 1.1223565  1.07233578 0.99536398 0.78018525 0.6977647
 0.83622494 1.0692644  1.18848042 1.2581166  1.13876616 0.82291742
 0.56226179 0.5169074  0.78022463 0.95515295 1.01356228 1.11843146
 1.1112664  1.0724037  0.85463725 0.77122636 0.70870844 0.91577276
 1.10305588 1.23004826 1.22112906 1.00031604 0.80085379 0.50510691
 0.59864899 0.87192655 0.93272639 1.01135089 1.1273294  1.12676198
 1.1049429  0.87691489 0.71019217 0.66359523 0.85411797 1.11350358
 1.18716648 1.24713646 1.06422174 0.77672464 0.55144309 0.57570188
 0.92629745 1.04852526 1.09584026 1.13753118 1.10936052 0.91492283
 0.73343409 0.68071828 0.8913143  1.05921548 1.17901346 1.26426286
 1.10427672 0.76324212 0.52439631 0.56849812 0.89696381 1.01053034
 1.05489176 1.1331745  1.08676018 1.04859924 0.77905482 0.7295745
 0.79127643 0.9264969  1.14162496 1.21951638 1.19086968 0.9593543
 0.56134672 0.53962042 0.81185252 0.92477727 0.98879061 1.02229182
 1.11930532 1.11075094 0.99731276 0.79276883 0.69002827 0.76966552
 1.02187106 1.1619011  1.23719252 1.18463164 0.87472809 0.60143153
 0.54740198 0.75534617 0.97784318 0.98183567 1.11278072 1.12375164
 1.09792292 0.88874597 0.70211105 0.75356346 0.94590451 1.1270374
 1.18480686 1.18654212 0.94737339 0.64613179 0.54486416 0.6924429
 0.95230974 0.97628459 1.10525866 1.11994056 1.11692206 0.97896259
 0.80854609 0.68560167 0.80421214 0.92981812 1.15146978 1.23927698
 1.20746298 0.91441604 0.58619203 0.47395994 0.68555166 0.95235279
 0.95369664 1.09434984 1.13071178 1.14012962 0.97978228 0.89013821
 0.69974596 0.74252234 0.99213579 1.14035292 1.2053982  1.13190482
 0.97274358 0.70343853 0.57702657 0.61169434 0.95311687 0.98069667
 1.07206072 1.1251538  1.0987242  0.97798598 0.78150724 0.72580501
 0.87212564 1.03348218 1.1599387  1.23680988 1.06249726 0.78927792
 0.51687507 0.62169983 0.86421658 0.92491723 1.03642032 1.07545546
 1.1488604  1.0725259  0.91335538 0.73077552 0.6890614  0.86940759
 1.1156421  1.19791182 1.25108724 1.05819456 0.7707721  0.51371348
 0.54473352 0.87511711 1.00218498 1.05072764 1.14046082 1.11124586
 0.99527165 0.77559647 0.70932608 0.77910944 0.99799348 1.17535014
 1.26628158 1.17541508 0.86811789 0.59950024 0.50659521 0.72466077
 0.95978685 0.97624763 1.06469376 1.1259872  1.11387902 1.0503851
 0.8326537  0.6948201  0.7215991  0.91548461 1.1294981  1.17303772
 1.21417038 0.94725138 0.65376564 0.56741688 0.66350525 0.93613493
 0.99644575 1.07540922 1.13494538 1.10283554 0.9392696  0.76001847
 0.72244242 0.84537643 1.066255   1.16406468 1.22801768 1.05592296
 0.80904061 0.53439716 0.57773761 0.86617672 0.91939054 1.03145116
 1.07443514 1.16137556 1.08053656 0.92754455 0.73457758 0.68722728
 0.84770223 1.111334   1.21546584 1.25777636 1.0769672  0.79205012
 0.5247968  0.53693225 0.87222174 0.98871245 1.04626732 1.13268698
 1.11629894 1.00633618 0.7837149  0.71222483 0.76497685 1.00722747
 1.15424948 1.2425468  1.19176434 0.90440315 0.61434971 0.53223231
 0.69536167 0.96752364 0.99232497 1.03565568 1.12006896 1.10760362
 1.00608543 0.8315645  0.70508708 0.75319569 0.94508135 1.1588004
 1.22417246 1.19841482 0.92929459 0.63962736 0.50691433 0.64661344
 0.9430751  0.97725452 1.04792294 1.12543038 1.11451528 0.98481617
 0.80028128 0.70139309 0.82995377 1.01103396 1.15369786 1.20052522
 1.07521274 0.88424822 0.55348005 0.59295448 0.81141693 0.89577006
 1.00277355 1.08613318 1.13730532 1.08901112 0.93906399 0.78578639
 0.67210333 0.83317624 1.08141642 1.17842908 1.26268222 1.13401764
 0.83375228 0.54927505 0.53679335 0.8257349  1.00241913 1.00964715
 1.13004392 1.12160932 1.03600476 0.81663231 0.68831211 0.75523837
 0.96840392 1.15019582 1.21863762 1.21686164 0.90116786 0.6743453
 0.52480229 0.74393569 0.95714783 0.99237074 1.09688098 1.130157
 1.08912672 0.88550297 0.7462579  0.71518797 0.86678153 1.036217
 1.21993816 1.23130278 1.13478508 0.70538365 0.56859289 0.67875561
 0.93897079 0.9298002  1.00394277 1.12343542 1.14085136 1.08486636
 0.88175399 0.70195683 0.65668936 0.86579082 1.1308287  1.15816636
 1.2374337  1.02273718 0.74442539 0.63023313 0.62597106 0.96969704
 1.03737138 1.0954583  1.13279844 1.1247637  0.93631585 0.69008826
 0.69860957 0.93363696 1.05506848 1.1365291  1.25330914 1.06565628
 0.81340556 0.54489583 0.54327663 0.91768275 1.01847744 1.07731808
 1.15962954 1.1034508  0.99927977 0.77621291 0.71326609 0.82553379
 0.96151872 1.17551062 1.25414336 1.22919002 0.84900128 0.5660079
 0.47264429 0.87513791 0.91946097 1.02553238 1.06312254 1.14557316
 1.09228612 0.92244325 0.71500726 0.68265921 0.85785865 1.1137307
 1.20140448 1.2587799  1.04642132 0.78875315 0.5378002  0.55062981
 0.86688465 1.00288569 1.05510986 1.13773722 1.120734   0.99940014
 0.78707525 0.71209145 0.77854808 1.00194104 1.18659488 1.2563226
 1.17955032 0.87287875 0.6036847  0.50763045 0.74309845 0.97349823
 0.97195841 1.06964614 1.12138276 1.1111968  1.02649827 0.83011776
 0.67980984 0.72032943 0.95590611 1.13826826 1.17771612 1.20509578
 0.94122351 0.63533839 0.54827312 0.65794683 0.95459409 0.99478312
 1.07007762 1.14171648 1.11016446 0.98195248 0.75460527 0.71883176
 0.89067262 1.03218196 1.1447837  1.23616818 1.04763126 0.81928209
 0.52318247 0.59653579 0.88114146 0.92509185 1.02559747 1.0659127
 1.15094472 1.0641584  0.92679797 0.73855262 0.69352407 0.86770865
 1.11642126 1.20649496 1.25535532 1.07679412 0.7694063  0.51066801
 0.55408159 0.85686675 0.99435377 1.02953432 1.13411976 1.12103726
 1.00931693 0.79507114 0.71057977 0.7588518  0.984908   1.16687718
 1.24764516 1.19063292 0.89890402 0.61236618 0.53955421 0.71832955
 0.94930431 0.99068515 1.03097958 1.11997326 1.10723678 1.02888726
 0.81417875 0.69575031 0.77313984 0.9466742  1.1268955  1.2003441
 1.21449588 0.94134103 0.63811886 0.52724594 0.6283042  0.90249497
 0.99113347 1.07162376 1.13664632 1.1171959  0.96596612 0.84286955
 0.7083777  0.86282893 1.02854052 1.12947694 1.20248586 1.05926026
 0.94137011 0.5652297  0.58638814 0.7615883  0.89890003 1.00568707
 1.06161914 1.11066264 1.09390104 0.94246312 0.84731576 0.69089241
 0.78389744 1.03742962 1.1449678  1.24287688 1.17872996 0.88185341
 0.64291115 0.61909629 0.74319591 1.00109453 1.00805685 1.09575406
 1.1206707  1.07292696 0.86155456 0.66280226 0.76236335 1.02714331
 1.10961172 1.16919594 1.18788688 0.90732909 0.68149287 0.5288792
 0.72782667 1.0086219  0.96859362 1.14152986 1.15519814]



*************************************************************
MODEL ERRORS (of CLIPPED predictions): 
 
[2.69044004e-02 1.96357548e-01 1.91747844e-01 8.39365274e-02
 1.75522547e-02 2.56073266e-01 1.43401325e-01 3.22313793e-02
 5.58329783e-02 2.14880377e-01 2.13256851e-01 1.36987358e-01
 8.40522796e-02 2.70203084e-01 1.43384859e-02 2.74919197e-02
 1.74916796e-02 6.22765385e-02 5.09719700e-02 8.92826095e-02
 7.85321072e-02 1.37580097e-01 1.11899199e-02 8.76444019e-03
 1.03430999e-02 1.00184418e-01 8.08434561e-02 7.85006061e-02
 1.39907211e-01 1.31203741e-01 6.30501984e-03 3.77030298e-02
 1.05133802e-02 5.39008016e-03 1.29105197e-02 4.61085215e-02
 1.12129459e-02 1.45336997e-03 8.32021162e-02 1.27636204e-02
 2.43427008e-02 5.45236394e-02 9.14615989e-02 3.68907116e-02
 3.83387022e-02 1.21339202e-01 3.46205905e-02 1.81846321e-02
 8.91989321e-02 4.28979397e-02 1.52377198e-02 6.09859191e-02
 1.57696441e-01 5.09102829e-02 2.13469993e-02 2.53144950e-01
 1.31164476e-01 1.50961401e-02 6.60912767e-02 1.57194659e-01
 1.74162552e-01 1.92252681e-01 1.17055522e-02 1.76231414e-01
 1.32434219e-02 4.48580012e-02 3.11070005e-03 6.07163012e-02
 7.11461455e-02 4.68441471e-02 1.29157379e-01 6.65776199e-03
 8.33485574e-02 9.02086031e-03 4.79998020e-03 5.39072417e-02
 7.39106834e-02 4.12922464e-02 1.09802540e-02 1.08316474e-01
 1.22221261e-01 6.50893971e-02 1.49408728e-01 4.93500009e-02
 1.56031862e-01 2.77622372e-01 1.89480960e-01 1.35272652e-01
 3.93574178e-01 2.94070184e-01 1.76514387e-01 3.58351208e-02
 4.10887450e-01 4.54336852e-01 2.63796389e-01 2.03981638e-01
 3.54784429e-01 6.64620020e-04 9.15237516e-02 5.07206582e-02
 7.98861962e-03 1.28741130e-01 1.81449473e-01 5.50490916e-02
 1.25542963e-02 9.92902741e-02 1.09052584e-01 1.23006321e-01
 3.03220805e-02 2.06039950e-01 2.08754480e-01 1.11218475e-01
 1.41311795e-01 1.22231603e-01 1.43906763e-02 4.96415384e-02
 1.65197998e-02 4.97203209e-02 5.67692518e-02 1.09122165e-01
 1.04563637e-02 2.74542999e-03 1.51559591e-01 1.11476302e-01
 8.47659633e-02 9.55194235e-02 1.30690008e-01 1.00975804e-01
 1.11936741e-01 9.28670391e-02 8.72797072e-02 3.36336792e-02
 6.39394820e-02 2.13462207e-02 1.78847201e-02 1.32493721e-02
 1.19183049e-01 6.40196428e-02 5.66851310e-02 1.52233196e-03
 7.12508010e-03 7.00510014e-03 3.27522382e-02 3.20576131e-02
 2.32267007e-03 8.82541612e-02 9.95240174e-03 1.85019877e-02
 8.29141513e-02 5.12454007e-03 4.32463810e-02 1.27940655e-01
 7.98814446e-02 2.19239723e-02 4.51801829e-02 4.24800813e-02
 8.26396793e-02 1.11309238e-01 2.79229209e-02 1.12319082e-01
 1.67929634e-01 1.19399004e-01 7.33128935e-02 5.92821389e-02
 1.03480583e-02 8.73809233e-02 4.04906608e-02 4.73546609e-02
 1.13515995e-01 9.54613015e-02 1.64835795e-03 1.61522686e-01
 3.16534787e-02 2.89772805e-02 7.91004226e-02 1.05216280e-01
 2.20014706e-01 1.18523620e-01 1.76521480e-01 3.11412662e-01
 1.48241837e-02 1.07263282e-01 8.66617635e-02 1.63290594e-02
 1.00040138e-01 2.36872241e-01 1.56860501e-01 5.78917265e-02
 2.30186045e-01 2.03250036e-01 9.06530023e-02 3.56759802e-02
 3.00321817e-01 3.42546076e-01 1.86345696e-01 9.19906348e-02
 3.74245405e-01 3.75919975e-02 1.66825894e-02 1.11621737e-01
 2.13959794e-02 4.02486995e-02 1.55686229e-01 7.88692608e-02
 6.04651012e-02 1.90140367e-01 1.12597443e-01 2.72292197e-02
 1.54585078e-01 2.92652518e-01 1.73872843e-01 3.46719697e-02
 2.26380229e-01 2.30431467e-01 6.33076997e-03 8.50662515e-02
 1.00981481e-01 2.03202199e-02 9.47085395e-02 2.19075367e-01
 1.56054601e-01 4.35275986e-04 3.45437676e-01 2.65599102e-01
 7.70702809e-02 9.45892781e-02 2.52669305e-01 3.00427198e-01
 2.26516545e-01 9.86372028e-03 3.59735548e-01 7.96148181e-02
 1.23394402e-02 4.82186191e-02 1.10950083e-01 8.17167163e-02
 1.11900434e-01 9.61139053e-02 2.33448237e-01 7.20366985e-02
 3.94639187e-02 4.44833785e-02 1.49218455e-01 1.80607170e-01
 1.74058735e-01 1.21689521e-01 1.79450005e-01 8.15321226e-03
 2.13360991e-02 2.58929208e-02 3.26621011e-02 4.86441590e-02
 3.34189236e-02 4.37590219e-02 3.84316184e-02 7.48722330e-02
 4.61939201e-02 6.41248971e-02 7.17870006e-03 8.74535367e-02
 7.44694993e-02 8.37002397e-02 7.01729283e-02 1.06482908e-01
 5.87301003e-03 2.03495566e-02 2.30593607e-02 2.62928791e-02
 1.93699207e-02 1.66063774e-02 4.39752489e-02 2.17097439e-02
 2.97569819e-02 1.53798796e-02 5.31169809e-02 8.94189179e-02
 3.03985993e-03 4.28072549e-02 5.10890819e-02 3.78172402e-03
 7.47266710e-02 3.03998906e-02 1.66482404e-02 2.51965392e-02
 5.06158210e-02 2.88262405e-02 6.12882935e-02 6.92423619e-03
 6.85063377e-02 8.12484398e-02 6.32942170e-02 9.52942222e-02
 3.36872786e-02 1.07877381e-01 1.42663598e-01 1.15632862e-01
 1.07286513e-01 2.20210701e-02 5.03408015e-02 2.62037460e-02
 2.23059999e-03 4.70090993e-02 2.06691194e-02 6.43033460e-02
 5.09290062e-02 6.54253215e-02 2.21013129e-02 1.30702397e-02
 2.87758801e-02 1.07422201e-02 1.38327200e-02 3.45614292e-02
 2.97822000e-04 1.60219911e-02 1.14443097e-02 7.82960206e-02
 1.02519402e-02 7.41935819e-02 1.14733420e-01 1.12325169e-01
 1.30081266e-01 7.62003986e-03 9.35994163e-02 9.42360237e-02
 2.94452198e-02 3.02790999e-02 2.10860193e-01 1.04476050e-01
 8.27698112e-02 1.31590128e-01 1.01560585e-01 3.03689595e-02
 5.57694994e-02 8.92074034e-03 1.06397077e-01 1.69011444e-01
 1.13280013e-01 4.66205142e-02 2.11968690e-01 2.17821077e-01
 1.03414059e-01 1.85797606e-02 2.96721578e-01 3.31185907e-01
 1.70535147e-01 1.64313912e-01 1.75326779e-01 1.95630025e-02
 1.70059502e-02 9.67658013e-02 3.03028598e-02 7.20608002e-03
 1.39547005e-01 5.26478700e-02 3.49624008e-02 1.04374491e-01
 4.77072597e-02 1.89800207e-02 2.33647004e-02 1.33485362e-01
 1.01074576e-01 7.93534964e-02 7.18411729e-02 1.36586949e-01
 3.09529807e-02 1.17948204e-02 2.34681796e-02 4.16375212e-02
 9.84103978e-03 2.21263282e-02 3.26319784e-02 2.47855168e-02
 5.80401830e-02 5.30626588e-02 4.83047999e-02 5.39555810e-02
 4.73217145e-02 1.28593013e-01 8.65088329e-02 7.45467423e-03
 5.47525547e-02 3.51944305e-02 3.78343998e-03 1.11089004e-02
 2.14408804e-02 5.40854409e-02 3.38021442e-02 1.08913798e-02
 6.40587583e-02 8.77923239e-03 2.80418396e-02 2.98458207e-02
 2.09517591e-02 1.84233999e-03 5.90459295e-02 1.92493398e-03
 5.01925722e-02 5.23899123e-02 4.52919193e-02 4.30410393e-02
 6.40210211e-02 9.89331827e-02 4.87875193e-02 4.74977680e-02
 7.06565008e-03 3.74017991e-02 1.11702539e-01 4.25662994e-02
 3.42637599e-02 1.15258694e-01 9.33516920e-02 9.88498032e-02
 3.06134075e-02 8.15299675e-02 1.88459605e-02 4.64370586e-02
 2.78758002e-03 3.29974592e-02 2.24495698e-02 5.03455848e-02
 1.53500242e-02 5.81340417e-02 5.26477918e-02 3.84877212e-02
 6.41464815e-02 5.94258010e-02 7.79029056e-02 7.64704403e-03
 1.14713341e-01 1.98483080e-01 1.11187398e-02 9.84526426e-02
 5.94576187e-02 1.57339796e-02 8.14743564e-02 2.05998108e-01
 1.37615010e-01 2.15111542e-02 3.18507463e-01 2.68923044e-01
 1.31138161e-01 1.42972022e-01 2.08844572e-01 3.09683859e-01
 2.99877614e-01 7.66029283e-02 3.01987797e-01 7.30571747e-02
 6.69470578e-02 4.77388203e-02 7.05611408e-02 3.07034999e-02
 1.69512108e-02 9.67341661e-02 2.58178357e-02 2.76635103e-02
 1.73874001e-03 5.71780023e-04 1.90545600e-02 5.43411300e-02
 4.00315262e-02 1.25510879e-02 7.89894387e-02 1.04719229e-01
 8.28334391e-02 8.86634216e-02 2.65598409e-02 1.13184780e-01
 2.10851803e-01 1.95700765e-01 1.11385845e-02 3.34215581e-01
 2.90508956e-01 1.52756944e-01 1.38238817e-01 2.58884549e-01
 4.01744336e-01 3.28001261e-01 6.37293793e-03 3.82273078e-01
 1.01593867e-01 3.86804417e-02 8.27917382e-02 1.79214608e-02
 8.08620011e-04 1.04145832e-01 6.39601499e-02 5.65937757e-02
 4.75101210e-02 1.13599256e-01 1.86948404e-02 1.93386208e-02
 1.17608383e-01 9.62802395e-02 9.84775648e-02 8.53191968e-03
 1.18162870e-01 1.43897403e-02 8.17736983e-03 7.23123029e-02
 3.16845998e-02 4.86796014e-02 1.20393261e-01 3.37050371e-02
 4.92509082e-02 1.49891496e-01 1.27052233e-01 8.25335979e-02
 5.99435791e-02 1.55588880e-01 1.23072803e-01 1.54692009e-01
 7.32664764e-02 1.07238330e-01 2.01987904e-02 1.23897998e-03
 9.59836040e-03 1.02004800e-02 2.67961193e-02 1.84842087e-02
 4.34299000e-02 5.98496869e-02 2.10464876e-02 2.32565198e-02
 4.07233983e-02 2.62381998e-03 7.72305997e-03 7.20602944e-02
 3.21205854e-02 2.90927626e-02 2.42253561e-02 5.75931594e-02
 1.38469199e-02 7.79616982e-02 9.19377580e-02 1.27120718e-01
 1.24518201e-01 2.14352105e-02 9.64414105e-02 8.85488391e-02
 9.02634021e-03 5.16179996e-03 1.75136328e-01 1.08073860e-01
 7.38718882e-02 8.62007141e-02 1.08223230e-01 5.86112402e-02
 5.52149601e-02 2.27762405e-02 1.08434938e-01 1.68017045e-01
 1.27408102e-01 2.80384962e-02 2.22124577e-01 2.05735490e-01
 1.07034758e-01 1.29968403e-02 2.60669082e-01 3.26209664e-01
 1.58796549e-01 1.66277915e-01 1.89756915e-01 1.49621004e-02
 3.13286409e-02 1.10837318e-01 3.61149609e-02 4.17506807e-02
 1.48966894e-01 4.30732071e-02 2.49371608e-03 1.39920115e-01
 8.44642818e-02 5.52502386e-02 7.11855991e-03 1.81613192e-01
 1.60878047e-01 1.11965783e-01 1.14202477e-01 1.51346549e-01
 2.86581996e-03 1.19137801e-02 1.75292809e-02 2.55212802e-02
 4.39897403e-02 1.19428802e-03 4.23813872e-02 6.03484958e-02
 2.89202072e-02 2.56079808e-02 1.05347596e-02 5.28553799e-02
 8.59787979e-04 9.74028707e-02 1.94815751e-02 3.77684832e-02
 4.49047536e-02 4.96685319e-02 4.47175978e-03 1.98505595e-02
 3.10079996e-02 6.32212386e-02 9.02587548e-02 2.30785998e-04
 7.90130049e-02 1.32313922e-01 6.68639392e-02 1.12425320e-01
 3.37893218e-02 1.45239443e-01 1.32267982e-01 1.41202495e-01
 2.50462051e-02 4.17808965e-02 8.29263031e-02 8.33871886e-02
 6.92811981e-03 3.27825397e-02 1.77927107e-01 1.49549201e-01
 4.64854799e-02 2.95872301e-01 2.13885978e-01 7.66139999e-02
 9.37563777e-02 1.46384627e-01 3.11388880e-01 2.26555720e-01
 2.91319806e-02 3.23268622e-01 1.10544711e-01 9.45071969e-03
 1.04153983e-01 9.11965370e-02 2.23558000e-03 1.88734457e-01
 1.26229422e-02 9.20551717e-02 9.07884985e-02 1.93729606e-02
 4.13843207e-02 1.32773980e-01 7.54707679e-02 1.64465159e-01
 1.81726348e-02 3.35349083e-01 7.97793567e-02 3.61571386e-02
 9.41821709e-02 1.83588807e-02 2.79555991e-02 1.69542328e-01
 1.43120259e-01 1.60832684e-02 2.03830585e-01 2.02134594e-01
 9.54221636e-02 3.34711000e-02 2.60778546e-01 2.86916316e-01
 1.73007995e-01 8.01247954e-02 3.51302117e-01 5.87582290e-02
 6.33560568e-02 1.69892773e-01 4.07986017e-03 3.95186208e-02
 2.80249268e-01 1.68249205e-01 8.98422599e-02 2.78509140e-01
 3.11066180e-01 8.17631781e-02 6.78125173e-02 2.08805114e-01
 3.44605297e-01 2.71034181e-01 5.29356301e-02 3.64826977e-01
 1.59543514e-01 1.76408403e-02 1.22511737e-01 4.38426398e-02
 3.50402817e-02 1.37624308e-01 7.76511282e-02 2.41750409e-03
 1.08619638e-01 8.17916021e-02 1.00375796e-02 1.06280737e-01
 1.98340058e-01 1.10820815e-01 6.20313287e-02 1.58416688e-01
 1.74098819e-01 1.49150696e-02 7.79081210e-02 7.78050572e-02
 3.56923416e-02 3.95886004e-02 1.68826520e-01 6.18291683e-02
 3.70113961e-02 2.33161837e-01 1.63020805e-01 2.54460005e-03
 5.52458614e-02 1.73808977e-01 1.85861811e-01 1.29972935e-01
 5.58229908e-02 2.17565060e-01 3.38450707e-02 1.80734396e-02
 6.53007627e-02 6.62598163e-02 2.20106933e-02 1.28754094e-01
 2.51960307e-02 9.48157534e-02 9.51941386e-02 2.73230001e-02
 1.15270005e-03 1.36046439e-01 1.82848483e-01 1.00377485e-01
 7.08713233e-02 2.56296039e-01 9.48410928e-02 2.36270539e-02
 1.29572764e-01 5.18062003e-02 2.96784807e-02 1.83736354e-01
 1.49951190e-01 2.54706964e-02 2.07580730e-01 1.86745137e-01
 1.03739820e-01 6.23961203e-02 1.52841881e-01 2.74981022e-01
 2.51239032e-01 7.57263824e-02 3.06156248e-01 8.32833126e-02
 7.59539986e-03 1.15897439e-01 4.25999984e-02 3.02186795e-02
 1.32731661e-01 3.33526991e-02 7.02861473e-02 7.00296387e-02
 8.00249800e-02 2.99042407e-02 5.67893013e-02 1.48804054e-01
 5.59039749e-02 2.98150238e-02 9.58153158e-02 6.00125790e-02
 2.29772255e-02 8.23431686e-02 1.12191923e-01 1.92077197e-02
 9.97844189e-02 2.30744213e-01 1.35447249e-01 5.61706536e-02
 3.43650311e-01 2.51746446e-01 1.39596418e-01 9.69446376e-02
 2.58141786e-01 3.40952247e-01 3.10743153e-01 8.33229944e-02
 3.20007920e-01 4.21058163e-02 5.83379306e-02 2.90521402e-02
 7.35174417e-02 6.85070381e-02 1.50335496e-02 6.11422285e-02
 3.21840905e-02 1.07497275e-01 2.02725995e-02 2.21172199e-02
 2.93555995e-03 4.55769897e-02 3.09549589e-02 8.77922475e-02
 9.54830274e-02 8.46310705e-02 2.66221948e-02 1.81908794e-02
 2.43391003e-02 9.05074179e-02 5.45969382e-02 6.13823384e-02
 3.53648216e-02 7.42021874e-02 1.12580061e-01 7.47885779e-02
 8.34763423e-02 1.00697860e-01 1.59325331e-01 1.32363871e-01
 4.07211520e-02 1.29982755e-01 4.48506186e-03 5.60823791e-02
 8.90224800e-02 8.98320042e-03 8.92311186e-02 5.04604913e-02
 3.58342826e-02 8.89744014e-02 9.42132697e-02 2.17202008e-02
 3.95121202e-02 3.91824991e-02 1.40064396e-02 4.08212245e-02
 7.53911138e-02 1.20826103e-02 1.95357837e-02 9.12281498e-02
 3.50620188e-02 4.66339402e-02 1.74732003e-02 1.19979583e-01
 7.68683776e-02 1.17853373e-01 1.25418305e-01 1.68443739e-01
 8.46399218e-02 5.60315400e-02 9.33650583e-02 1.93264872e-01
 2.51514256e-01 4.10126820e-02 2.25430831e-01 1.31024450e-01
 3.91003229e-02 1.13541812e-01 1.64797008e-02 3.40034813e-02
 1.71485499e-01 1.31284013e-01 1.20357256e-02 1.65520564e-01
 2.43414029e-01 1.09017223e-01 1.17026620e-01 1.36349067e-01
 2.94673741e-01 2.62914300e-01 9.48820114e-02 2.62334257e-01
 5.42983264e-02 1.05086893e-01 1.81124397e-02 1.02352798e-02
 4.11441810e-02 7.30986744e-02 3.50307077e-02 4.01211791e-02
 1.87271819e-01 3.78159806e-02 2.18488593e-02 4.75530587e-02
 8.79932791e-02 1.25677049e-01 1.21706091e-01 8.42639953e-02
 1.54586777e-01 8.90015997e-03 2.85100602e-02 1.08743003e-02
 3.50874215e-02 4.38055396e-02 9.01138708e-02 4.19582203e-02
 1.85491685e-02 6.03068434e-02 2.45862398e-02 5.23422211e-02
 6.91194236e-02 2.56134588e-02 6.93607330e-02 1.04499742e-01
 1.77849159e-01 2.90939566e-02 3.15357558e-02 1.39135197e-02
 2.21722797e-02 2.12523602e-02 1.18335739e-01 6.45342097e-02
 1.25473924e-02 1.55814826e-01 1.45420104e-01 4.83603999e-02
 6.28010184e-02 7.71162584e-02 1.66924909e-01 1.59978479e-01
 7.92257208e-03 2.02712193e-01 5.70514202e-02 6.05520308e-02
 7.36214221e-02 5.04311584e-02 5.03491201e-02 7.65364990e-02
 4.61352617e-02 4.59123738e-02 8.51403847e-02 2.54520997e-02
 3.32227387e-02 1.22195780e-01 1.57637119e-01 1.25313133e-01
 3.41325887e-02 2.32845694e-01 1.10922284e-01 4.29944182e-03
 1.61402404e-01 4.42156009e-03 9.59733967e-03 1.71580404e-01
 1.76256508e-01 8.19319412e-02 1.64231181e-01 2.21913829e-01
 1.27204880e-01 8.09993818e-02 1.13340197e-02 2.75112271e-01
 2.99001396e-01 1.68580234e-01 2.02186793e-01 2.05346003e-01
 6.65333644e-02 6.92862421e-02 6.97827991e-03 1.99828204e-02
 2.59674191e-02 2.14633327e-02 1.09800063e-02 3.06203738e-02
 5.67337777e-03 2.60190796e-02 6.71064034e-02 1.28893673e-01
 3.84192988e-02 7.28885159e-02 1.42404154e-01 2.09822860e-02
 5.04780000e-05 2.42264867e-02 6.50773197e-02 1.62745006e-02
 3.45211998e-02 1.40346915e-01 7.81399384e-02 2.32122820e-02
 2.61257172e-01 1.62022427e-01 4.90108989e-02 6.54779822e-02
 1.97588637e-01 2.56715387e-01 2.50100404e-01 7.67762214e-02
 3.13388675e-01 7.04120193e-03 9.02478024e-03 3.38528603e-02
 2.73435004e-02 2.65129991e-02 4.52071875e-02 1.21429116e-02
 1.57259032e-02 3.64650012e-04 8.20939988e-03 2.06017792e-02
 5.56184612e-02 3.34716402e-02 8.50868970e-03 7.71766016e-03
 7.46859685e-02 2.05238797e-02 1.92589797e-02 1.01490229e-01
 1.74428206e-02 1.18268402e-02 1.48366347e-01 1.89580381e-01
 4.97405902e-02 1.36818454e-01 2.60595202e-01 1.31151244e-01
 9.73386765e-02 6.23070188e-02 3.02146494e-01 2.58267194e-01
 1.06239863e-01 2.49579057e-01 1.83279067e-01 4.37398702e-02
 5.48756607e-02 1.78659998e-03 2.32431991e-03 2.47839000e-02
 4.89079058e-02 1.11869760e-02 4.01193090e-02 4.06544805e-02
 2.74521001e-02 9.60922763e-02 7.46098235e-02 2.65954193e-02
 1.16763997e-03 1.27885714e-01 8.70167390e-02 6.14438998e-03
 4.20834497e-02 1.02439143e-01 4.18712012e-03 3.87708582e-02
 2.19824806e-01 1.48484007e-01 3.48408008e-03 2.59732187e-01
 2.83235967e-01 9.65346768e-02 8.89410824e-02 1.67808443e-01
 3.06802601e-01 3.11753213e-01 5.15616834e-02 3.35933506e-01
 7.16727450e-02 3.65260392e-02 3.65463994e-03 3.28859389e-02
 1.77293606e-02 2.47657951e-02 2.99317874e-02 4.59774621e-02
 4.67484035e-02 1.23658003e-02 3.16450410e-02 1.44174397e-02
 4.67619002e-02 4.27609459e-02 4.24891384e-03 1.60768908e-02
 5.22880368e-02 4.03047502e-02 2.08496209e-02 3.31561193e-02
 5.77959418e-02 6.96467003e-03 5.26067009e-03 5.05351415e-03
 4.97577712e-02 5.63550293e-02 5.38939200e-02 6.61918968e-02
 1.43100396e-02 7.50999004e-02 6.86656535e-02 1.09712251e-01
 6.61909506e-02 1.49658800e-03 6.28606752e-02 3.07360198e-02
 1.72372404e-02 5.91878816e-02 7.08602667e-02 1.33332219e-02
 5.31865396e-02 1.52374148e-01 2.38561947e-02 4.40642983e-02
 7.74194598e-02 3.68608795e-02 7.06406236e-02 1.29275724e-01
 5.16606271e-02 1.93558149e-02 3.01080681e-02 1.06757179e-01
 6.29617572e-02 6.03245199e-02 1.36944264e-01 1.60871133e-01
 1.80867925e-01 2.27162186e-02 1.85855031e-01 1.38083443e-01
 6.51199371e-02 1.95679997e-04 1.76613286e-01 2.29681894e-01
 6.95663169e-02 1.38396874e-01 2.06201166e-01 1.31980047e-01
 1.14847749e-01 3.87527198e-02 1.33155525e-01 2.15364203e-01
 2.50939727e-01 1.35016115e-02 3.12135011e-01 3.32337260e-01
 1.89677984e-01 8.34875181e-02 3.26167703e-01 5.01175463e-01
 3.97963405e-01 8.09434429e-02 4.15905118e-01 1.31966844e-01
 4.04217001e-03 1.31954253e-01 1.76017999e-03 4.24061995e-03
 1.76667586e-01 1.12989143e-01 7.50503391e-02 1.17947176e-01
 1.43790781e-01 2.35728808e-02 4.29642797e-02 1.72150239e-01
 1.37304991e-01 1.32853225e-01 2.52645053e-02 1.74232930e-01
 8.56066644e-02 4.62017618e-02 7.76149184e-02 8.17127973e-02
 1.23461522e-01 1.36086509e-01 3.97175997e-02 1.44596979e-01
 2.33951271e-01 1.80997804e-01 8.84842426e-02 1.24673277e-01
 3.61720532e-01 1.93426147e-01 1.09774694e-01 1.61161914e-01
 4.19333912e-02 1.42264701e-02 1.11106731e-01 2.95098010e-03
 8.99984036e-03 9.94944274e-02 1.13865778e-01 6.09446056e-02
 5.12923449e-02 1.58406481e-01 2.80115008e-02 6.13238402e-02
 4.74111997e-02 1.37704283e-01 1.02719232e-01 1.47760510e-01
 1.20366946e-01 4.97637577e-02 1.34955803e-02 2.70559005e-02
 1.23108402e-02 1.16874300e-01 6.43583685e-02 6.30962022e-04
 7.26760179e-02 4.80736680e-02 1.09767422e-01 1.35076895e-01
 1.20102596e-02 1.25208437e-01 1.78784311e-01 1.09475970e-01
 8.06992874e-02 3.22815366e-02 6.19341992e-02 7.54231811e-02
 1.80920400e-02 3.06193996e-02 1.24968529e-01 8.97998065e-02
 8.47606827e-03 2.18528107e-01 1.01481020e-01 6.98672235e-02
 8.69629607e-02 2.84098797e-02 2.07109123e-01 2.11229831e-01
 8.18720907e-02 3.30437750e-01 9.92829446e-03 2.34659202e-02
 1.98510401e-02 3.31790410e-02 4.56326194e-02 3.00958809e-02
 2.47623939e-02 1.64480619e-02 1.67131871e-02 2.55599990e-03
 1.54013196e-02 4.49346006e-02 3.56733799e-02 3.16488184e-02
 3.33855934e-02 7.13973045e-02 2.53940397e-03 1.66445840e-02
 9.95542482e-02 8.60751979e-03 2.01079994e-03 1.34545356e-01
 1.59167722e-01 3.97632830e-02 1.29680723e-01 2.32461736e-01
 1.22529082e-01 7.43736029e-02 7.85502791e-02 2.75056958e-01
 2.24269137e-01 7.32186884e-02 2.73415238e-01 1.68091431e-01
 4.27452847e-02 7.69706219e-02 8.33384041e-03 3.74480011e-03
 2.70749275e-02 6.97758049e-02 4.43363823e-02 1.67792924e-02
 4.74839956e-02 1.02465996e-03 7.73483813e-02 1.06705919e-01
 8.96955878e-02 6.18139394e-02 8.81278366e-02 1.47013441e-01
 5.85732423e-02 3.41444612e-02 1.25527978e-01 1.17342798e-02
 2.99015399e-02 1.96452528e-01 2.04816416e-01 2.70942897e-02
 2.98880517e-01 3.23850989e-01 1.17871001e-01 1.08159281e-01
 1.39861137e-01 3.47559094e-01 3.76064062e-01 9.26300213e-02
 3.50667238e-01 1.49751082e-01 2.93124299e-02 1.88184995e-02
 3.08661796e-02 4.29894999e-02 2.07012761e-02 1.83828082e-02
 9.42983851e-02 2.13931967e-02 1.56882592e-02 5.25494590e-02
 5.49620017e-04 6.05722005e-03 3.01472917e-02 6.14438169e-02
 1.67877544e-02 3.82465385e-02 6.16237335e-02 1.87144801e-02
 4.91905399e-02 7.43361637e-02 7.03961626e-02 6.39735833e-02
 2.17688084e-02 1.28390223e-01 1.34732500e-01 4.68860194e-02
 4.92889397e-02 1.30741626e-01 1.54134154e-01 1.12115748e-01
 3.77994813e-02 1.67796582e-01 4.36547063e-02 2.04077549e-02
 1.09686717e-01 1.17496597e-02 3.94891994e-03 1.23688638e-01
 7.56390467e-02 2.82247663e-02 6.76300004e-02 1.57445505e-01
 8.38543996e-02 9.07346010e-02 1.25583485e-01 1.79152235e-01
 1.19577028e-01 4.51256745e-02 2.35130176e-01 9.41467956e-02
 2.32699942e-02 6.38528392e-02 2.65905205e-02 9.36860032e-03
 4.64654937e-02 1.01001404e-01 3.28302868e-02 3.51118930e-02
 6.84855804e-02 8.20285603e-02 9.01942402e-02 4.51827385e-02
 1.68686569e-01 4.15524058e-02 1.16764881e-01 8.61694515e-02
 9.43560898e-02 4.47437540e-02 6.55336604e-02 5.00435987e-03
 2.43997592e-02 1.05276599e-03 9.69650894e-02 2.31526867e-02
 4.96546784e-03 3.76025811e-02 5.22063002e-02 3.41657214e-02
 3.99728604e-02 7.34819770e-02 8.78141299e-02 1.59545645e-01
 7.07893893e-02 2.63126014e-04 3.74859907e-02 2.38444395e-02
 5.75960008e-03 2.28269398e-02 8.29570144e-02 8.53887126e-02
 6.76173121e-02 2.14641303e-01 2.19313204e-02 4.66549583e-02
 1.10939719e-01 2.19756007e-01 1.04465745e-01 1.97449606e-03
 2.77503252e-01 1.85961828e-01 1.51194101e-02 1.95223883e-01
 4.61705402e-02]

*************************************************************

