THIS FILE CONTAINS  cv_cross_val_predict() predictions FOR THIS CURRENT CONFIGURATION.
		 It can be used to verificate obtained results.





---------------------------------------------------------------------------------------------------------
FINAL y_pred (clipped).  FINAL PREDICTIONS USED TO CALCULATE SCORE METRICS
			 (mean over several cross_val_predict() executions)
---------------------------------------------------------------------------------------------------------
[25.7700864  22.5163606  32.9901262  32.8687772  32.253808   24.040178
 19.5546976  17.8112412  16.6318966  18.2002108  19.9622668  19.541474
 21.6745168  19.603076   17.6275084  19.4218452  21.0102494  17.1957916
 17.2665564  18.5674068  14.2010716  16.9345872  16.2178226  13.9705964
 15.746242   14.9676644  15.5985965  15.315614   18.131614   19.4467308
 14.089932   16.7047204  13.3830973  14.823217   13.9361032  20.8157128
 21.2806728  21.1727086  22.8602734  28.829585   36.9528644  29.8510168
 23.6047392  24.4879816  21.6763494  20.1870022  21.5272624  18.8174968
 17.3610014  18.2254536  20.2593234  20.5678596  25.879297   21.0610378
 16.4109982  34.3360672  22.3920882  29.6097526  21.80501    20.5332874
 18.016348   17.6646118  24.0076036  24.7655596  28.660444   24.791615
 20.301231   20.2513258  19.053126   19.6823932  24.93605    21.7443822
 23.0998488  23.5685284  23.9621512  21.8417832  20.7028618  21.3096436
 20.3084124  21.0892836  27.6303968  23.6325806  23.268013   21.6460096
 23.9755274  26.6524422  22.0368736  22.7321214  29.456937   31.5071366
 24.9021116  23.410539   24.9239434  24.142863   21.0184958  25.9502396
 22.4232286  41.8106088  43.4106922  34.946589   23.0152928  23.8945648
 19.3758158  19.719635   20.2917746  18.244579   18.6987434  20.3584066
 20.968799   19.172867   23.352093   23.4986076  18.4255258  17.727884
 21.2681042  19.0041422  19.5136288  19.8595464  19.7335696  20.5354642
 22.1020186  21.9780746  19.8358728  17.1747608  19.6541772  20.78821
 17.3621218  16.0847528  18.7979726  15.8755995  20.4039286  19.923268
 20.4358906  16.3302956  14.2707011  17.151506   17.1744642  18.5051268
 15.2340916  16.0368212  15.5613134   9.8897419  14.9636888  15.0867709
 16.0581276  15.0246394  16.018967   15.2715823  14.3116426  18.256337
 20.2401188  17.8675482  17.2426032  17.4025422  16.029262   15.2078322
 15.1279969  38.3027146  27.950655   29.605317   37.7133342  47.2035952
 47.5446644  50.         20.6872786  21.4660684  47.2528188  18.9481474
 23.842172   25.9744384  21.1202018  22.2513332  20.0363428  25.0674826
 22.545263   30.3746104  23.8565112  23.3859484  29.6575988  33.9655278
 36.5542408  24.547118   31.004431   24.8807506  19.9764076  23.41787
 42.9766564  30.7116064  29.4649838  34.5374788  29.3811326  26.7120776
 33.6395842  30.4963258  27.4499788  47.3097422  36.7850022  31.6230834
 33.1974682  30.1235338  33.7401806  20.8989888  42.8093578  48.0347962
 49.986994   23.5999126  23.1462722  19.0665558  21.9757962  18.2777052
 19.7862324  19.4903802  21.5755136  25.227557   22.518702   23.2615074
 22.541712   25.9326816  21.8842258  24.8622998  29.6256234  22.8593462
 27.9993676  25.9337064  42.493539   44.3478624  41.4165972  32.3574456
 43.6332252  31.4888222  22.0851048  34.8902516  45.7933616  43.1378072
 28.042821   22.4974136  25.9732872  34.0921266  25.342447   25.0516956
 26.7005754  20.3365588  21.0503712  24.4854728  17.6527844  16.6114072
 20.8027268  19.5696332  22.590309   25.5775632  24.6701484  24.8773668
 28.3913886  40.1738944  20.4475338  18.8977628  39.8780584  50.
 36.4923976  32.5285342  34.9873408  38.4982374  47.451233   33.7296288
 35.2579706  24.1641606  29.375409   49.716835   47.8332762  23.1724448
 20.5325912  24.7748978  25.311672   39.524963   34.3978494  33.407881
 34.7049434  31.8083754  25.718657   35.269785   43.6644958  34.8954766
 43.0763948  47.196456   31.2154612  23.0750916  20.9234262  21.8642128
 22.8111296  23.519047   32.5664496  34.2182494  29.0462196  23.5234856
 21.9034944  27.5083626  25.6263606  19.3749874  24.3264778  32.6741172
 27.814616   24.7857534  25.2278342  32.551489   35.5925576  27.9625188
 35.5439842  28.902593   25.9109672  19.4455654  20.98674    23.3588574
 19.585461   20.7664466  22.5003788  18.6973376  18.1514874  19.2280892
 22.2757828  21.6867456  23.6847876  23.510693   20.8557456  18.2443518
 24.1358612  25.2080236  23.6400534  20.2308542  19.8473966  22.6947078
 19.9938268  19.2596988  21.2028426  23.0520954  23.0620522  21.169512
 19.9778596  18.6718486  21.813951   20.9014748  19.7725476  31.8547446
 20.311504   24.361663   28.8365854  18.9929882  18.2255592  24.3045288
 26.0142114  28.1224578  22.7808982  24.0228852  19.4874342  26.2569282
 19.6390344  20.4492264  13.962508   22.18274    25.5813324  20.414744
 23.9097874  17.9183204  24.7420666  23.2657378  47.905155   32.8496576
 19.5068754  21.1370064  33.9065652  47.1017206  47.1893626  24.8488022
 34.7779042  10.3123175   9.3590414  17.0740484  10.6477654  13.9353856
  9.51303752 10.5023949   7.4044155  12.6778841  11.9515769  11.6196488
 12.1366108   9.6839794   8.33007472  9.7623537  10.0843587  13.2753358
 16.2660156  15.7300716  11.9941432  17.2627886  16.007998   15.434517
 15.8533096  13.4530738   5.93937366 12.9880138   8.07695806 11.8028534
 13.1820816  12.2982357   7.74732468  7.1757466  15.2545106  23.404371
 13.2131498  12.820512   23.6839812  12.1791765   9.57967572 13.4793692
  6.50236636  8.24848414 10.3268778  10.9884896   6.80989532 12.597764
 15.2556658  17.2657412  19.6501906  11.3928062  14.2700374  10.9096003
 14.8886084  11.1273712  12.1767262  11.3284328  14.8583329  15.1138482
 19.876033   14.6504721  14.004076   10.098373   11.6806282   7.8484566
  7.9809092  10.7916316   8.80328712 12.4546371  14.5923389  13.06059
 10.2952984   8.4301442  14.6574756  15.0441252  12.9954724  14.07402
 13.0899194  15.6296666  16.3446788  16.3986038  11.3605922  12.743675
 12.8381192  10.7277804  15.7266482  16.7513308  16.1910585  19.7827664
 18.8693174  21.7552098  20.2010272  20.483542   12.5801184  14.2780861
 15.8171162  19.4744238  18.962986   22.654674   20.5149516  23.3394252
 18.3855674  14.7282821  16.0807698  12.7636978  15.079128   19.5526308
 22.3060008  29.1387074  30.2729788  22.3240286  21.005886   22.8103966
 18.4002604  22.8614502  13.4653085  11.7662453  11.3215468  15.0803404
 19.4321588  21.3262584  22.7596192  22.4063944  17.9532632  20.0268088
 21.5776278  19.0484076  20.00865    23.051883   19.9373868  26.0390886
 23.6106998  20.320837  ]



*************************************************************
MODEL ERRORS (of CLIPPED predictions): 
 
[1.77008641e+00 9.16360617e-01 1.70987380e+00 5.31222820e-01
 3.94619203e+00 4.65982199e+00 3.34530234e+00 9.28875923e+00
 1.31896600e-01 6.99789226e-01 4.96226692e+00 6.41474009e-01
 2.54832003e-02 7.96923995e-01 5.72491586e-01 4.78154808e-01
 2.08975053e+00 3.04208398e-01 2.93344355e+00 3.67406785e-01
 6.01071596e-01 2.66541290e+00 1.01782262e+00 5.29403627e-01
 1.46241993e-01 1.06766438e+00 1.00140345e+00 5.15613973e-01
 2.68386006e-01 1.55326915e+00 1.38993204e+00 2.20472050e+00
 1.83097303e-01 1.72321701e+00 4.36103195e-01 1.91571283e+00
 1.28067279e+00 1.72708601e-01 1.83972657e+00 1.97041500e+00
 2.05286431e+00 3.25101686e+00 1.69526076e+00 2.12018400e-01
 4.76349413e-01 8.87002230e-01 1.52726245e+00 2.21749687e+00
 2.96100140e+00 1.17454636e+00 5.59323370e-01 6.78595975e-02
 8.79297018e-01 2.33896232e+00 2.48900175e+00 1.06393278e+00
 2.30791187e+00 1.99024737e+00 1.49498999e+00 9.33287382e-01
 6.83651984e-01 1.66461182e+00 1.80760360e+00 2.34440401e-01
 4.33955622e+00 1.29161501e+00 9.01230991e-01 1.74867415e+00
 1.65312600e+00 1.21760678e+00 7.36050010e-01 4.43821996e-02
 2.99848795e-01 1.68528393e-01 1.37848794e-01 4.41783190e-01
 7.02861786e-01 5.09643614e-01 8.91587615e-01 7.89283574e-01
 3.69603187e-01 2.67419398e-01 1.53198695e+00 1.25399041e+00
 7.55273998e-02 5.24422005e-02 4.63126391e-01 5.32121420e-01
 5.85693693e+00 2.80713654e+00 2.30211163e+00 1.41053903e+00
 2.02394342e+00 8.57137024e-01 4.18495804e-01 2.44976044e+00
 1.02322865e+00 3.11060882e+00 3.89307797e-01 1.74658895e+00
 4.48470736e+00 2.60543513e+00 7.75815785e-01 4.19634998e-01
 1.91774607e-01 1.25542104e+00 8.01256597e-01 4.15933989e-02
 1.16879904e+00 2.27133006e-01 1.65209305e+00 6.98607624e-01
 3.74474198e-01 9.72115993e-01 2.76810431e+00 7.04142213e-01
 1.68637121e+00 6.59546375e-01 6.66430414e-01 1.23546422e+00
 1.02018602e-01 1.67807460e+00 6.64127171e-01 1.25239193e-01
 8.54177177e-01 6.11790001e-01 1.66212177e+00 1.15247197e-01
 7.97972620e-01 1.57559955e+00 1.20392859e+00 3.23267996e-01
 2.56410933e+00 2.06970429e+00 1.32929885e+00 9.48494017e-01
 2.25535795e-01 1.40512681e+00 1.93409157e+00 1.76317883e+00
 1.56131339e+00 4.51025820e+00 1.56368876e+00 5.13229072e-01
 4.25812769e+00 1.22463942e+00 4.18967009e-01 6.71582282e-01
 3.48835731e+00 2.85633707e+00 1.25988126e+00 1.73245180e+00
 1.94260323e+00 1.99745774e+00 9.70737994e-01 3.92167807e-01
 2.02799702e+00 2.99728537e+00 3.65065503e+00 6.30531693e+00
 1.07133341e+01 2.79640484e+00 2.45533562e+00 0.00000000e+00
 2.01272130e+00 3.53393149e+00 2.74718118e+00 4.85185242e+00
 4.21719998e-02 3.67443848e+00 3.72020173e+00 3.15133309e+00
 3.06365728e+00 1.46748257e+00 5.47370017e-02 9.74610388e-01
 6.56511188e-01 1.21405160e+00 2.42401198e-01 3.23447227e+00
 3.24575925e+00 1.16528816e+01 6.89556885e+00 7.61924934e+00
 6.42359257e+00 6.18212986e+00 7.02334356e+00 1.28839362e+00
 3.35016191e-01 3.62521201e-01 7.61886740e+00 3.78792238e+00
 2.76041579e+00 6.03674173e-01 1.65002120e+00 2.69025779e+00
 3.48500228e+00 1.32308340e+00 1.40253174e+00 4.77646637e+00
 8.40180576e-01 3.20101118e+00 5.09357810e-01 4.65203792e-01
 1.30059998e-02 9.99912620e-01 1.25372779e+00 3.43344426e+00
 2.42420387e+00 1.72229481e+00 1.91376758e+00 1.90380201e-01
 8.24486375e-01 2.87244296e+00 1.18129802e+00 1.73849261e+00
 7.58288026e-01 2.76731849e+00 3.84225786e-01 1.86229980e+00
 2.92562342e+00 1.15934622e+00 4.99367595e-01 4.16629362e+00
 2.30646110e+00 5.65213776e+00 3.81659722e+00 7.57445574e-01
 3.06677485e+00 1.11777997e-02 2.21489525e+00 3.19025159e+00
 4.09336138e+00 5.16219282e+00 9.57179010e-01 1.50258636e+00
 8.73287201e-01 2.59212661e+00 1.64244699e+00 1.75169563e+00
 4.70057535e+00 2.36558795e-01 1.14962876e+00 7.85472810e-01
 5.27843982e-02 1.88859284e+00 3.49727321e+00 9.30366814e-01
 1.90969098e+00 6.22436821e-01 2.70148396e-01 7.73667991e-02
 1.20861137e+00 2.62610555e+00 1.45246625e+00 2.00223708e+00
 4.12194157e+00 0.00000000e+00 4.92397606e-01 2.42853427e+00
 1.18734086e+00 4.60176277e+00 1.34876704e+00 2.72962880e+00
 1.24202943e+00 1.36416066e+00 1.32459104e+00 2.83165008e-01
 4.33327627e+00 2.47244477e+00 5.67408800e-01 4.25102204e-01
 9.11671996e-01 4.32496309e+00 1.99784935e+00 1.40788102e+00
 1.50494337e+00 1.29162455e+00 3.38134289e+00 1.69784993e-01
 1.73550415e+00 5.04523396e-01 2.92360520e+00 2.80354404e+00
 9.84538794e-01 1.07509160e+00 8.23426187e-01 1.33578718e+00
 5.11129618e-01 1.28095305e+00 4.06644964e+00 3.08175063e+00
 1.14621961e+00 3.76514405e-01 2.03494400e-01 1.09163737e+00
 1.47363937e+00 9.25012589e-01 1.82647777e+00 3.67411709e+00
 3.01461601e+00 2.78575349e+00 1.17216575e+00 5.48511028e-01
 5.07442415e-01 4.37481195e-01 2.14398432e+00 7.02593029e-01
 3.11096716e+00 8.54434609e-01 4.88674021e+00 1.25885737e+00
 1.85461000e-01 8.33553374e-01 1.29962122e+00 2.49733758e+00
 3.51487398e-01 5.71910799e-01 8.24217200e-01 6.86745584e-01
 1.15212403e-01 4.10692990e-01 4.55745608e-01 2.55648196e-01
 8.64138782e-01 6.08023584e-01 6.40053391e-01 1.96914577e+00
 5.47396600e-01 9.47078019e-02 1.93826795e-01 2.15969872e+00
 1.80284262e+00 8.52095425e-01 2.36205220e+00 6.95120022e-02
 4.77859586e-01 1.71848595e-01 1.21395099e+00 1.90147483e+00
 1.07254755e+00 8.45255375e-01 3.81150389e+00 4.61663008e-01
 2.36341453e+00 1.49298823e+00 1.02555919e+00 1.20452881e+00
 1.51421142e+00 1.52245784e+00 1.19101800e-01 7.71147981e-02
 8.87434185e-01 3.84307170e+00 1.43903434e+00 1.50773600e-01
 3.83749199e+00 4.82740015e-01 2.88133240e+00 2.18525600e+00
 1.09021258e+00 1.98167956e+00 3.94206667e+00 6.46573782e+00
 2.60051556e+01 5.34965754e+00 2.39312458e+00 1.96299362e+00
 1.60934353e+01 2.89827943e+00 2.81063747e+00 2.51511974e+01
 1.52220955e+01 3.48768258e+00 4.44095850e+00 2.07404852e+00
 3.25223470e+00 6.35385573e-01 3.58696246e+00 3.02394897e-01
 2.99558449e+00 1.77788413e+00 6.51576877e-01 6.80351198e-01
 3.33661079e+00 2.48397946e+00 2.16992521e+00 2.36235380e+00
 1.15641303e-01 1.77533579e+00 1.16601562e+00 7.46992826e+00
 2.29414320e+00 3.46278858e+00 3.30799794e+00 2.33451700e+00
 3.35330963e+00 4.95307398e+00 9.39373672e-01 6.68801403e+00
 2.47695804e+00 4.60285330e+00 1.08208156e+00 3.99823570e+00
 7.52675295e-01 2.17574668e+00 3.35451055e+00 4.49562883e+00
 3.98685026e+00 1.46794882e+01 8.68398094e+00 5.02082348e+00
 8.32032394e+00 2.82063079e+00 4.97633636e-01 1.04848409e+00
 2.82687783e+00 5.88489592e-01 1.99010468e+00 4.19776392e+00
 1.44433415e+00 3.06574130e+00 1.14980936e+00 2.00719380e+00
 2.57003736e+00 2.60960031e+00 4.68860817e+00 2.27371201e-01
 1.17672622e+00 1.82843280e+00 3.58332902e-01 1.01384819e+00
 3.77603292e+00 3.50472093e-01 2.30407596e+00 3.30162692e+00
 2.08062816e+00 8.51543427e-01 4.19090807e-01 2.00836849e+00
 1.69671285e+00 4.64536285e+00 3.80766106e+00 2.33941007e+00
 5.04701614e-01 3.36985588e+00 2.42524400e-01 2.44412518e+00
 1.10452759e+00 1.07402003e+00 3.10080588e-01 4.29666609e-01
 2.44678795e-01 1.40139616e+00 3.53940773e+00 1.35632503e+00
 1.38119206e-01 2.77221966e+00 8.26648176e-01 3.24866915e+00
 2.08941504e-01 2.08276629e+00 6.30682588e-01 1.55520976e+00
 1.19897282e+00 5.83541989e-01 6.41988182e+00 4.82191372e+00
 3.28288388e+00 6.25576198e-01 9.37013984e-01 3.05467391e+00
 2.68504834e+00 6.46057463e+00 4.58556747e+00 1.42828214e+00
 6.19230211e-01 7.63697803e-01 4.79128003e-01 1.84736919e+00
 6.93999171e-01 5.43870735e+00 5.27297878e+00 5.24028599e-01
 4.05885994e-01 1.61039662e+00 6.99739575e-01 2.26145029e+00
 1.73469150e+00 4.76624537e+00 3.22154689e+00 1.48034036e+00
 6.67841196e-01 4.73741591e-01 1.74038076e+00 6.93605602e-01
 1.74673676e+00 1.72680879e+00 3.77627790e-01 1.54840755e+00
 3.20865011e+00 6.51883006e-01 6.62613213e-01 2.13908863e+00
 1.61069977e+00 8.42083740e+00]

*************************************************************

