THIS FILE CONTAINS  cv_cross_val_predict() predictions FOR THIS CURRENT CONFIGURATION.
		 It can be used to verificate obtained results.





---------------------------------------------------------------------------------------------------------
FINAL y_pred (clipped).  FINAL PREDICTIONS USED TO CALCULATE SCORE METRICS
			 (mean over several cross_val_predict() executions)
---------------------------------------------------------------------------------------------------------
[25.6004212  22.5052078  32.6390966  31.2352476  31.4306024  23.6593786
 20.1765912  17.8985276  15.1634384  18.5939186  20.5423236  19.4854756
 21.5839     19.3501666  17.9224624  19.0471386  20.626354   17.2532672
 18.2011138  18.3168982  14.7386345  16.859015   16.1241314  14.674974
 16.1158656  15.0848774  16.0060336  15.718215   18.3748494  19.6201548
 14.537943   16.2935562  13.7891764  15.6540036  14.9061486  21.9179912
 21.7719188  21.8849602  23.2982168  28.7166564  36.8999116  30.7711712
 24.42666    24.6355504  21.9161106  20.9751804  21.90561    19.0659492
 14.9784362  18.6176728  20.8071496  20.8019088  27.3082098  21.7161492
 17.440565   34.587504   22.5639606  30.0416312  22.3013516  20.6899142
 18.1784692  17.6406942  23.8264602  26.0467248  28.8745024  25.1932282
 19.7862598  19.9994568  18.9545092  19.8417386  24.991837   21.513563
 22.6535626  23.5554882  25.1613074  22.1424076  20.4579704  21.3881798
 20.6585772  20.552022   27.7246656  23.3431012  23.2867874  21.600663
 24.5682572  26.5861932  22.2817992  23.9048862  29.7189376  32.3881106
 25.280128   24.869876   24.9228572  25.9453424  21.5045498  26.8168338
 23.3340256  41.9721922  44.869666   35.582834   22.0207488  24.294878
 18.4297788  19.6709852  20.344273   19.6112726  18.9257624  20.586843
 20.375748   19.0569548  22.014076   23.7506806  19.1858758  18.5945208
 21.7988556  18.6387706  20.4574318  19.8335254  19.503318   19.689567
 21.5983024  21.5827962  20.1880504  18.7221498  20.3531022  21.4116506
 18.3819838  15.8468629  18.0140996  15.5818324  20.0694942  19.365437
 19.7371848  16.2834838  14.2026488  17.4769204  17.050052   18.906045
 15.1151066  16.1965706  15.1465785  11.3430774  13.680857   15.6833794
 14.9987848  15.9173413  16.3489626  14.0306298  13.6963118  17.2176586
 19.6854862  17.4757572  16.5719878  17.2864678  16.4621714  16.4306747
 14.9205159  39.5309874  31.7563412  26.2459334  36.9793878  47.3247892
 46.7323914  49.1878328  21.0969716  21.1481254  48.1473286  19.154124
 24.3604184  25.4157372  20.677001   22.497699   20.7824134  26.3183678
 23.4912406  30.9648712  24.1328554  24.5255414  30.2185502  35.0191954
 36.1439466  25.5588568  34.3651792  28.14483    21.183497   24.4468642
 42.4256834  31.0631444  28.5624928  34.0891216  29.232467   27.3942574
 35.1033348  31.3711036  28.5321234  46.2330552  37.3947782  30.9246664
 35.4526846  30.9085142  34.2581044  21.7032488  43.7107118  49.2698634
 49.539662   23.1705544  22.713559   18.7336074  22.235384   19.4877954
 20.3673016  19.9414718  22.7819156  24.6130192  21.4125258  23.4258774
 22.509398   25.3584746  21.1825116  23.6418398  31.1938276  24.2302078
 28.355969   25.863048   44.2018872  45.5491568  42.7428762  31.460929
 43.8633312  30.712041   22.1569576  34.8428896  45.3317464  43.5317604
 28.2450816  22.7023134  26.6789064  34.830569   25.2651638  24.7669388
 27.8734182  20.4810232  22.053283   25.334777   16.7390134  17.1625786
 20.6374084  19.793148   22.5894312  26.6851604  24.8988216  24.0199672
 29.8197894  41.171561   21.1993222  19.780722   39.7532128  50.
 37.2829758  33.931621   35.2951396  39.040555   47.8646296  34.5530966
 35.6201248  23.5753002  30.6709044  49.5590348  46.899645   23.8027808
 21.2791186  24.8922392  25.5419372  38.184668   34.4435662  32.7121648
 34.5756056  32.0388144  26.7115528  36.6871964  45.2554374  34.9500706
 42.359484   48.2489692  32.2472208  23.621152   21.795861   22.301831
 22.752606   24.781678   33.2390348  34.3933034  30.1595242  24.0565214
 22.1127266  28.5058872  26.2535096  19.8422708  24.2521494  33.8214416
 27.8356484  24.9335942  25.912111   33.6120852  35.5910894  28.7396726
 35.9023872  31.2432772  25.2308586  20.3479728  19.7889772  24.3491868
 19.7279184  20.938972   22.3356968  18.2467322  18.3016758  18.6187988
 21.9426692  21.118032   23.8178702  23.338047   21.3912128  18.632312
 24.3190858  25.448064   23.6811022  20.7502628  20.3765716  23.0853244
 20.531785   18.7822452  21.0438746  23.4856428  23.3922554  21.9292808
 21.030248   19.51236    22.193905   21.700072   20.7333576  32.1845468
 21.9324122  24.6445268  29.1311868  19.1493208  18.4393672  25.0851864
 25.9713608  27.8230268  22.9518378  23.9581466  20.0568272  27.4141622
 19.8939342  21.2782922  16.7382856  21.4039336  22.4819402  19.581184
 24.27894    18.4570078  23.9943568  24.174921   44.8794412  33.5903568
 18.5177024  23.7858772  41.5932078  48.4211596  48.6115386  29.9439236
 36.8065452  10.4916973   9.7393365  19.2714952  10.9068252  14.9334778
 10.6375118  12.1849744   8.54797386 12.8377188  12.5696268  12.0601012
 10.8913068   9.5022922   9.6237144   9.4219609   9.9584588  13.1702485
 16.2958758  15.4718934  11.5782366  18.2719746  16.0566202  16.4187488
 16.2735502  14.2122275   6.57290932 12.4627178   8.45814184 12.53782
 13.3280748  12.1008106   7.85828628  8.1905527  15.513611   27.7688162
 13.8466922  13.584442   22.1643388  14.433714    9.3118119  12.1764572
  6.6025882   8.840176   10.2934482   9.8056094   6.43812094 11.370222
 16.6957302  16.8352016  20.5318946  12.0209674  15.549089   10.4250776
 15.7730038  10.2119424  12.0612924  12.1134407  15.3579158  15.0903856
 22.3473896  14.7846826  13.8403231  10.5285874  11.4466866   8.4552868
  8.17691014 11.3261718   9.2815685  13.3074153  16.1856856  13.7671856
 10.4237126   9.679013   15.1534838  15.679888   13.8180242  14.5546224
 13.4183694  15.9425076  16.6466878  17.402214   11.5061624  12.9889244
 12.3247526  10.8362026  16.0610704  17.5123936  17.5966404  19.441385
 18.7090656  21.6338978  20.4777506  18.6052664  12.2295666  15.3580092
 15.3007554  19.4190112  18.4226384  24.7878284  20.986051   23.2205696
 18.1170202  15.5370874  16.6430176  12.6021228  15.848254   21.034063
 23.148382   29.2631072  29.9633694  24.0924648  21.7359852  22.8431478
 18.8654416  23.461874   14.8774432  13.0117516  10.961417   15.3469362
 17.4928552  20.571252   21.9765756  21.2221286  17.4657894  18.8579416
 20.6722442  18.7487406  19.1488756  22.799219   19.996543   27.9511948
 24.9981178  20.6631032 ]



*************************************************************
MODEL ERRORS (of CLIPPED predictions): 
 
[1.6004212e+00 9.0520781e-01 2.0609033e+00 2.1647525e+00 4.7693977e+00
 5.0406213e+00 2.7234087e+00 9.2014723e+00 1.3365616e+00 3.0608141e-01
 5.5423236e+00 5.8547562e-01 1.1610000e-01 1.0498334e+00 2.7753761e-01
 8.5286140e-01 2.4736459e+00 2.4673280e-01 1.9988862e+00 1.1689820e-01
 1.1386344e+00 2.7409849e+00 9.2413139e-01 1.7497399e-01 5.1586562e-01
 1.1848774e+00 5.9396642e-01 9.1821498e-01 2.5150601e-02 1.3798451e+00
 1.8379430e+00 1.7935562e+00 5.8917642e-01 2.5540037e+00 1.4061486e+00
 3.0179913e+00 1.7719188e+00 8.8496017e-01 1.4017832e+00 2.0833435e+00
 1.9999115e+00 4.1711712e+00 8.7334001e-01 6.4449601e-02 7.1611059e-01
 1.6751804e+00 1.9056100e+00 2.4659493e+00 5.7843620e-01 7.8232718e-01
 1.1071496e+00 3.0190879e-01 2.3082099e+00 1.6838508e+00 1.4594350e+00
 8.1249601e-01 2.1360395e+00 1.5583688e+00 9.9864841e-01 1.0899142e+00
 5.2153081e-01 1.6406941e+00 1.6264602e+00 1.0467248e+00 4.1254978e+00
 1.6932282e+00 3.8625979e-01 2.0005431e+00 1.5545092e+00 1.0582614e+00
 7.9183698e-01 1.8643700e-01 1.4643741e-01 1.5548819e-01 1.0613074e+00
 7.4240762e-01 4.5797041e-01 5.8817983e-01 5.4142278e-01 2.5202200e-01
 2.7533439e-01 5.5689877e-01 1.5132126e+00 1.2993370e+00 6.6825718e-01
 1.3806800e-02 2.1820080e-01 1.7048862e+00 6.1189375e+00 3.6881106e+00
 2.6801281e+00 2.8698759e+00 2.0228572e+00 9.4534242e-01 9.0454978e-01
 1.5831662e+00 1.9340256e+00 3.2721922e+00 1.0696660e+00 2.3828340e+00
 5.4792514e+00 2.2051220e+00 1.7022119e-01 3.7098521e-01 2.4427301e-01
 1.1127260e-01 5.7423759e-01 1.8684299e-01 5.7574803e-01 3.4304520e-01
 3.1407601e-01 9.5068061e-01 3.8587579e-01 1.0547920e-01 3.2988555e+00
 3.3877060e-01 7.4256819e-01 6.3352537e-01 8.9668202e-01 3.8956699e-01
 4.0169761e-01 1.2827961e+00 3.1194961e-01 1.4221498e+00 1.5531023e+00
 1.1650600e-02 2.6819837e+00 3.5313711e-01 1.4099600e-02 1.2818325e+00
 8.6949420e-01 2.3456299e-01 3.2628152e+00 2.1165161e+00 1.3973511e+00
 6.2307960e-01 3.4994799e-01 1.8060451e+00 1.8151066e+00 1.6034294e+00
 1.1465786e+00 3.0569227e+00 2.8085700e-01 8.3379403e-02 3.1987848e+00
 2.1173413e+00 7.4896258e-01 5.6937021e-01 4.1036882e+00 1.8176585e+00
 1.8145138e+00 2.1242428e+00 1.2719878e+00 2.1135323e+00 5.3782862e-01
 8.3067471e-01 1.8205159e+00 1.7690126e+00 7.4563413e+00 2.9459333e+00
 9.9793882e+00 2.6752107e+00 3.2676086e+00 8.1216723e-01 1.6030284e+00
 3.8518746e+00 1.8526714e+00 4.6458759e+00 5.6041843e-01 3.1157372e+00
 3.2770009e+00 3.3976991e+00 2.3175867e+00 2.7183678e+00 8.9124060e-01
 1.5648712e+00 9.3285543e-01 7.4458599e-02 3.1855020e-01 2.1808045e+00
 3.6560533e+00 1.0641143e+01 3.5348208e+00 4.3551698e+00 5.2165031e+00
 5.1531358e+00 7.5743165e+00 9.3685561e-01 1.2375072e+00 8.1087840e-01
 7.7675328e+00 3.1057427e+00 1.2966652e+00 2.7110359e-01 5.6787658e-01
 3.7669449e+00 4.0947781e+00 6.2466639e-01 8.5268462e-01 3.9914858e+00
 1.3581043e+00 2.3967512e+00 1.4107118e+00 7.6986343e-01 4.6033800e-01
 5.7055438e-01 1.6864409e+00 3.7663927e+00 2.1646161e+00 5.1220459e-01
 1.3326983e+00 6.4147180e-01 3.8191560e-01 3.4869809e+00 2.2874742e+00
 1.5741225e+00 7.9060203e-01 3.3415253e+00 3.1748840e-01 6.4183980e-01
 4.4938278e+00 2.5302079e+00 8.5596901e-01 4.2369518e+00 5.9811282e-01
 4.4508433e+00 5.1428761e+00 1.3907100e-01 2.8366687e+00 7.8795898e-01
 2.1430423e+00 3.1428895e+00 3.6317463e+00 4.7682395e+00 7.5491840e-01
 1.2976866e+00 1.5789064e+00 3.3305690e+00 1.5651639e+00 1.4669389e+00
 5.8734183e+00 3.8102320e-01 1.4671700e-01 1.6347769e+00 8.6098659e-01
 1.3374214e+00 3.6625917e+00 7.0685202e-01 1.9105688e+00 4.8516041e-01
 4.9882159e-01 7.8003281e-01 2.1978940e-01 1.6284389e+00 7.0067781e-01
 1.1192780e+00 4.2467871e+00 0.0000000e+00 1.2829758e+00 3.8316209e+00
 1.4951396e+00 4.0594449e+00 9.3537039e-01 3.5530965e+00 8.7987518e-01
 7.7530020e-01 2.9095599e-02 4.4096521e-01 3.3996451e+00 3.1027808e+00
 1.7911860e-01 3.0776080e-01 1.1419373e+00 2.9846680e+00 2.0435662e+00
 7.1216482e-01 1.3756056e+00 1.0611856e+00 2.3884473e+00 1.5871964e+00
 1.4456260e-01 4.4992939e-01 3.6405160e+00 1.7510308e+00 4.7220800e-02
 1.6211520e+00 1.6958610e+00 8.9816898e-01 4.5260599e-01 1.8322000e-02
 4.7390347e+00 2.9066966e+00 2.2595241e+00 1.5652139e-01 4.1272661e-01
 9.4112799e-02 8.4649038e-01 4.5772919e-01 1.7521493e+00 4.8214417e+00
 3.0356483e+00 2.9335942e+00 4.8788899e-01 5.1208520e-01 5.0891060e-01
 3.3967260e-01 2.5023873e+00 3.0432773e+00 2.4308586e+00 4.7972798e-02
 3.6889772e+00 2.2491868e+00 3.2791841e-01 6.6102803e-01 1.4643033e+00
 2.0467322e+00 5.0167578e-01 1.1812012e+00 1.1573308e+00 1.1803200e-01
 1.7870201e-02 2.3804700e-01 9.9121279e-01 1.3231200e-01 6.8091422e-01
 8.4806401e-01 6.8110222e-01 1.4497372e+00 1.0765716e+00 4.8532441e-01
 7.3178500e-01 1.6822453e+00 1.6438746e+00 1.2856427e+00 2.6922555e+00
 8.2928079e-01 1.5302480e+00 1.0123600e+00 1.5939050e+00 2.7000721e+00
 2.0333576e+00 5.1545322e-01 5.4324121e+00 7.4452680e-01 2.0688131e+00
 1.6493208e+00 1.2393672e+00 1.9851865e+00 1.4713608e+00 1.2230268e+00
 5.1837798e-02 1.4185341e-01 1.4568272e+00 2.6858377e+00 1.6939342e+00
 6.7829221e-01 1.0617144e+00 2.9606640e-01 2.1805979e-01 3.0188160e+00
 7.2105998e-01 1.4429922e+00 3.1943569e+00 7.3749208e+00 2.2979441e+01
 6.0903568e+00 3.3822975e+00 6.8587720e-01 8.4067926e+00 1.5788404e+00
 1.3884614e+00 2.0056076e+01 1.3193455e+01 3.3083026e+00 4.0606637e+00
 4.2714953e+00 2.9931748e+00 1.6334778e+00 2.4624882e+00 1.9849744e+00
 1.8520261e+00 1.9377187e+00 1.2696269e+00 2.3989880e-01 2.0913067e+00
 2.3022921e+00 8.7628561e-01 2.0219610e+00 2.4154121e-01 1.6702485e+00
 1.1958758e+00 7.7281065e+00 1.8782367e+00 4.4719744e+00 3.3566203e+00
 3.3187487e+00 3.7735503e+00 5.7122273e+00 1.5729094e+00 6.1627178e+00
 2.8581419e+00 5.3378201e+00 1.2280748e+00 3.8008106e+00 6.4171374e-01
 3.1905527e+00 3.6136110e+00 1.3118380e-01 3.3533077e+00 1.3915558e+01
 7.1643386e+00 2.7662859e+00 8.5881882e+00 4.1235428e+00 3.9741179e-01
 1.6401761e+00 2.7934482e+00 5.9439057e-01 2.3618791e+00 2.9702220e+00
 4.2698001e-03 2.6352017e+00 2.6810539e-01 1.3790326e+00 3.8490889e+00
 2.1250775e+00 5.5730038e+00 6.8805760e-01 1.0612924e+00 2.6134408e+00
 8.5791582e-01 9.9038559e-01 6.2473898e+00 4.8468259e-01 2.1403232e+00
 2.8714125e+00 1.8466866e+00 2.4471320e-01 2.2308986e-01 1.4738282e+00
 1.2184315e+00 3.7925847e+00 2.2143145e+00 1.6328144e+00 3.7628740e-01
 2.1209869e+00 2.5348380e-01 3.0798881e+00 2.8197581e-01 1.5546224e+00
 1.8369401e-02 7.4250758e-01 5.4668778e-01 3.9778599e-01 3.3938377e+00
 1.1110756e+00 3.7524739e-01 2.6637974e+00 1.1610703e+00 2.4876063e+00
 1.1966404e+00 1.7413850e+00 7.9093438e-01 1.4338979e+00 9.2224938e-01
 1.2947336e+00 6.7704334e+00 3.7419908e+00 3.7992446e+00 6.8098879e-01
 1.4773616e+00 5.1878285e+00 2.2139490e+00 6.5794306e+00 4.3170204e+00
 2.2370875e+00 5.6982402e-02 6.0212278e-01 1.2482539e+00 3.6593699e-01
 1.4838199e-01 5.5631070e+00 4.9633694e+00 2.2924647e+00 1.1359853e+00
 1.6431478e+00 2.3455840e-01 2.8618741e+00 3.2255679e-01 6.0117517e+00
 2.8614171e+00 1.7469362e+00 2.6071448e+00 1.2287480e+00 2.5234244e+00
 1.8778714e+00 2.2342105e+00 5.5794162e-01 5.2775580e-01 1.2487406e+00
 2.3488755e+00 3.9921901e-01 6.0345697e-01 4.0511947e+00 2.9981177e+00
 8.7631035e+00]

*************************************************************

