THIS FILE CONTAINS  cv_cross_val_predict() predictions FOR THIS CURRENT CONFIGURATION.
		 It can be used to verificate obtained results.





---------------------------------------------------------------------------------------------------------
FINAL y_pred (clipped).  FINAL PREDICTIONS USED TO CALCULATE SCORE METRICS
			 (mean over several cross_val_predict() executions)
---------------------------------------------------------------------------------------------------------
[-0.67184932 -0.59305349 -0.71451146 -0.66693286 -0.70829646 -0.61115536
 -0.64303009 -0.87413971 -0.7835404  -0.77868114 -0.67331923 -0.50318172
 -0.58344059 -0.65364061 -0.71402729 -0.68496442 -0.71583378 -0.53781583
 -0.63803971 -0.62545731 -0.61477868 -0.79069095 -0.87156839 -0.8367096
 -0.84647918 -0.72721557 -0.63750616 -0.79065866 -0.65827599 -0.69076387
 -0.66476685 -0.53731825 -0.58941926 -0.64827515 -0.75505286 -0.82570465
 -0.74139582 -0.67315415 -0.75100965 -0.70816308 -1.00990962 -0.80653555
 -0.57966662 -0.83204744 -0.73138082 -0.62128874 -0.69810358 -0.77892616
 -0.69006037 -0.57496218 -0.77489102 -0.75361443 -0.62206548 -0.61032094
 -0.79050793 -0.70268501 -0.90115845 -0.72343115 -0.70996977 -0.63720608
 -0.82063337 -0.77822058 -0.88449573 -0.7789899  -0.49340283 -0.57441242
 -0.7051524  -0.87621638 -0.77233152 -0.85936435 -0.69558896 -0.72174741
 -0.79450995 -0.64586359 -0.61047995 -0.82057871 -0.75210971 -0.90137274
 -0.79508655 -0.59055967 -0.82718446 -0.66072426 -0.56223866 -0.47550433
 -0.63259455 -0.50110502 -0.54007911 -0.43973537 -0.4673355  -0.55131121
 -0.72397422 -0.60271283 -0.50086853 -0.48178979 -0.6601565  -0.59308339
 -0.72672902 -0.6559658  -0.78999657 -0.7090475  -0.5650476  -0.63934539
 -0.60188954 -0.72412563 -0.5735035  -0.48409426 -0.66864357 -0.55977655
 -0.62870971 -0.57302538 -0.57638299 -0.62826475 -0.5874858  -0.45062591
 -0.70109219 -0.72222657 -0.60413901 -0.56286193 -0.60493906 -0.61305734
 -0.63052402 -0.62142823 -0.58349513 -0.61576269 -0.50071329 -0.43741
 -0.68011768 -0.86239581 -0.66669869 -0.48645863 -0.57876146 -0.46656648
 -0.61644203 -0.43837615 -0.80075487 -0.54184336 -0.75162555 -0.58038548
 -0.69653681 -0.58922118 -0.63817405 -0.60060174 -0.74527278 -0.63169594
 -0.54451288 -0.48706537 -0.69101487 -0.55991292 -0.44793542 -0.51034737
 -0.63252426 -0.46833944 -0.77219644 -0.6842072  -0.64476144 -0.59025155
 -0.68943799 -0.27388464 -0.4511333  -0.57778742 -0.46846945 -0.63094079
 -0.55917974 -0.50818598 -0.50523536 -0.79350664 -0.65695699 -0.55993693
 -1.0617285  -0.49092806 -0.80044883 -0.89070609 -0.52028005 -0.55506192
 -0.81425262 -0.79635729 -0.53286828 -0.44615204 -0.52204394 -0.80450214
 -0.372996   -0.57574141 -0.76304734 -0.60438121 -0.45142417 -0.70674558
 -0.51820912 -0.44815785 -0.71219877 -0.61981519 -0.86233506 -0.69205708
 -0.81528045 -0.76884397 -0.73776673 -0.71007021 -0.6098893  -0.74661523
 -0.65507677 -0.626297   -0.48406626 -0.28985509 -0.45829229 -0.6042422
 -0.56761775 -0.732344   -0.7180074  -0.55404754 -0.38286098 -0.79862931
 -0.53871794 -0.68911479 -0.74110099 -0.74435927 -0.6003962  -0.59414635
 -0.49233873 -0.33651565 -0.40734631 -0.52433484 -0.57718038 -0.46412002
 -0.28326624 -0.38805105 -0.40840832 -0.3732256  -0.33120603 -0.20993119
 -0.39368598 -0.6557619  -0.23337823 -0.46925169 -0.60428682 -0.34467761
 -0.59247158 -0.54022771 -0.58102932 -0.21991104 -0.45007619 -0.77360077
 -0.07272078 -0.49320603 -0.3759371  -0.50346011 -0.31319067 -0.41779037
 -0.59661345 -0.59836873 -0.57537319 -0.53840683 -0.40746318 -0.60035517
 -0.55345886 -0.102711   -0.51274904 -0.48193056 -0.51373807 -0.62736481
 -0.5658978  -0.22267008 -0.30095028 -0.37986078 -0.619989   -0.52971022
 -0.6085825  -0.49190293 -0.5165811  -0.50741099 -0.41465813 -0.16227211
 -0.31703375 -0.40169447 -0.6863838  -0.31461533 -0.37940964 -0.65152225
 -0.43210559 -0.52563423 -0.54601674 -0.50742279 -0.50021868 -0.58712156
 -0.56593074 -0.53001807 -0.61917004 -0.72491912 -0.64923946 -0.69319879
 -0.91727444 -0.80998897 -0.70988051 -0.77394979 -0.70090597 -0.65541493
 -0.52482987 -0.4750628  -0.58181754 -0.71326933 -0.6238885  -0.75579948
 -0.7657658  -0.71835349 -0.56806184 -0.81106055 -0.6706505  -0.62300357
 -0.49444396 -0.80297893 -0.48735807 -0.4533914  -0.47882758 -0.5843757
 -0.72376041 -0.74992083 -0.58491555 -0.64321121 -0.72221134 -0.53117883
 -0.68663251 -0.66930265 -0.61589301 -0.49543861 -0.66475148 -0.61935777
 -0.8649701  -0.6437721  -0.45733718 -0.66613967 -0.62111137 -0.7089175
 -0.62420373 -0.60084116 -0.79098464 -0.69309216 -0.75656481 -0.76678525
 -0.70710101 -0.66542741 -0.64971099 -0.60124214 -0.75357499 -0.69863223
 -0.75227459 -0.75270121 -0.59850114 -0.5264025  -0.65590442 -0.69423128
 -0.69536287 -0.67011188 -1.03116886 -0.6990894  -0.48122429 -0.5406625
 -0.48465666 -0.78179064 -0.64489931 -0.70414824 -0.68636005 -1.08082254
 -0.69678701 -0.87929798 -0.89700276 -0.82345083 -0.7956373  -0.98632239
 -0.81551982 -0.63464254 -0.74762618 -0.72301111 -1.09023754 -0.89501841
 -0.93025778 -0.69301131 -0.74240755 -0.7801347  -0.92983398 -0.74176602
 -0.68906073 -0.99078028 -1.8493791  -0.79673066 -0.83237983 -1.2378053
 -0.53549549 -0.86357817 -0.76413248 -0.75048356 -0.85765296 -0.83298308
 -0.78437791 -0.76528328 -0.88684005 -0.71603667 -0.88843047 -0.70927891
 -0.56630369 -0.77356392 -0.77224087 -0.78987994 -0.77033993 -0.99545681
 -0.80326218 -0.74248075 -0.41953926 -0.7855969  -0.79350257 -0.87490642
 -0.77477956 -0.64991226 -0.63308765 -0.95653482 -0.7891092  -0.76314181
 -0.91697293 -0.7109609  -0.63904475 -0.88037881 -0.84787594 -0.71372985
 -0.72449939 -0.71685046 -0.82907947 -0.95177191 -0.73432589 -0.77845865
 -0.74862771 -0.77012851 -0.63289827 -0.8360747  -0.841699   -0.74496125
 -0.85927604 -0.74163757 -0.79234678 -0.84836389 -0.76528519 -0.71858507
 -0.74320067 -0.80757199 -0.65480355 -0.9461653  -0.73255196 -1.353987
 -0.709751   -0.6429645  -0.92384654 -0.83370716 -0.84058276 -0.64323725
 -0.8324346  -0.74956244 -0.61772861 -0.82865843 -0.60225729 -0.85196442
 -0.84851717 -0.73944376 -0.78353278 -0.82391395 -0.90327438 -0.92421091
 -0.73798805 -0.69169021 -0.80850053 -0.89025526 -0.7519534  -0.7009079
 -0.72076391 -0.86518198 -0.73424657 -0.75548388 -0.46235351 -0.68378879
 -0.75745434 -0.99435401 -0.74702197 -0.49831387 -0.80567736 -0.59325121
 -0.98603297 -0.81085984 -0.61234394 -0.95321675 -0.66584341 -0.54762121
 -0.92648269 -0.74319055 -0.71495032 -0.83571372 -0.82593396 -0.94594283
 -0.90565481 -0.63206617 -0.73518155 -0.97454781 -0.80921923 -0.736802
 -0.61807718 -0.88908925 -0.85177929 -0.92641937 -0.87002259 -0.70134152
 -0.88676109 -0.86301624 -0.57536379 -0.60432202 -0.69022011 -0.9710608
 -0.66336843 -0.74959774 -0.75442452 -0.79540574 -0.46619458 -0.25055273
 -0.45876781 -0.26876285 -0.44732829 -0.43053054 -0.36926426 -0.21199907
 -0.40301528 -0.44740601 -0.36861268 -0.24269518 -0.10592263 -0.51137554
 -0.3818962  -0.45173712 -0.21387809 -0.45664697 -0.207525   -0.58175722
 -0.22069146 -0.30349528 -0.39771137 -0.36049773 -0.42675591 -0.35424013
 -0.45290493 -0.44550168 -0.64296848 -0.29354376 -0.32310045 -0.18690039
 -0.71364917 -0.47767013 -0.51429949 -0.12402291 -0.40472117 -0.39930002
 -0.34589246 -0.56971671 -0.20664755 -0.50992187 -0.28240026 -0.34364294
 -0.53929067 -0.55678107 -0.46947124 -0.47188286 -0.39408956 -0.45709295
 -0.41881371 -0.43837467 -0.45435593 -0.72725276 -0.46476723 -0.4422627
 -0.41579715 -0.53770196 -0.65145985 -0.54670773 -0.43150871 -0.4110269
 -0.66166702 -0.47037451 -0.47638881 -0.35168041 -0.47505976 -0.3954566
 -0.4795533  -0.47686373 -0.44143764 -0.53154791 -0.46243571 -0.49470299
 -0.45292668 -0.49780096 -0.44113316 -0.47080239 -0.44583237 -0.4024094
 -0.44163018 -0.48869981 -0.83000876 -0.43695775 -0.52015361 -0.53666926
 -0.44435289 -0.47159731 -0.49175761 -0.58796216 -0.42718321 -0.47709642
 -0.43845892 -0.51159742 -0.4492362  -0.49300169 -0.55053481 -0.53774177
 -0.65990941 -0.39095534 -0.60889726 -0.52169911 -0.47872795 -0.54219468
 -0.51906038 -0.43731833 -0.45103525 -0.48980767 -0.42713291 -0.47170278
 -0.52512395 -0.4511912  -0.53112059 -0.47457564 -0.47875079 -0.51486944
 -0.46846113 -0.43269523 -0.45964678 -0.50798026 -0.44907134 -0.38595403
 -0.58788183 -0.46794779 -0.52111233 -0.60055906 -0.52520366 -0.52205021
 -0.41942097 -0.4305494  -0.42654178 -0.36908137 -0.45307068 -0.50663759
 -0.53773993 -0.53846661 -0.48234348 -0.52246655 -0.48175097 -0.45435815
 -0.50012885 -0.50835277 -0.5094899  -0.53681293 -0.45337499 -0.43362536
 -0.53061933 -0.51687926 -0.5566009  -0.43389739 -0.46199001 -0.46579898
 -0.41450364 -0.46877912 -0.48928377 -0.61924378 -0.43527987 -0.52934851
 -0.49382378 -0.47828429 -0.57889148 -0.55237569 -0.48399996 -0.63699083
 -0.61141413 -0.52045326 -0.58830346 -0.60162443 -0.46900281 -0.60261962
 -0.43199909 -0.51099099 -0.5875032  -0.46441538 -0.44694572 -0.487091
 -0.49454042 -0.46622181 -0.55948691 -0.52758507 -0.5102513  -0.54722381
 -0.55935617 -0.50633404 -0.59272628 -0.55527929 -0.55547752 -0.55278269
 -0.49365515 -0.5532882  -0.5483285  -0.5377247  -0.53413216 -0.56232798
 -0.58602836 -0.47834559 -0.4690179  -0.54175485 -0.82157104 -0.48945282
 -0.54173516 -0.45173172 -0.51330355 -0.54674777 -0.46283138 -0.41505474
 -0.39222195 -0.53001001 -0.44346096 -0.48262027 -0.51531262 -0.43130655
 -0.56060512 -0.52883231 -0.55719522 -0.57219005 -0.50427011 -0.55427679
 -0.56260123 -0.5416841  -0.50947243 -0.49333146 -0.40400807 -0.53589869
 -0.73921527 -0.48801892 -0.500327   -0.6390208  -0.39118764 -0.60080903
 -0.53978995 -0.43480269 -0.48450066 -0.50260929 -0.58690625 -0.4872628
 -0.45839315 -0.4600688  -0.40624594 -0.38945001 -0.39081274 -0.4326612
 -0.40972893 -0.44029789 -0.46322052 -0.4519182  -0.44541494 -0.41997077
 -0.46280044 -0.40086609 -0.44196023 -0.50222496 -0.48415043 -0.46462898
 -0.40078182 -0.43927517 -0.3944014  -0.39735711 -0.42594267 -0.43867046
 -0.43917579 -0.48403904 -0.43020473 -0.4349085  -0.49947582 -0.43952993
 -0.46366447 -0.36525426 -0.48638204 -0.39584609 -0.3924839  -0.394124
 -0.39896979 -0.47221433 -0.42277193 -0.43423341 -0.42176437 -0.43900372
 -0.39821015 -0.4479813  -0.46288247 -0.49244145 -0.40330244 -0.40406189
 -0.41751717 -0.46313036 -0.45431443 -0.446293   -0.51941549 -0.59387311
 -0.48071448 -0.40823196 -0.42617459 -0.49463375 -0.42865838 -0.41111961
 -0.40702848 -0.42667578 -0.43182723 -0.49372345 -0.51965398 -0.44157682
 -0.52671715 -0.36103463 -0.43785582 -0.417324   -0.47362786 -0.48310967
 -0.42995204 -0.37950071 -0.52932139 -0.41441717 -0.48815146 -0.4044862
 -0.48579722 -0.54590114 -0.52027848 -0.40000237 -0.44535977 -0.48461964
 -0.48263644 -0.50720045 -0.64778117 -0.43338392 -0.41145395 -0.45243723
 -0.36684339 -0.47409702 -0.43591798 -0.47640067 -0.40215246 -0.46267356
 -0.38943115 -0.51296396 -0.5126163  -0.36725301 -0.42788181 -0.48133407
 -0.48333952 -0.58586161 -0.45034455 -0.56082205 -0.52696295 -0.49710995
 -0.53548631 -0.42807075 -0.44441695 -0.50198813 -0.37601164 -0.28983745
 -0.41817508 -0.45964038 -0.5086475  -0.28815629 -0.60194648 -0.58155685
 -0.4052086  -0.47911038 -0.50974045 -0.79136303 -0.3685493  -0.38330662
 -0.67464225 -0.38380491 -0.62111985 -0.58468466 -0.56162452 -0.84390395
 -0.347771   -0.38549045 -0.53705599 -0.49988928 -0.288615   -0.44014028
 -0.3061784  -0.45086445 -0.58641717 -0.425003   -0.32174258 -0.41778854
 -0.46029799 -0.33909251 -0.45002331 -0.43361502 -0.51077558 -0.40515196
 -0.50435292 -0.3257828  -0.62854977 -0.35688937 -0.45905105 -0.37311133
 -0.6653573  -0.57052714 -0.49345792 -0.46440812 -0.40490403 -0.5394293
 -0.42271882 -0.5579732  -0.43530912 -0.35079581 -0.4771741  -0.49896061
 -0.39683771 -0.40802728 -0.45035568 -0.37278089 -0.35879107 -0.42801565
 -0.39408891 -0.47714266 -0.47687473 -0.38672337 -0.55854613 -0.35385282
 -0.46766654 -0.9119797  -0.40600645 -0.37963    -0.45788925 -0.55970247
 -0.39137254 -0.60125999 -0.61911891 -0.56536223 -0.35316867 -0.42023682
 -0.34781031 -0.34631193 -0.38122589 -0.3871404  -0.53165651 -0.52111627
 -0.4259398  -0.43466777 -0.28829077 -0.46136795 -0.42383758 -0.45682486
 -0.45048516 -0.65892529 -0.61086012 -0.67037986 -0.58217241 -0.42882629
 -0.7279943  -0.63935678 -0.82714462 -0.61597883 -0.73638989 -0.68059049
 -0.69164429 -0.61543939 -0.74810417 -0.56069467 -0.6189352  -0.5931595
 -0.57509858 -0.72167044 -0.71016642 -0.41571051 -0.68083357 -0.65700612
 -0.59767388 -0.9268993  -0.71313342 -0.75387125 -0.57953868 -0.49160978
 -0.60325396 -0.66033208 -0.53269393 -0.56047636 -0.64120066 -0.76789122
 -0.62484265 -0.74506949 -0.67168742 -0.62050713 -0.61961251 -0.63352759
 -0.59559027 -0.62258045 -0.58342466 -0.60082047 -0.63698524 -0.50006013
 -0.83848141 -0.8315638  -0.6964462  -0.63011036 -0.65807246 -0.570399
 -0.47752375 -0.68016955 -0.58256613 -0.65069043 -0.75773752 -0.67880687
 -0.71816421 -0.72011555 -0.73745212 -0.57682791 -0.69989483 -0.68666721
 -0.59291519 -0.71540503 -0.70112413 -0.64520056 -0.63602435 -0.44774724
 -0.68139259 -0.56238313 -0.57894609 -0.66292739 -0.52145979 -0.94576101
 -0.65518182 -0.64336665 -0.46722043 -0.68011859 -0.75725536 -0.75438888
 -0.4806564  -0.60417132 -0.58178825 -0.65371814 -0.67797775 -0.64273221
 -0.64424483 -0.61132194 -0.65418765 -0.60596602 -0.55919683 -0.60171201
 -0.54073192 -0.59924872 -0.76497124 -0.83831787 -0.63907066 -0.70780978
 -0.58917162 -0.60367223 -0.84676463 -0.57822073 -0.7447377  -0.69289175
 -0.70565596 -0.65819107 -0.65085487 -0.62639906 -0.56770341 -0.55750056
 -0.65966993 -0.82834204 -0.6440142  -0.64445159 -0.55584585 -0.76735498
 -0.62683382 -0.66851987 -0.64921226 -0.56446458 -0.5247511  -0.5606642
 -0.56908202 -0.59950779 -0.58147347 -0.70769084 -0.75678702 -0.73495084
 -0.4915681  -0.49375011 -0.48218067 -0.61405519 -0.54647447 -0.68614592
 -0.68804876 -0.54259146 -0.58617534 -0.61831999 -0.54657594 -0.5107831
 -0.62769255 -0.6070424  -0.5355192  -0.66938952 -0.61010748 -0.68490462
 -0.64702393 -0.48344814 -0.85822446 -0.49575294 -0.55410749 -0.61619379
 -0.71433868 -0.87352593 -0.72739875 -0.55212319 -0.57327003 -0.73852345
 -0.55208042 -0.58093213 -0.62267556 -0.5675719  -0.50415266 -0.383649
 -0.53698658 -0.51681038 -0.67027462 -0.56758446 -0.61431861 -0.53785071
 -0.63194902 -0.47486246 -0.60369467 -0.55752315 -0.58417861 -0.87332305
 -0.53620307 -0.69082727 -0.52607978 -0.46957807 -1.06052261 -0.52968348
 -0.56290052 -0.47769476 -0.43969115 -0.46068886 -0.42281416 -0.47053027
 -0.42309471 -0.39942916 -0.47861784 -0.44660977 -0.3860052  -0.48092911
 -0.46984693 -0.41505975 -0.44791461 -0.45470746 -0.70068684 -0.68371419
 -0.70692201 -0.65617858 -0.71164216 -0.71527327 -0.70904773 -0.65828201
 -0.82710918 -0.72461763 -0.68724621 -0.67768736 -0.55358735 -0.73234826
 -0.55238439 -0.71375666 -0.66861491 -0.74266429 -0.740906   -0.69798684
 -0.76823601 -0.76434029 -0.7605648  -0.91249227 -0.37014582 -0.55486262
 -0.62149487 -0.38411494 -0.48211865 -0.53745257 -0.57212732 -0.59815533
 -0.46628869 -0.29794849 -0.41390033 -0.43600264 -0.67873599 -0.54869631
 -0.32886652 -0.31206516 -0.46829218 -0.50123301 -0.36238335 -0.45367338
 -0.29300567 -0.44436034 -0.49971333 -0.30434079 -0.51390855 -0.52912344
 -0.50182591 -0.48341167 -0.39910317 -0.39951654 -0.49510428 -0.43050855
 -0.46683006 -0.33705613 -0.37222406 -0.33143549 -0.46581072 -0.41253959
 -0.5009947  -0.43393524 -0.28829138 -0.42046184 -0.49039166 -0.51465227
 -0.50468217 -0.53137127 -0.62545974 -0.54493269 -0.51430996 -0.26268417
 -0.73498453 -0.52810941 -0.56413491 -0.3310381  -0.45569597 -0.16819389
 -0.27285763 -0.53423493 -0.3049065  -0.53119593 -0.44537343 -0.32569889
 -0.36173611 -0.48869004 -0.39775676 -0.45077222 -0.38963984 -0.67908556
 -0.34371814 -0.44165697 -0.335418   -0.57665331 -0.45685183 -0.30362021
 -0.4562762  -0.41181179 -0.44758052 -0.38387133 -0.39260462 -0.28606035
 -0.3733802  -0.31885257 -0.38061804 -0.48181675 -0.4241157  -0.33754932
 -0.52052761 -0.55795    -0.49173695 -0.55095432 -0.34835208 -0.513681
 -0.53956138 -0.4798901  -0.67726019 -0.53805521 -0.42152547 -0.24907895
 -0.31397987 -0.33015286 -0.37700245 -0.38239073 -0.29373099 -0.47832406
 -0.41272885 -0.32557232 -0.381988   -0.2564238  -0.34733762 -0.32580819
 -0.45621756 -0.29371339 -0.29108961 -0.36127436 -0.32490674 -0.29317145
 -0.34457241 -0.36228622 -0.39213937 -0.37494008 -0.40479888 -0.37408339
 -0.30171897 -0.31342835 -0.37992502 -0.27577419 -0.33836035 -0.3081977
 -0.38756338 -0.32348797 -0.4132473  -0.28282766 -0.30304878 -0.34073572
 -0.33908046 -0.25499026 -0.34539441 -0.30604639 -0.44052104 -0.37150478
 -0.30154021 -0.30449311 -0.40145206 -0.34129074 -0.34401568 -0.36219138
 -0.3719151  -0.35911359 -0.44213062 -0.41644206 -0.31220868 -0.33720083
 -0.36412317 -0.32748754 -0.32143436 -0.35926346 -0.37524318 -0.30290191
 -0.37162841 -0.32294324 -0.36799318 -0.35181287 -0.44507409 -0.40006516
 -0.32922529 -0.31390743 -0.37999979 -0.3490939  -0.36480991 -0.42523514
 -0.39066169 -0.41677857 -0.31343771 -0.3179164  -0.28845974 -0.36504018
 -0.3189261  -0.38231559 -0.27505918 -0.36799737 -0.32858943 -0.45434425
 -0.33332072 -0.34888482 -0.58210193 -0.6941762  -0.41688107 -0.51770098
 -0.50204458 -0.7816378  -0.5331774  -0.46879017 -0.57659922 -0.44057367
 -0.53594589 -0.49487192 -0.63494039 -0.78983431 -0.55294057 -0.44533731
 -0.60875917 -0.69784915 -0.37258104 -0.41662911 -0.35710289 -0.62610297
 -0.48931158 -0.68081768 -0.6744692  -0.55494646 -0.64526031 -0.47212889
 -0.62390112 -0.59161012 -0.44069451 -0.37462244 -0.44018401 -0.59992936
 -0.44971395 -0.85681097 -0.49802918 -0.71260821 -0.41719015 -0.46758631
 -0.69309654 -0.90059404 -0.53093647 -0.80779081 -0.65749756 -0.51858843
 -0.66639593 -0.63651008 -0.51482331 -0.53076257 -0.48618982 -0.54148427
 -0.88136315 -0.62732312 -0.49298752 -0.37701934 -0.52882104 -0.56431189
 -0.64396419 -0.60243334 -0.5744036  -0.54865236 -0.61953293 -0.49911296
 -0.43398711 -0.43428365 -0.79325192 -0.61790835 -0.69920194 -0.58390693
 -0.635825   -0.80459043 -0.59469225 -0.42975333 -0.63550105 -0.78103897
 -0.4988183  -0.50193812 -0.40776887 -0.5358573  -0.53862313 -0.65083898
 -0.68092059 -0.4926175  -0.53763478 -0.49910069 -0.50117624 -0.51894975
 -0.53445    -0.45934223 -0.46199638 -0.74594463 -0.64802803 -0.62757983
 -0.44204575 -0.62292956 -0.46160258 -0.65710927 -0.48865647 -0.46431013
 -0.55719595 -0.46323628 -0.47123241 -0.47768158 -0.41438834 -0.56120474
 -0.48682247 -0.64034887 -0.51387712 -0.50241121 -0.47328044 -0.47944117
 -0.45908302 -0.45184665 -0.53553598 -0.49555099 -0.66766621 -0.63547123
 -0.45931148 -0.42034589 -0.65005362 -0.44984524 -0.41356413 -0.52937991
 -0.43164283 -0.41333848 -0.5283656  -0.5058599  -0.51532785 -0.52703888
 -0.65419173 -0.5644278  -0.7571973  -0.38777846 -0.50690956 -0.56086709
 -0.52810019 -0.45939212 -0.48020154 -0.44069184 -0.51278001 -0.51460948
 -0.4538593  -0.47025233 -0.46444327 -0.50749971 -0.39858429 -0.48357317
 -0.6536259  -0.46948236 -0.44899677 -0.44530067 -0.46126424 -0.71027745
 -0.57010351 -0.61439251 -0.44600107 -0.51016974 -0.45219398 -0.78550267
 -0.50417988 -0.54647438 -0.71976637 -0.48753131 -0.53419003 -0.54103059
 -1.03457752 -0.39194994 -0.43241476 -0.55255983 -0.52994855 -0.46112953
 -0.51614325 -0.53053694 -0.52665931 -0.48757907 -0.55464607 -0.42549609
 -0.58193248 -0.38691677 -0.3838689  -0.64961868 -0.47364638 -0.41343028
 -0.54618758 -0.40506299 -0.41915486 -0.44902558 -0.49546214 -0.53002971
 -0.48477681 -0.51636463 -0.5103299  -0.52657403 -0.38992208 -0.52363203
 -0.78435181 -0.39408844 -0.51483951 -0.45585071 -0.26074814 -0.36637651
 -0.20580541 -0.52207939 -0.37095031 -0.45410649 -0.23081792 -0.41148648
 -0.47017109 -0.30823449 -0.39265963 -0.4531423  -0.60766623 -0.22881278
 -0.45423307 -0.16354611 -0.22235889 -0.5866831  -0.35838624 -0.2859375
 -0.43797039 -0.44976958 -0.34799371 -0.46714481 -0.21383358 -0.31817117
 -0.31167564 -0.32261953 -0.54293578 -0.30311985 -0.40167752 -0.21443886
 -0.37084287 -0.44367234 -0.29809454 -0.41756782 -0.22162212 -0.38211974
 -0.46023934 -0.40314147 -0.44761449 -0.36001666 -0.32374664 -0.48523441
 -0.33582377 -0.2937193  -0.39458204 -0.41878362 -0.2382579  -0.42252245
 -0.23993616 -0.21381841 -0.55232391 -0.55512925 -0.35276804 -0.24745371
 -0.28504041 -0.27459977 -0.44519326 -0.56036377 -0.28737641 -0.32658252
 -0.62676246 -0.43511208 -0.46919592 -0.49664273 -0.43946851 -0.33233213
 -0.44223685 -0.44461764 -0.43729911 -0.45104543 -0.49411749 -0.46283794
 -0.49425931 -0.52810189 -0.51372119 -0.30668584 -0.36393974 -0.53486483
 -0.53352574 -0.40460187 -0.44802254 -0.38319504 -0.41654115 -0.34823656
 -0.54177834 -0.37507427 -0.38211055 -0.35957804 -0.31811673 -0.33574441
 -0.53871339 -0.50188797 -0.34627119 -0.27431048 -0.33307614 -0.44259646
 -0.26115784 -0.40697369 -0.47157674 -0.4092203  -0.47457266 -0.44799966
 -0.30526645 -0.40011441 -0.41624047 -0.61094408 -0.5215188  -0.26612686
 -0.29229179 -0.275554   -0.56035331 -0.46880994 -0.41103103 -0.40026762
 -0.53206405 -0.4247295  -0.51305366 -0.37540109 -0.3469883  -0.46242334
 -0.40768791 -0.51790024 -0.39021752 -0.4797447  -0.49148215 -0.32404265
 -0.54139892 -0.53319526 -0.48591401 -0.55730971 -0.61199082 -0.46058814
 -0.39005191 -0.34728336 -0.4098767  -0.44263408 -0.24226604 -0.53642788
 -0.40753614 -0.50370909 -0.56172011 -0.36565563 -0.31099329 -0.53495296
 -0.50564893 -0.69266672 -0.49705865 -0.57546827 -0.23183754 -0.34879361
 -0.52350038 -0.53368394 -0.34721698 -0.47901543 -0.47724845 -0.50230003
 -0.46530138 -0.22587288 -0.56399339 -0.41907076 -0.61342548 -0.46531392
 -0.40875495 -0.52489727 -0.54489406 -0.54074051 -0.46005985 -0.46242968
 -0.39338569 -0.54103953 -0.52702712 -0.69476907 -0.52252009 -0.61032659
 -0.6421522  -0.66009871 -0.7582213  -0.72515998 -0.67416736 -0.92143729
 -0.51397274 -0.65727022 -0.63800647 -0.57659724 -0.51084744 -0.58396828
 -0.71526147 -0.68952001 -0.51297445 -0.49790435 -0.60843351 -0.62242194
 -0.67828324 -0.36275887 -0.74172024 -0.5128651  -0.72845466 -0.35854349
 -0.92325688 -0.74042882 -0.71958236 -0.48972434 -0.25501293 -0.66009631
 -0.79810123 -0.46636214 -0.37707868 -0.61787043 -0.92646839 -0.4460465
 -0.75154643 -0.51696655 -0.57383993 -0.64629263 -0.57364942 -0.70278144
 -0.63673824 -0.57523612 -0.45371543 -0.58087203 -0.48258111 -0.4328869
 -0.45222601 -0.55459032 -0.59824241 -0.72515485 -1.13752928 -0.64286093
 -0.67489101 -0.64521509 -0.63697488 -0.62734011 -0.61181067 -0.64176822
 -0.58970729 -0.72459107 -0.62384343 -0.5753498  -0.59335496 -0.5422237
 -0.60907306 -0.59653742 -0.62012718 -0.60298734 -0.35460101 -0.6094136
 -0.6218214  -0.9216443  -0.57949379 -0.69160037 -0.64649853 -0.58962224
 -0.61965102 -0.51044036 -1.11419904 -0.60377072 -0.61355317 -0.5926123
 -0.58598673 -0.61553712 -0.61765204 -0.62059339 -0.67025848 -0.47388323
 -0.75861482 -0.59461107 -0.62199361 -0.50856475 -0.60576762 -0.49446964
 -0.4898796  -0.65529597 -0.57012681 -0.63970719 -0.62860202 -0.47410302
 -0.66475883 -0.57375281 -0.73421297 -0.59265133 -0.56113599 -0.58046885
 -0.607262   -0.52354796 -0.66118493 -0.60039973 -0.79589115 -0.71057136
 -0.62501057 -0.76663237 -0.66792766 -0.66808361 -0.79616904 -0.76230002
 -0.7673861  -0.78983412 -0.76106483 -0.84597298 -0.84669475 -0.8123871
 -0.64663468 -0.7812089  -0.76986354 -0.81411631 -0.73751696 -0.67155564
 -0.75650674 -0.58207322 -0.8874461  -0.85679982 -0.89962613 -0.95874923
 -0.64497007 -0.65193661 -0.85740915 -0.68683599 -0.80371974 -0.87718572
 -0.91408406 -0.79935241 -0.8529226  -0.92753666 -0.70026948 -0.61717187
 -0.91162912 -0.86687476 -0.7933514  -0.89510638 -0.89805439 -0.76865123
 -0.6869386  -0.84515441 -0.78872084 -0.61098477 -0.81199536 -0.8847956
 -0.83766287 -0.72922611 -0.75458783 -0.91187369 -0.784168   -0.72380457
 -0.62523561 -0.74688904 -0.88179002 -0.80759676 -0.657154   -0.75157327
 -0.73539224 -0.87101011 -0.84692431 -0.81559064 -1.13811012 -0.94198619
 -0.6332024  -0.87678259 -0.72313083 -0.68685053 -0.80669063 -0.97635133
 -0.64679359 -0.81769219 -0.79796037 -0.9437004  -0.82049508 -0.82840599
 -0.82544311 -0.85505966 -0.8789668  -0.79666584 -0.71946614 -0.78746292
 -0.64590828 -0.70913959 -0.52784508 -0.8643574  -0.87399854 -0.78090042
 -0.77948365 -0.76086701 -0.90113271 -0.90365703 -0.79398734 -0.9544589
 -0.70887467 -0.6757587  -0.25350436 -0.40049875 -0.37347637 -0.27385415
 -0.33561323 -0.27539347 -0.23882021 -0.50915937 -0.43737607 -0.31262622
 -0.3512785  -0.28412501 -0.33638313 -0.27404277 -0.31913047 -0.32171234
 -0.21566323 -0.49512957 -0.25546947 -0.23942549 -0.28828472 -0.21380068
 -0.2967562  -0.24107539 -0.3005567  -0.29354132 -0.39254112 -0.3630667
 -0.40743009 -0.45615696 -0.30385069 -0.25795783 -0.26020007 -0.2885698
 -0.34097749 -0.37054956 -0.29071899 -0.21675287 -0.48596767 -0.43235241
 -0.27089461 -0.23678304 -0.5276122  -0.16393214 -0.50367592 -0.2423533
 -0.39230838 -0.26997509 -0.35854659 -0.35288837 -0.47925596 -0.323799
 -0.4347867  -0.63532999 -0.58273138 -0.63109697 -0.62256659 -0.80250114
 -0.5582878  -0.66496209 -0.62965472 -0.68563691 -0.64468152 -0.60845704
 -0.62916172 -0.67548125 -0.63702939 -0.64202871 -0.62358857 -0.59688109
 -0.57236967 -0.57273493 -0.56085268 -0.59605711 -0.59809059 -0.58829721
 -0.71094057 -0.65472614 -0.53339845 -0.68957346 -0.51848673 -0.60508864
 -0.65401529 -0.66574529 -0.52211537 -0.64335201 -0.59876837 -0.56459284
 -0.61920222 -0.61294335 -0.77644771 -0.6022384  -0.64407649 -0.67936684
 -0.64821105 -0.54582831 -0.66569167 -0.62968812 -0.55336542 -0.60988624
 -0.55148768 -0.7118816  -0.62470563 -0.6131875  -0.52910233 -0.59154529
 -0.5944755  -0.57838866 -0.58524817 -0.58220125 -0.54539396 -0.56201913
 -0.65579287 -0.55078502 -0.55696124 -0.52570709 -0.60853463 -0.71183943
 -0.66795675 -0.68346939 -0.56899357 -0.56072296 -0.61070479 -0.69651883
 -0.57867452 -0.68641061 -0.59986137 -0.60954527 -0.60260035 -0.57466124
 -0.59768041 -0.64302595 -0.5919077  -0.49564822 -0.57058061 -0.67375545
 -0.63264622 -0.65097545 -0.51993515 -0.66347863 -0.58459473 -0.61603893
 -0.45594493 -0.67174323 -0.43686218 -0.61247538 -0.58083977 -0.70170066
 -0.69728351 -0.5545499  -0.69013667 -0.6731037  -0.65260252 -0.34924255
 -0.70689183 -0.53736473 -0.77207173 -0.53144437 -0.56330222 -0.64887153
 -0.74532578 -0.50969992 -0.4909156  -0.44532614 -0.60633758 -0.69613894
 -0.68979487 -0.39930682 -0.54599475 -0.49607653 -0.41898146 -0.59308253
 -0.59081152 -0.70670778 -0.6057835  -0.59369236 -0.58045967 -0.56200589
 -0.56833488 -0.59805283 -0.70146933 -0.56763702 -0.62613288 -0.59183274
 -0.59639475 -0.72138164 -0.5873291  -0.55107547 -0.61489215 -0.59081504
 -0.64602112 -0.6779626  -0.55942806 -0.58289209 -0.59429939 -0.62828691
 -0.68189399 -0.59966287 -0.61045569 -0.5415011  -0.88106771 -0.66812866
 -0.72080529 -0.6724255  -0.5814878  -0.50550117 -0.60866617 -0.65701836
 -0.65133486 -0.65556774 -0.57170162 -0.63343473 -0.60070387 -0.58988898
 -0.53286607 -0.62367445 -0.58554062 -0.58285059 -0.40730856 -0.60451393
 -0.47220606 -0.48000232 -0.51445689 -0.50292461 -0.44444656 -0.43527122
 -0.38308328 -0.50122561 -0.21003227 -0.34687594 -0.41214896 -0.53810852
 -0.46151229 -0.42546809 -0.4319136  -0.44260235 -0.38806334 -0.50547589
 -0.44979681 -0.45676294 -0.45409249 -0.5071519  -0.41814159 -0.54811005
 -0.47982023 -0.2260138  -0.47206503 -0.48995479 -0.45244066 -0.28944122
 -0.45119106 -0.48921476 -0.12674988 -0.50011991 -0.74851956 -0.60580036
 -0.67364407 -0.64920881 -0.6873541  -0.67743523 -0.64917288 -0.66732918
 -0.5728263  -0.63562104 -0.72152332 -0.49155594 -0.67884599 -0.84025356
 -0.59997523 -0.77007457 -0.67413197 -0.71911276 -0.72140213 -0.62494718
 -0.6426014  -0.65438633 -0.62517789 -0.68223242 -0.62233789 -0.69295861
 -0.45899534 -0.71336697 -0.57704229 -0.72410078 -0.72315248 -0.7545974
 -0.68168554 -0.67688524 -0.67207574 -0.70828653 -0.66573096 -0.69934956
 -0.65987748 -0.67934518 -0.67053889 -0.65954515 -0.64301759 -0.7295022
 -0.64791631 -0.58338007 -0.66906066 -0.66922995 -0.67801825 -0.69224619
 -0.7001545  -0.55205668 -0.60782903 -0.67214889 -0.73580212 -0.68606203
 -0.48596648 -0.61239074 -0.67788191 -0.75838956 -0.65601644 -0.66106388
 -0.65239187 -0.61240814 -0.56938385 -0.58702938 -0.65260263 -0.59232307
 -0.49364952 -0.52210897 -0.64826854 -0.54311353 -0.78965382 -0.89081722
 -0.78447389 -0.89476115 -0.86811231 -0.84833553 -1.07140752 -0.89382185
 -0.73280317 -1.03455841 -0.84247262 -0.80147907 -0.83308652 -0.89848413
 -0.88246285 -0.90089875 -0.92762513 -0.84916382 -0.82631963 -0.79715642
 -0.95444892 -0.86866659 -0.85599655 -0.91196875 -0.82596093 -0.89573259
 -0.74393391 -0.79960023 -0.87520139 -0.94813572 -0.82071709 -0.81627574
 -0.71214785 -0.88819291 -0.88448528 -0.84319605 -0.84207452 -1.00591811
 -0.98265915 -0.99966949 -0.75729522 -0.8781312  -1.01903631 -0.8248203
 -0.8859571  -0.89953668 -0.28289582 -0.41185251 -0.41368374 -0.42639082
 -0.55176456 -0.4400915  -0.30905393 -0.51509413 -0.39751    -0.17529322
 -0.41479206 -0.23795039 -0.72337253 -0.39855266 -0.42174578 -0.41824071
 -0.47294294 -0.29742654 -0.23142857 -0.49309551 -0.32698321 -0.26996318
 -0.49489149 -0.2133226  -0.31974786 -0.34135647 -0.25641348 -0.21455181
 -0.28793513 -0.25964968 -0.25170383 -0.41816689 -0.34916289 -0.19513775
 -0.44029295 -0.25305726 -0.21021172 -0.28062058 -0.4080482  -0.49312173
 -0.3807607  -0.33891523 -0.31616945 -0.27350585 -0.28530062 -0.52248146
 -0.38252752 -0.25493474 -0.49770055 -0.32253104 -0.55729268 -0.28332859
 -0.2571567  -0.3657254  -0.2259374  -0.823377   -0.36310974 -0.27630261
 -0.22876652 -0.59198987 -0.39185886 -0.34033572 -0.40353219 -0.31535659
 -0.52422748 -0.42632963 -0.73689218 -0.8019797  -0.59763552 -0.70718032
 -0.77780125 -0.90501245 -0.72888896 -0.6347474  -0.66954611 -0.74031593
 -0.66037614 -0.70511587 -0.70372073 -0.55805094 -0.74914574 -0.80313433
 -0.62594833 -0.6900419  -0.73203111 -0.57775006 -0.69382278 -0.68812117
 -0.76935822 -0.73237085 -0.61558639 -0.80986621 -0.72126782 -0.7498965
 -0.65713798 -0.73874827 -0.65577185 -0.75371015 -0.78381624 -0.55239691
 -0.7273522  -0.65630712 -0.70048529 -0.74604822 -0.66700323 -0.62989018
 -0.67536916 -0.54697208 -0.64200714 -0.61824411 -0.72927031 -0.61448634
 -0.76893925 -0.74856629 -0.74727595 -0.78005076 -0.6252919  -0.76216143
 -0.71935149 -0.8043775  -0.62206567 -0.67258243 -0.73103969 -0.77475333
 -0.76716599 -0.78521366 -0.66321271 -0.76187376 -0.78796925 -0.53606145
 -0.70122564 -0.62780373 -0.68009371 -0.4786635  -0.47385614 -0.68233202
 -0.86635669 -0.75965673 -0.74668318 -0.73434155 -0.86477151 -0.74435647
 -0.64488396 -0.7347417  -0.69536112 -0.71518349 -0.53785644 -0.73265249
 -0.6964611  -0.70738733 -0.71520095 -0.65884671 -0.62886336 -0.5194578
 -0.72103886 -0.81813354 -0.64028995 -0.76780785 -0.68333674 -0.66764447
 -0.70053203 -0.80247041 -0.70348579 -0.73655499 -0.59914353 -0.59914771
 -0.32756806 -0.79127471 -0.69702856 -0.69614729 -0.4824611  -0.74737043
 -0.56113509 -0.82184531 -0.92770082 -0.88175992 -0.5171003  -0.41164512
 -0.64144036 -0.71135569 -0.77462164 -1.1363081  -0.68760471 -0.43445673
 -0.60034563 -0.73887146 -0.66860521 -0.69107274 -0.84545146 -0.69872265
 -0.60376543 -0.91865867 -0.61390208 -0.51779005 -0.65550573 -0.70377726
 -0.5862317  -0.74693273 -0.59165303 -0.63902151 -0.6246573  -0.49935643
 -0.67214014 -0.60247902 -0.49767795 -0.7192758  -0.72802126 -0.66969259
 -0.48811021 -0.71333552 -1.07629726 -0.5717928  -0.56267561 -0.62955564
 -0.72742219 -0.59000353 -0.5078831  -0.72094681 -0.8008777  -0.74050192
 -0.52213343 -0.72947052 -0.75612283 -0.5203672  -0.72472533 -0.52473538
 -0.69633914 -0.73922549 -0.84132248 -0.39822617 -0.78896616 -0.88844589
 -0.75945609 -0.74853129 -0.7354837  -0.75096176 -0.62784023 -0.71192029
 -0.44244525 -0.68302887 -0.54430508 -0.64526995 -0.77220299 -0.71380283
 -0.75640867 -0.66717588 -0.63381253 -0.47408429 -0.52746972 -0.75630599
 -0.64700058 -0.72929275 -0.73715043 -0.64841016 -0.78872956 -0.85732575
 -0.54416657 -0.61766609 -0.52144232 -0.60179455 -0.60327405 -0.71867331
 -0.70693334 -0.39754757 -0.66454515 -1.03241432 -0.64129926 -0.72154939
 -0.92889014 -0.75815799 -0.80625523 -0.61531532 -0.71781712 -0.74874652
 -0.79509878 -0.59189594 -0.79035673 -0.6210024  -0.34872492 -0.61565957
 -0.64586933 -0.61613529 -0.40878271 -0.71851633 -0.58172659 -0.78183304
 -0.73079024 -0.7135007  -0.70921234 -0.76904413 -0.5649749  -0.79807905
 -0.39719845 -0.69779939 -0.49893811 -0.36849636 -0.46184155 -0.87983549
 -0.60425508 -0.75643813 -0.74558676 -0.61190492 -0.64888846 -0.72869033
 -0.6319856  -0.57422581 -0.66717746 -0.74253499 -0.44036782 -0.63037814
 -0.57310707 -0.15505475 -0.87793759 -0.7300222  -0.65098767 -0.88749555
 -0.17762009 -0.73411478 -0.53467581 -0.65024959 -0.47596672 -0.71048521
 -0.97956772 -0.80099878 -0.41952717 -0.72239302 -0.76856234 -0.5278523
 -0.67960573 -0.69958217 -0.67804495 -0.64854274 -0.63288002 -0.38092522
 -0.90099795 -0.78539584 -0.51756732 -0.72885313 -0.90410434 -0.60118276
 -0.38159382 -0.68049569 -0.72274754 -0.62711117 -0.7118062  -0.69468716
 -0.76216946 -0.6768421  -0.75040779 -0.64064665 -0.52304081 -0.59544755
 -0.59989606 -0.43768464 -0.63411452 -0.78849087 -0.65607429 -0.27328364
 -0.70689463 -0.52513645 -0.70641244 -0.68325865 -0.47893354 -0.54691854
 -0.52837886 -0.76686096 -0.56213919 -0.49525674 -0.73059389 -0.55031346
 -0.65667636 -0.49277606 -0.72514956 -0.60118532 -0.78164872 -0.63973962
 -0.42403487 -0.45719159 -0.57356684 -0.66989226 -0.71318121 -0.82566628
 -0.37277005 -0.75115012 -0.39130752 -0.66372387 -0.89308736 -0.86235038
 -0.56122246 -0.56945581 -0.68223094 -0.5998582  -0.83190264 -0.92817812
 -0.70983901 -0.81226236 -1.03502737 -0.79254028 -0.64254455 -0.75306117
 -0.96600975 -0.74252786 -0.5992369  -0.75690304 -0.72807038 -0.70967672
 -0.73321954 -0.72866264 -0.65860275 -0.7254122  -0.71325186 -0.70176388
 -0.73555767 -0.52969661 -0.82862296 -0.21561764 -0.45422634 -0.53861016
 -0.64623204 -0.21809164 -0.4603721  -0.41946439 -0.44468838 -0.27891721
 -0.42962409 -0.43143148 -0.29589541 -0.14666525 -0.25836306 -0.29979356
 -0.09207638 -0.28268433 -0.53375328 -0.5202312  -0.33498538 -0.34829226
 -0.44711673 -0.57944268 -0.54755884 -0.67437802 -0.33654619 -0.44811922
 -0.1328856  -0.52439594 -0.56940812 -0.5454253  -0.51739259 -0.51382603
 -0.29760049 -0.57319239 -0.28495334 -0.46839572 -0.5154     -0.50923468
 -0.55109585 -0.52146264 -0.54518254 -0.48104889 -0.775524   -0.79688823
 -0.6281554  -0.679539   -0.80343247 -0.67274958 -0.66149333 -0.74038637
 -0.70359076 -0.69016445 -0.62698322 -0.63274623 -0.76490051 -0.74653595
 -0.67857965 -0.71994288 -0.71575096 -0.65931257 -0.63895641 -0.68809843
 -0.59595634 -0.65088032 -0.5722422  -0.77955571 -0.62979927 -0.69634087
 -0.83626715 -0.65699544 -0.54929833 -0.75841927 -0.613682   -0.63666542
 -0.74804558 -0.70842447 -0.61161511 -0.66604356 -0.74561126 -0.66407807
 -0.63117368 -0.68802075 -0.79622696 -0.69425396 -0.69372514 -0.75380243
 -0.56478925 -0.76424855 -0.70896582 -0.61814447 -0.60162359 -0.65547011
 -0.59966321 -0.71903961 -0.58569967 -0.68170409 -0.68342329 -0.64770915
 -0.57917412 -0.81314534 -0.57836666 -0.97799866 -0.67168142 -0.57117566
 -0.78723589 -0.58858057 -0.74406984 -0.71968022 -0.69105486 -0.64931565
 -0.82795269 -0.73062948 -0.87396698 -0.96993161 -0.61120381 -0.74194127
 -0.69280179 -0.61753121 -0.63596428 -0.6708848  -0.744414   -0.71206749
 -0.70743026 -0.7152764  -0.7617344  -0.89696278 -0.69042939 -0.67979591
 -0.70208113 -0.75213128 -0.74167988 -0.70961007 -0.75786845 -0.64097093
 -0.76268    -0.69866025 -0.72465387 -0.6621209  -0.68513848 -0.77266157
 -0.66670153 -1.01494167 -0.76454059 -0.61899837 -0.65912314 -0.68191725
 -0.85984512 -0.76128084 -0.62035856 -0.63633052 -0.77785461 -0.98251169
 -0.66053313 -0.78420695 -1.16665892 -0.81391931 -0.98241776 -0.81919319
 -0.6323092  -0.60294271 -0.78818331 -0.84280199 -1.00971221 -0.63600185
 -0.89885343 -0.50869564 -0.88145423 -1.01912853 -0.89596333 -0.77348128
 -0.78055604 -0.65837785 -0.77508528 -0.87012544 -0.69808192 -0.71327779
 -1.48521558 -0.86725044 -0.53587998 -0.46548659 -0.50516268 -0.55713586
 -0.52934056 -0.49214765 -0.25674346 -0.51416219 -0.48903042 -0.39163677
 -0.58002798 -0.25614183 -0.51529091 -0.5425312  -0.47490501 -0.42948181
 -0.5506641  -0.5089731  -0.59895698 -0.50000655 -0.51099108 -0.42395752
 -0.47351369 -0.48302367 -0.45917046 -0.35458957 -0.57699712 -0.33541726
 -0.508054   -0.42334814 -0.55457062 -0.52908245 -0.41121901 -0.47237305
 -0.38615394 -0.52421954 -0.54454818 -0.7646184  -0.61149222 -0.63141765
 -0.74734579 -0.75949748 -0.60653194 -0.69991985 -0.71848247 -0.60536666
 -0.65544269 -0.54786083 -0.72174499 -0.6822114  -0.60576012 -0.70062067
 -0.58979406 -0.69054853 -0.61045766 -0.66695551 -0.64267602 -0.75897442
 -0.65929025 -0.71241356 -0.69663608 -0.77975606 -0.7750079  -0.66723996
 -0.69141161 -0.64937788 -0.71065675 -0.69318356 -0.77517453 -0.79969143
 -0.55918682 -0.59159294 -0.64929802 -0.71790005 -0.61733835 -0.61857943
 -0.63239543 -0.70500456 -0.60593686 -0.6940081  -0.74096457 -0.56593893
 -0.61098227 -0.69716805 -0.61577437 -0.59401968 -0.54979906 -0.7010319
 -0.69762057 -0.62404498 -0.65645965 -0.55096554 -0.64411712 -0.7097958
 -0.34542728 -0.34458304 -0.3723229  -0.27397657 -0.39909532 -0.38777866
 -0.28714156 -0.45291232 -0.38486791 -0.39681366 -0.39467196 -0.40095257
 -0.44236098 -0.45145429 -0.38422107 -0.37717579 -0.49280964 -0.4331616
 -0.24458541 -0.42342447 -0.35020695 -0.49326454 -0.45436593 -0.38599956
 -0.40373595 -0.29211467 -0.35217692 -0.47593435 -0.37008254 -0.50366131
 -0.42154191 -0.44860963 -0.43794039 -0.3604215  -0.41251711 -0.4150519
 -0.41667688 -0.37034975 -0.32888843 -0.4126272  -0.50564146 -0.42450824
 -0.38335411 -0.35164196 -0.38443909 -0.39140179 -0.3800033  -0.46572721
 -0.32596263 -0.53230416 -0.30437628 -0.49301776 -0.40404507 -0.43501092
 -0.33635947 -0.36430548 -0.43124116 -0.2953178  -0.40472774 -0.42835387
 -0.41619368 -0.39013282 -0.39134328 -0.29364261 -0.47264856 -0.29614273
 -0.40895762 -0.33764183 -0.41669108 -0.34295121 -0.41327976 -0.38866578
 -0.74416909 -0.43200327 -0.63089328 -0.59339238 -0.55708415 -0.3533068
 -0.53669894 -0.47394616 -0.4254525  -0.43061085 -0.52767969 -0.41589175
 -0.50846713 -0.37653893 -0.52072353 -0.48896249 -0.52680129 -0.33564947
 -0.57038743 -0.52547208 -0.49589827 -0.45976172 -0.41879344]



*************************************************************
MODEL ERRORS (of CLIPPED predictions): 
 
[1.02904784e-02 5.78054599e-02 9.73969698e-02 2.78627779e-02
 8.02289136e-03 3.84788334e-01 6.98492527e-02 5.73439803e-03
 4.84657921e-02 4.57189977e-02 5.01798913e-02 1.34023698e-02
 4.80298661e-02 1.47559121e-01 4.45789620e-02 1.69508401e-02
 5.65829799e-02 2.73545701e-02 6.63145864e-03 5.45602515e-02
 2.53313184e-02 1.15143791e-01 9.69568938e-02 1.66555777e-01
 1.38224646e-01 3.99116278e-02 1.51079416e-01 1.25650615e-01
 1.59872714e-02 5.40921651e-02 9.29403156e-02 9.06962603e-02
 5.00047170e-02 5.79591356e-02 4.01573852e-02 9.28225443e-02
 1.11062333e-01 4.76324782e-02 3.20425211e-03 1.22824430e-01
 5.57504594e-02 5.59735000e-02 1.73263699e-01 6.31979331e-02
 2.80375127e-02 8.38635266e-02 1.60533171e-02 7.30621442e-02
 7.04303458e-02 8.51899683e-02 4.97663319e-02 8.54839385e-03
 2.06632838e-01 3.70749645e-02 8.50754008e-02 1.75341927e-02
 1.67177394e-02 4.16061701e-03 3.63965891e-02 2.04743788e-01
 5.80116846e-02 9.15265828e-02 1.64120644e-02 3.23243774e-02
 6.70899963e-03 3.39467138e-01 1.07262060e-01 1.23985127e-01
 1.86703712e-01 2.08114848e-01 5.96089698e-02 1.10701956e-01
 1.67489007e-01 1.55712515e-01 1.11953914e-01 2.25386079e-02
 2.01648511e-02 6.15232140e-02 9.74792615e-02 1.32358354e-02
 2.45865449e-01 1.10044710e-01 1.52507141e-01 1.28655016e-01
 2.40239464e-02 4.71964739e-02 1.64252728e-01 1.64425507e-01
 1.24724396e-02 1.39495984e-01 7.50553533e-02 1.15891986e-01
 9.44862217e-02 1.09732345e-01 5.25528751e-03 2.07808405e-01
 3.16162482e-02 1.56313553e-02 3.60352285e-02 1.60096213e-02
 7.20938817e-02 1.22529596e-01 1.04590103e-01 5.15422188e-02
 8.98408517e-02 6.16331212e-02 8.63232389e-02 1.46703674e-02
 7.55825862e-02 8.51525813e-02 9.33310390e-03 1.81728567e-03
 7.24415034e-02 5.79618244e-03 6.70780391e-02 9.20194201e-03
 1.03633620e-01 5.10918498e-02 4.35670279e-02 8.89715254e-02
 2.77680069e-01 1.85843708e-03 1.21008746e-01 7.61752948e-02
 1.68165997e-01 3.51547869e-03 1.98938977e-02 1.44729353e-02
 4.99405432e-03 1.51062449e-02 1.23477234e-02 1.74863249e-01
 3.25949602e-02 1.78799257e-02 1.15805566e-01 5.59814349e-02
 4.42553796e-02 2.26830994e-03 2.73929201e-02 1.32903727e-02
 1.17753319e-01 9.11952257e-02 1.20492049e-01 2.34094914e-03
 1.38615534e-01 6.28904179e-02 7.91641548e-02 2.68018767e-02
 8.48724991e-02 2.08803006e-02 7.73606822e-02 2.57463697e-02
 2.66238041e-02 6.00570925e-02 6.08214103e-02 4.34276499e-02
 5.09465998e-03 2.98356414e-01 2.31049471e-02 6.17219545e-02
 4.90550473e-02 3.51780094e-02 5.64635582e-02 1.12942837e-01
 5.19513898e-02 1.20292623e-02 6.50083199e-02 4.93042991e-02
 4.11566608e-02 1.19176358e-02 2.44163740e-02 6.13091812e-02
 1.17318267e-02 9.19659659e-02 1.14056002e-02 2.69936435e-02
 6.91524073e-02 2.81646196e-02 7.29546743e-03 9.20028314e-02
 5.89487441e-02 6.98133707e-02 1.11554027e-01 7.16645569e-02
 6.55317158e-02 1.17010199e-01 1.61151290e-02 8.99816211e-03
 3.50746736e-02 4.35726829e-02 7.36026838e-02 7.63485283e-02
 1.55896246e-01 2.58590840e-02 7.55387358e-03 1.51583090e-01
 2.11070273e-02 1.85199216e-01 1.99802034e-02 1.15811743e-01
 6.94391802e-02 1.18435398e-02 8.24899599e-02 1.02716640e-01
 4.34269384e-03 6.37875572e-02 3.16461362e-02 4.12728712e-02
 4.27154787e-02 5.02260476e-02 7.99755752e-02 4.19387743e-02
 1.99277610e-01 1.47759587e-01 7.87910894e-02 5.47356866e-02
 2.01252885e-02 7.25332648e-02 5.00771850e-02 6.29748330e-02
 8.53747278e-02 8.71682763e-02 7.75455907e-02 1.21197537e-01
 1.03752948e-02 9.15628672e-02 7.13129044e-02 1.39223620e-01
 1.13535017e-01 5.64444326e-02 9.88886356e-02 1.20377004e-01
 2.15564780e-02 3.50480005e-02 1.51885226e-01 1.32958042e-02
 3.16844061e-02 3.34840566e-02 1.15525555e-02 2.22471595e-01
 1.72804236e-01 8.73012617e-02 1.68592870e-01 3.48742083e-02
 7.95758143e-02 4.69539240e-02 8.47287849e-02 9.58390385e-02
 2.68117413e-02 1.66382611e-01 2.54683197e-02 6.98049441e-02
 1.64160877e-02 1.49343893e-01 7.48119950e-02 1.31805018e-01
 2.72207931e-02 4.16733744e-03 2.20364169e-03 8.08467716e-02
 1.34510379e-02 4.81333658e-02 1.71466991e-01 3.08387971e-04
 4.27808762e-02 1.11432280e-02 4.51580286e-02 1.21330813e-01
 1.86189204e-01 1.17741153e-01 6.13678917e-02 7.70855621e-02
 2.10085452e-01 9.66775641e-02 6.93021491e-02 1.10243775e-01
 6.05862997e-02 5.44220731e-02 6.97287023e-02 1.05500109e-01
 9.72591117e-02 7.36411437e-02 1.92488835e-03 1.03885094e-02
 1.10421710e-01 9.84950438e-02 1.11380652e-01 5.30583337e-02
 1.03214085e-01 8.58752728e-02 1.43202292e-02 5.90359382e-02
 1.28709242e-01 1.66225117e-02 1.87011529e-02 3.53842340e-02
 1.32423826e-02 1.04889892e-01 5.23976088e-02 2.10750978e-02
 9.04949158e-02 7.27762207e-02 1.72642525e-02 7.63807967e-02
 4.02134731e-02 2.14092031e-01 4.35077138e-02 1.10639101e-02
 1.28179997e-01 1.33650839e-01 7.59371743e-02 3.05256341e-02
 1.57800630e-01 5.41311242e-02 1.20664410e-01 1.20837446e-02
 1.07957609e-01 7.08010932e-03 6.20318167e-02 4.44119656e-03
 6.80410415e-02 1.15158275e-01 4.73619206e-03 9.26609635e-02
 2.03348741e-01 8.89909361e-03 8.12132284e-02 6.88383058e-02
 3.84106115e-02 9.19438004e-02 1.02526546e-01 2.42820695e-01
 7.37144426e-02 4.92914282e-02 3.67846787e-02 1.14195459e-01
 9.97931417e-03 8.09276849e-02 7.11501092e-02 6.49795458e-02
 3.59677449e-02 1.60559639e-02 5.81186786e-02 1.39431516e-02
 1.77900419e-02 7.22394744e-03 8.72699320e-02 7.42672905e-02
 9.67556536e-02 1.11213000e-03 1.65513709e-01 5.62817976e-03
 6.30397350e-02 2.80390102e-02 3.57750431e-02 7.11226016e-02
 4.90444750e-02 1.22897234e-02 2.06969664e-01 1.79899056e-02
 5.96884936e-02 3.24077830e-02 4.41311449e-02 1.78333864e-01
 4.39513363e-02 1.94838047e-01 7.30647333e-03 1.05119431e-02
 2.23125026e-01 8.60768184e-03 2.40551885e-02 2.61093322e-02
 1.67276803e-02 8.53520781e-02 4.57778051e-02 2.28501949e-03
 7.17372149e-02 9.55484360e-02 2.70063747e-02 7.26842359e-02
 1.20766592e+00 9.53191742e-02 2.61884391e-01 1.61227390e-01
 1.40994787e-01 1.13495782e-01 7.87103400e-02 3.91012691e-02
 1.47570476e-01 1.42456219e-01 1.62050314e-02 1.25383347e-01
 6.24819025e-02 4.89904359e-02 5.65940142e-03 6.19316101e-02
 3.15333083e-02 2.26716921e-01 3.93458344e-02 2.05059260e-01
 5.99240959e-02 7.86477104e-02 1.15974061e-01 1.02214210e-01
 2.31214881e-01 2.23325174e-02 1.48575585e-02 6.68064207e-02
 1.20878341e-02 3.21010873e-02 2.74086930e-02 6.62445575e-02
 1.15950137e-01 2.60484219e-02 1.12717554e-01 1.49174854e-01
 2.16733471e-01 5.70537522e-02 3.15943807e-02 2.46191517e-01
 4.37048934e-02 6.92329407e-02 1.60412937e-01 2.07756483e-03
 4.12982590e-02 6.30181981e-03 4.90398891e-02 3.83951440e-02
 4.41319942e-02 3.94857787e-02 9.01549384e-02 9.36143622e-02
 7.46168122e-02 2.71231914e-03 4.88922894e-02 5.10720536e-02
 1.15318090e-01 4.39307168e-02 2.51143984e-02 1.18503049e-02
 1.83458239e-01 2.36191705e-01 5.33196982e-03 3.72175187e-01
 6.70346767e-02 9.29843709e-02 3.63366604e-01 9.93625894e-02
 1.50285617e-01 8.67656022e-02 1.63341947e-02 6.79089054e-02
 6.29325956e-02 7.26017281e-02 2.41834536e-01 1.05385715e-02
 1.34802505e-01 1.10431142e-01 3.79828662e-02 2.00541273e-01
 2.05722064e-01 2.12440230e-02 5.97208925e-02 6.47144765e-02
 1.53474929e-02 3.71915810e-02 3.76914963e-02 2.78286844e-01
 3.63815948e-02 1.15997598e-01 8.78109634e-02 6.02958873e-02
 1.85581326e-01 1.06747299e-01 1.22077100e-01 6.59134686e-02
 1.44101217e-01 2.18063682e-01 1.64898917e-01 1.51018947e-01
 7.81234307e-03 3.61391082e-02 2.18393151e-02 3.59835327e-02
 2.39544343e-02 1.26211226e-01 3.00124902e-02 4.48677577e-02
 1.66148953e-02 7.06265960e-03 1.13451861e-01 8.44509453e-02
 8.95114243e-03 2.74608493e-01 2.20262967e-02 9.21518076e-03
 4.98446077e-02 9.67497099e-03 9.65826362e-02 3.79945314e-03
 1.82086900e-01 1.26096651e-01 5.46183027e-02 4.77425493e-02
 2.39246301e-02 3.13860811e-02 6.11396953e-02 1.49181262e-01
 1.14640959e-01 4.24351320e-02 4.76784296e-02 1.41419191e-02
 8.15840587e-02 1.47824481e-01 1.33017585e-01 6.22746013e-02
 7.13145137e-02 7.49202147e-02 7.07028806e-02 8.64221230e-02
 8.75685960e-02 9.94058400e-02 5.77282198e-02 1.76741689e-01
 5.00295684e-02 5.28477170e-02 5.26501648e-02 5.73882610e-02
 7.08509535e-02 8.05535689e-02 1.34313285e-01 3.53658013e-02
 1.56290655e-03 2.82975197e-01 9.19417012e-03 8.75736326e-02
 3.89603376e-02 5.26659470e-03 6.85269684e-02 7.78723657e-02
 5.23322783e-02 1.46964733e-02 2.48305529e-01 2.86141746e-02
 1.22578172e-02 2.85211187e-02 1.48384407e-01 5.07502817e-02
 1.03260510e-01 5.15842065e-02 1.24407269e-01 6.59073442e-02
 2.68893149e-02 4.25049067e-02 1.19784467e-01 7.65608698e-02
 9.05480683e-02 6.19218908e-02 5.38045503e-02 1.32819533e-01
 6.06125686e-03 4.70892750e-02 1.34470835e-02 5.12871593e-02
 3.58214602e-02 8.46657157e-02 1.17627606e-02 3.72700021e-02
 2.32127309e-02 8.45382288e-02 1.15391510e-02 3.92232649e-02
 2.24921294e-02 1.45918578e-02 3.05463206e-02 2.93504242e-02
 2.36075800e-02 9.99986455e-02 5.45372739e-02 1.35399222e-01
 7.03240409e-02 4.50232215e-02 4.77389023e-02 3.77661288e-02
 1.02458848e-02 6.18465021e-02 4.07647751e-02 3.84255685e-02
 6.74876571e-02 2.12582499e-02 2.07052574e-01 1.93673410e-02
 2.11321428e-01 1.47626996e-02 7.07970634e-02 5.44876643e-02
 1.10623568e-01 8.22983831e-02 4.20737490e-02 5.20265065e-02
 1.53305739e-01 8.22183415e-02 1.16469510e-01 3.35572064e-02
 1.18081264e-01 6.59475327e-02 1.81959122e-01 1.84342377e-02
 6.01882376e-02 2.56825984e-02 3.27040963e-02 3.35089006e-02
 4.90487777e-02 1.01620257e-01 7.06576789e-03 2.49548145e-02
 1.10588446e-02 3.11324149e-02 5.15566347e-03 1.16445506e-02
 1.17104761e-01 6.88778609e-02 2.37178523e-02 9.19027925e-02
 1.60939991e-01 5.15599251e-02 5.33225089e-02 6.24576770e-02
 5.69548346e-02 2.76066083e-02 8.65190402e-02 3.07324491e-02
 6.70476183e-02 2.43268758e-01 3.57490815e-02 1.64100111e-01
 6.09734990e-02 8.35069362e-03 1.47606451e-02 3.96435265e-04
 4.77364361e-02 1.17109492e-01 1.05297841e-01 3.89871933e-02
 2.04573888e-02 7.03181624e-02 1.02697924e-01 1.81560181e-02
 5.86408414e-02 1.08786207e-03 4.74883206e-02 2.63663977e-02
 1.10178530e-01 1.23492114e-01 9.95256305e-02 5.63583188e-02
 7.61884972e-02 7.22284913e-02 6.53818771e-02 2.96896677e-02
 4.07156758e-02 2.70741824e-02 5.01147769e-02 7.18770996e-02
 1.42375454e-01 7.41533097e-03 9.05978233e-02 3.86165601e-04
 2.94001307e-02 5.98868914e-02 1.77532434e-02 5.77882975e-02
 1.59056470e-01 4.58242074e-02 1.31163318e-02 6.60874322e-02
 1.04777096e-02 5.79650998e-02 1.14057906e-01 1.40820116e-01
 3.03085599e-05 7.57169798e-02 7.08491961e-03 8.60450715e-02
 2.77261920e-02 5.53854033e-02 2.64461394e-02 1.99969579e-02
 2.26405123e-03 1.71048086e-04 2.11141594e-02 5.26236370e-02
 3.00936471e-03 1.76955611e-02 5.89395091e-02 7.75024891e-02
 8.51382911e-02 5.42886928e-02 9.23470259e-02 9.84190777e-02
 3.50365089e-03 4.55657393e-02 1.10422783e-01 3.03045332e-01
 5.79256041e-04 9.46560055e-02 1.77559480e-02 1.07243769e-01
 2.84889322e-02 2.91229952e-02 2.04087943e-01 1.03126362e-01
 7.20653534e-02 4.96218875e-02 4.51822653e-02 1.02789432e-01
 8.85796100e-02 1.50137171e-01 2.46443041e-02 1.63062379e-01
 7.47010708e-02 1.68887854e-01 1.05530806e-01 7.37067461e-02
 3.77084762e-02 5.84868789e-02 4.50198278e-02 5.15978038e-03
 7.41937533e-02 7.74027314e-03 2.84621064e-02 7.17907771e-02
 9.08498541e-02 2.03667462e-01 1.44683477e-02 1.81498438e-01
 1.12622924e-01 1.31823435e-01 7.93793350e-02 1.07603736e-01
 2.58478485e-02 7.45984614e-02 5.59372045e-02 8.14583059e-03
 4.53872122e-02 3.18264402e-02 3.91810164e-02 1.99932624e-02
 6.55889884e-02 3.27497907e-02 1.81936361e-02 1.11656584e-01
 1.11421403e-02 4.33536060e-02 7.51400292e-02 8.08955282e-02
 5.63675277e-02 2.05860380e-03 2.30851863e-02 2.19457578e-02
 6.35659182e-03 6.26099855e-02 8.12519866e-04 1.55420050e-01
 1.19337663e-02 3.08230091e-02 6.05554804e-02 6.07117936e-02
 5.37765697e-02 5.32517349e-03 4.46791351e-02 4.85696867e-02
 4.27479111e-02 3.97432819e-02 2.49700081e-02 1.13975983e-02
 3.82356569e-02 6.57896772e-02 3.01459115e-02 3.50820012e-02
 2.04672236e-02 6.58578128e-02 5.73869981e-02 1.08670369e-01
 5.48752621e-02 2.34052092e-02 1.18801042e-01 3.23462486e-02
 2.88793873e-02 5.52083366e-02 4.34217267e-02 9.94134974e-03
 7.50506446e-02 2.40364298e-02 3.32029797e-02 5.75258024e-03
 5.12471870e-02 4.95681819e-03 1.94287654e-02 6.75517693e-02
 9.99671444e-02 1.35021973e-02 1.46364945e-03 1.99736282e-01
 4.41759272e-04 4.62756529e-02 3.07644140e-02 3.32694165e-02
 2.41852226e-03 1.87011853e-01 1.99126117e-02 6.83752298e-02
 1.01658665e-01 8.32697935e-03 5.66935129e-02 1.95707176e-02
 7.23249838e-02 4.23819944e-02 5.27052991e-02 7.30857402e-02
 2.27228384e-02 1.29851729e-01 3.07799000e-02 1.57318056e-01
 6.21574111e-02 4.47393721e-03 2.30607167e-02 3.62880342e-02
 6.14471175e-02 5.03745005e-02 7.34905154e-02 5.24740182e-02
 5.17709777e-02 3.40585061e-03 3.52664245e-03 9.91739780e-02
 2.21231058e-01 4.43495810e-02 2.42735147e-02 6.66830465e-02
 1.53501987e-01 4.43180278e-02 2.17914730e-02 1.55863732e-01
 1.41375354e-02 5.29084355e-03 1.56089047e-03 2.06440128e-02
 7.74249947e-03 7.09270686e-02 8.95818695e-02 1.05959974e-01
 3.61418836e-02 3.39449309e-02 5.10175973e-02 6.84297904e-02
 1.79169327e-02 1.57918548e-03 3.39276833e-03 1.47418268e-02
 1.23719491e-01 5.20848250e-03 5.72127327e-02 3.30332741e-02
 2.57522669e-02 2.91811228e-02 1.24282740e-01 7.25404099e-02
 3.62661183e-02 3.64630893e-02 3.90026742e-03 8.76406878e-02
 7.09703639e-02 1.69969514e-01 2.45085452e-03 1.09169863e-01
 9.16954949e-02 3.16004418e-02 3.20059098e-02 4.44807578e-03
 3.51162851e-02 3.70421171e-01 3.14518698e-02 4.51834537e-02
 3.41763683e-02 4.72171679e-02 2.97427345e-02 2.29199249e-02
 2.08627582e-02 6.55265227e-02 3.25267203e-02 1.04722284e-01
 3.74500006e-02 5.14751747e-02 7.17287213e-02 1.71667188e-02
 1.47370230e-02 5.36595769e-02 4.29378711e-02 1.46443341e-02
 1.10077821e-01 6.98494315e-02 2.17847109e-01 4.70771119e-02
 3.17918770e-02 5.34208259e-03 7.40185827e-02 2.37798244e-02
 2.84282621e-02 4.41838335e-03 2.93714516e-02 7.27009252e-02
 2.05477681e-02 4.17302176e-02 5.45453392e-02 1.55883390e-04
 1.00215077e-01 3.23301554e-02 8.24284330e-02 3.44129279e-02
 1.01003475e-01 3.60298268e-02 4.65609245e-02 6.00107126e-02
 6.36411691e-03 6.37915283e-02 2.75241323e-02 2.65862178e-02
 3.65767330e-02 2.75162910e-03 1.12926275e-04 1.72802106e-01
 5.31129278e-02 9.17535499e-02 4.53125387e-02 4.31866124e-02
 1.04200885e-01 5.36118355e-03 1.95930656e-02 5.89283146e-02
 8.63192603e-03 7.30655491e-02 4.41491008e-02 3.16733047e-02
 7.40529224e-02 6.04312494e-02 8.33194423e-03 1.61755741e-01
 3.68846469e-02 3.65656503e-02 3.88996899e-02 3.01932432e-02
 5.31961247e-02 1.52505919e-01 3.18902321e-02 4.02809083e-02
 7.79065564e-02 4.60271211e-03 2.71641314e-02 8.29920396e-02
 9.36381798e-03 3.89091391e-03 1.72751680e-01 1.54499739e-01
 3.39838527e-02 6.42282888e-02 3.61758545e-02 1.08066767e-01
 5.79440966e-02 2.77387239e-02 1.48734480e-01 3.56647409e-02
 3.38369166e-03 4.33433354e-02 1.90584306e-02 3.77024189e-02
 8.26197138e-05 1.14622310e-01 1.62689271e-03 1.83313817e-01
 5.99068031e-03 7.62927439e-03 2.09704518e-01 9.16290060e-02
 5.42192906e-02 9.49618965e-03 4.52435762e-02 1.44206002e-01
 7.03929067e-02 1.48609560e-02 7.26981089e-02 1.09594129e-02
 1.81119576e-01 2.87500303e-02 4.10284512e-02 6.69209883e-02
 1.73711896e-01 2.07308065e-02 3.89411906e-03 3.82503755e-02
 1.06816264e-02 3.58802229e-02 3.62990677e-01 1.71538517e-01
 3.85453515e-02 7.29845464e-02 8.54359642e-02 6.88253269e-02
 3.49496864e-02 7.49689490e-02 8.81385133e-02 2.61919424e-02
 8.08743294e-04 2.22332049e-02 8.50375928e-03 2.24263474e-01
 3.76340672e-02 1.21132337e-01 6.36139885e-03 3.30460146e-02
 8.19066241e-02 6.23730868e-02 2.49910310e-01 1.29546538e-01
 1.29233956e-01 6.77083731e-02 1.11192189e-01 1.52101845e-01
 3.64784002e-02 3.06107495e-02 1.39086232e-01 1.25138178e-01
 1.75689653e-01 5.85112199e-02 9.51350257e-02 1.23470994e-02
 5.64234518e-02 1.22207023e-01 3.13792527e-01 6.01571016e-02
 1.76794697e-02 2.38608763e-01 7.89237171e-02 2.80178897e-02
 1.65196415e-02 8.49474221e-02 1.21387906e-01 7.26839826e-02
 1.24759987e-01 3.27804200e-02 2.79377162e-01 6.22331984e-02
 7.61416275e-03 1.00796685e-01 1.78563483e-02 2.19228834e-01
 9.28653032e-02 5.27254045e-02 1.43484538e-02 1.12073193e-03
 8.74472782e-02 2.23335382e-02 4.65155020e-02 3.54175828e-02
 2.54808236e-02 1.20061480e-01 1.76747695e-01 4.10051160e-02
 1.43278882e-01 2.54066419e-02 8.88125375e-02 8.79888982e-02
 9.07985196e-02 3.17873694e-02 1.49946630e-01 3.72644216e-02
 1.33331552e-01 1.59208611e-01 6.23567924e-02 1.27267048e-01
 2.45938133e-02 1.45987403e-02 1.93841249e-01 2.02844776e-02
 7.81701282e-02 1.66582972e-01 1.03851100e-02 1.21661704e-02
 7.87063316e-02 8.81613120e-02 3.30812819e-02 1.45706028e-01
 3.56671028e-02 9.97705571e-03 5.57780899e-02 2.02011004e-01
 4.33912501e-02 4.01501209e-02 1.15365744e-01 1.87689960e-01
 9.25597474e-02 3.69256102e-02 5.10219373e-02 2.19897889e-02
 7.47593641e-02 9.86950621e-02 4.30304818e-02 3.09571754e-02
 2.89119296e-02 8.00085254e-03 5.06579839e-02 1.25059992e-01
 3.31425816e-02 3.50861214e-02 1.29851699e-01 4.63702381e-02
 2.09096849e-01 4.87443618e-02 2.11884733e-02 2.43179187e-01
 3.12108118e-02 1.25351593e-01 1.91870451e-01 1.31090179e-01
 1.51208356e-01 3.26242410e-02 4.18676361e-02 7.17198802e-03
 7.94783086e-02 8.61820802e-02 1.44579828e-01 7.85093531e-02
 1.65089756e-01 1.42922118e-01 9.34719965e-02 1.27083331e-01
 5.19572124e-02 3.09391841e-02 1.04825176e-01 7.54723772e-02
 1.36759430e-01 1.35186866e-01 5.41101955e-02 5.73232397e-03
 5.68360426e-02 3.37316422e-03 1.83620546e-02 1.34139851e-01
 8.74834284e-02 8.16129800e-03 8.39374214e-03 5.52562214e-02
 6.65035937e-03 8.02307017e-03 7.12075755e-02 7.30454773e-02
 4.89785597e-02 1.52089437e-02 1.34756565e-01 9.79070440e-02
 1.82377264e-01 9.12014861e-03 7.64095634e-02 9.24397931e-02
 5.80986291e-02 2.97662313e-03 7.21203461e-02 1.10007793e-04
 8.93830732e-02 3.55592445e-02 8.49662796e-02 1.72135502e-01
 4.16694805e-02 1.67629421e-01 2.62250099e-02 9.43409503e-02
 1.18953055e-02 9.96919535e-03 4.93662655e-02 1.37294859e-01
 4.99819592e-02 9.43258405e-02 2.67572328e-02 1.33954078e-01
 3.52258161e-02 7.80285746e-02 1.39360428e-02 9.99133755e-03
 3.62241385e-03 4.27431650e-02 1.76269356e-02 3.64302434e-02
 1.76774129e-01 2.53624097e-02 2.33139414e-02 1.51727693e-02
 4.99594063e-02 2.07205247e-02 5.00786565e-02 7.19205942e-03
 1.08285137e-01 2.61304658e-02 7.77645707e-02 6.75864667e-02
 4.26216535e-02 2.11006179e-02 2.94264071e-02 6.91358745e-02
 4.80380505e-02 3.36017162e-02 5.26841432e-02 2.66540796e-02
 7.24012852e-02 5.94976507e-02 4.25800756e-02 1.51559012e-02
 5.19014858e-02 2.13499777e-02 6.99493615e-03 3.28052826e-02
 8.21009874e-02 3.05771716e-02 8.38311166e-02 5.96507713e-02
 6.35195822e-02 8.00273865e-02 1.43899813e-01 2.39500776e-02
 2.34373435e-02 3.50032970e-02 5.96145168e-02 1.17163556e-02
 7.69270360e-02 6.32220283e-02 3.86702940e-02 4.40973341e-02
 7.22846687e-02 6.11943044e-02 7.23056048e-02 6.55505341e-03
 1.43842408e-02 1.66989610e-01 1.51679203e-01 5.73083712e-03
 4.11550514e-02 1.41879886e-01 4.69950959e-02 1.12067703e-02
 9.97972339e-02 4.67602536e-02 4.53250445e-02 9.38390195e-03
 7.11004436e-02 7.43672326e-02 1.76250432e-02 3.92592289e-02
 4.15266864e-03 5.80062307e-02 3.22700404e-02 1.44170411e-02
 8.50426704e-02 3.42962593e-02 1.86601970e-02 1.31946474e-01
 5.28914407e-02 8.95187408e-02 2.60914303e-02 2.94500869e-02
 9.79024321e-02 1.14030339e-01 2.47985218e-02 7.73016885e-02
 1.76092647e-02 9.02034491e-02 1.31278843e-01 7.96881095e-02
 2.45609004e-02 1.64369754e-02 5.05294763e-02 9.31213498e-02
 3.08675021e-02 1.91679299e-02 2.07817443e-02 6.94724396e-02
 4.34093587e-02 4.53047035e-03 7.65807182e-02 6.39505638e-03
 6.60020187e-02 1.56639013e-02 2.99052354e-02 7.26534352e-02
 1.63562503e-02 6.23457134e-02 1.41276931e-02 1.03337951e-02
 5.68860071e-03 3.87539901e-02 8.35440308e-02 5.46877831e-02
 2.50577461e-02 7.95401037e-02 9.70979631e-02 2.38537155e-02
 8.11531320e-02 6.40064804e-03 2.45491695e-02 2.27647442e-02
 5.02421297e-02 8.06448534e-02 3.42697278e-02 2.08015032e-02
 8.02739933e-02 7.43269473e-02 5.07853925e-02 3.73061448e-02
 2.86069009e-02 3.05987801e-02 1.12571694e-01 1.51714357e-02
 6.69149077e-03 3.68631408e-02 2.68247034e-02 6.57883007e-03
 1.08166412e-03 4.87806797e-02 9.54213087e-03 1.04839869e-01
 9.43716541e-02 1.51341576e-02 3.70830018e-03 1.23106956e-01
 2.29281816e-03 4.66579534e-02 2.72184070e-02 6.61898926e-02
 4.19580005e-02 8.15190841e-03 5.51162800e-03 2.35092863e-02
 2.99461707e-02 2.81154346e-02 2.21690480e-02 1.27906412e-01
 1.73410755e-02 3.13287415e-02 3.49098071e-02 9.78126656e-03
 1.58722308e-02 5.27738072e-02 7.65794097e-03 1.75154150e-01
 3.08617204e-02 1.33878058e-02 1.48939881e-02 1.58191640e-02
 5.87518420e-03 5.24065159e-02 2.40100399e-02 5.73162921e-02
 3.44112031e-02 5.54646924e-02 4.85962164e-03 5.80436103e-02
 5.84705397e-02 8.74270722e-02 1.61724128e-02 6.65624207e-03
 4.73308749e-02 1.00850172e-01 6.11228719e-02 2.14818325e-02
 5.97426668e-02 5.11808619e-02 1.68139368e-01 4.64033894e-02
 6.62534311e-02 1.29814088e-01 2.30520722e-02 3.87679264e-02
 1.35440692e-01 1.04421325e-01 4.63477410e-02 9.57462192e-02
 2.35722989e-01 8.96096006e-02 1.29157975e-01 2.57774293e-01
 7.99746811e-03 3.43467714e-03 1.14632063e-01 1.08327791e-02
 2.54309434e-03 1.71660244e-01 1.05928071e-01 7.49674737e-02
 7.13160485e-02 9.99953225e-03 2.95640696e-02 3.13154534e-02
 1.22637898e-01 1.74834803e-02 1.12455422e-02 5.03732748e-02
 4.33070660e-02 2.12689102e-01 4.54408489e-02 5.90553060e-02
 1.34025060e-03 3.95313874e-02 1.10950232e-01 6.14055172e-02
 3.56850959e-02 3.70174199e-02 9.27568674e-02 1.23555899e-01
 1.42228633e-01 9.17503238e-02 1.30849048e-01 3.44485156e-02
 4.62149717e-02 6.14387207e-02 8.10138434e-02 1.02729633e-01
 4.67178151e-02 6.95155114e-02 1.43465310e-01 2.64735520e-02
 4.93343808e-02 1.30864292e-01 1.32826090e-01 6.81465166e-03
 8.41704160e-02 2.00852994e-02 2.25762855e-02 2.29889527e-01
 3.00567057e-02 2.21686866e-02 1.07215000e-02 3.80926803e-02
 3.29963975e-02 5.54473028e-02 4.63506952e-03 9.79610607e-02
 7.91363120e-02 1.12708099e-01 3.16234753e-02 8.60879943e-02
 5.03393449e-02 3.69655266e-02 5.79729564e-02 7.91303515e-02
 9.60706994e-02 8.33626743e-03 9.79247615e-02 4.90067154e-02
 4.80666831e-02 1.73904952e-02 4.35459986e-02 3.33265960e-02
 6.41072020e-02 6.88746199e-02 2.59334464e-02 6.80141989e-03
 3.47861685e-02 7.33755231e-02 1.99787784e-02 6.13821298e-02
 8.62024650e-02 7.03758653e-03 1.24682812e-02 1.92825720e-01
 8.51769671e-02 1.08497873e-01 8.23907778e-02 4.90006292e-04
 2.56521795e-02 1.90451760e-02 2.77045579e-03 4.49169166e-02
 1.23704195e-01 4.37707193e-02 5.05400309e-03 9.37675498e-03
 7.25952834e-02 1.13066547e-01 6.49956986e-02 1.33649573e-01
 8.38896073e-03 6.33044988e-02 3.25399265e-02 4.86420803e-02
 2.17808392e-02 5.27673028e-02 4.88324650e-02 1.24316206e-02
 8.95555466e-02 7.05219852e-03 1.14910327e-01 8.36870223e-02
 5.10069840e-02 4.00091335e-02 2.93163173e-02 5.01683503e-02
 6.07323684e-02 7.42309988e-02 6.93358630e-02 7.29784428e-04
 1.08850993e-01 1.96856931e-02 1.22017302e-01 9.60672926e-03
 8.97493155e-04 7.15878308e-02 1.81699470e-02 1.73795596e-02
 4.65156585e-02 9.26389992e-02 1.83896385e-02 3.50132883e-02
 1.94068938e-01 1.68411404e-01 1.40246134e-02 1.63001884e-02
 8.17357078e-02 3.15538757e-02 1.05421819e-01 4.81408136e-03
 3.61948344e-03 3.52127030e-02 3.18651706e-01 1.33235365e-01
 9.71609913e-03 4.28315997e-02 9.09559056e-03 1.54580055e-02
 1.18338302e-01 5.84628545e-02 1.07823968e-01 1.42409382e-02
 3.06480695e-02 4.94036451e-02 3.01275346e-02 3.04372292e-02
 6.84299394e-02 7.79659376e-02 2.02176254e-02 5.83255813e-02
 4.91663180e-02 8.61797109e-02 1.60264835e-01 3.69973145e-02
 1.24115450e-02 1.06899207e-02 3.59244086e-02 9.33504999e-02
 9.11217928e-02 5.90393245e-02 8.62252936e-02 1.76944938e-02
 1.11475945e-01 4.43347842e-02 1.18736714e-01 2.86970809e-02
 1.03823923e-01 7.07044452e-02 1.78517032e-04 5.06132022e-02
 1.87373608e-01 1.00124273e-02 3.02563682e-02 5.42583875e-02
 1.20774126e-02 2.13339701e-02 7.95804039e-02 3.14976573e-02
 1.99994221e-01 5.66383563e-02 6.93136379e-02 7.38833994e-02
 1.06582716e-01 1.48743257e-01 2.50149164e-02 1.52636617e-01
 1.79223400e-02 8.85462537e-02 8.85735080e-02 1.51401630e-03
 1.92377809e-02 8.69837403e-02 1.27556339e-01 9.06604677e-02
 6.53082281e-02 4.28354107e-02 4.69596870e-03 5.62372543e-02
 3.92827913e-02 1.53807327e-01 1.07491367e-01 1.03562035e-01
 1.20382629e-01 7.05452636e-02 5.14592640e-02 9.79251489e-02
 1.43490642e-01 4.91923653e-02 1.58378258e-02 1.42984107e-01
 4.25441191e-02 7.38579500e-03 1.53419986e-01 1.10525221e-01
 1.87309925e-02 1.30370602e-01 7.42215812e-02 9.55153853e-02
 9.46048796e-02 1.01197390e-02 5.37646115e-02 8.03996250e-02
 8.62511843e-02 2.60074660e-02 7.59964287e-02 6.23766193e-03
 8.86145234e-02 7.84033090e-02 3.79387848e-02 7.76638612e-02
 6.37801215e-02 9.61483046e-02 1.72212794e-02 1.17922373e-01
 1.16282720e-02 1.28675222e-01 2.57507283e-02 1.38373375e-02
 3.33652534e-02 6.85037896e-02 2.15333536e-01 1.30585171e-02
 8.00361782e-02 8.00252706e-02 2.97378004e-02 5.85201718e-02
 7.16720195e-03 2.25956086e-02 1.51728913e-02 4.72836709e-03
 2.36496646e-02 8.98963287e-02 1.47284865e-01 6.98258802e-02
 5.93998134e-02 5.00894338e-02 4.66951802e-02 4.79469001e-02
 8.54389220e-02 8.39357823e-02 2.15203837e-02 2.69839959e-03
 6.84757382e-02 2.78567038e-02 1.73536912e-01 5.05363978e-02
 1.96352117e-02 1.36365527e-02 1.03106789e-01 2.59826556e-02
 1.90389268e-02 7.75842592e-02 1.17049657e-01 3.77647504e-02
 3.54393721e-02 3.70309129e-02 1.85360238e-02 4.48588580e-02
 5.33998311e-02 4.82226983e-02 1.21910438e-01 4.58888151e-02
 5.72140962e-02 2.17049010e-02 1.18814344e-02 4.31903973e-02
 4.47623059e-02 1.01080257e-02 9.18625146e-02 1.25173721e-02
 3.68117653e-02 6.67391717e-02 2.69199498e-02 1.30856931e-01
 6.09698929e-02 3.36351305e-01 2.29618251e-02 1.46460891e-01
 5.17249554e-02 3.60746905e-02 2.24946644e-02 6.05986174e-03
 1.51475504e-01 7.12263910e-03 2.77474940e-01 1.61799759e-01
 7.29190111e-02 1.42702116e-02 9.18900669e-02 3.85602564e-02
 3.48447077e-02 5.86944409e-02 1.22061670e-01 2.72300571e-01
 1.75032228e-01 7.47333393e-02 1.94122065e-02 5.07437997e-02
 3.22037220e-01 1.33515447e-01 6.11862168e-02 8.99822712e-02
 5.61023951e-02 4.75912057e-02 1.84811264e-01 1.49777964e-01
 2.55059689e-01 7.86713809e-02 2.80762408e-02 4.88684922e-02
 6.34825379e-02 5.29890172e-02 1.06994780e-02 6.13006689e-02
 6.80044666e-02 7.01577663e-02 1.31766692e-01 1.20601848e-01
 7.40866661e-02 6.49136305e-02 7.99904317e-02 5.11260182e-02
 6.04550354e-02 1.67900980e-01 6.90797195e-02 2.92937160e-02
 1.02767661e-01 1.91788107e-01 1.17185060e-02 7.81649873e-02
 3.33506949e-02 4.90226224e-02 8.85893591e-03 1.03063934e-01
 1.29768404e-03 1.08916715e-01 3.12627517e-02 1.24420680e-01
 4.91497144e-02 5.56595623e-02 3.97563912e-02 1.09145060e-01
 9.32112187e-02 8.49915370e-02 1.22057348e-01 9.02426317e-02
 1.08099438e-01 1.09980740e-01 1.46009549e-01 1.74454316e-01
 3.10038589e-02 1.89557020e-02 2.04188861e-02 1.15157612e-01
 1.29572690e-01 9.07650515e-02 5.83692314e-03 2.88487434e-01
 1.65427685e-01 8.29175413e-02 1.20420018e-02 8.17416981e-02
 2.70809084e-02 6.56359121e-02 2.04326194e-02 2.48514730e-02
 1.59505859e-01 1.49398372e-01 8.64977017e-02 1.76363941e-02
 1.94124430e-02 1.55315295e-01 1.91863373e-01 1.83739271e-02
 6.43139407e-02 7.13917091e-02 6.79800734e-02 1.00219913e-01
 4.07031961e-02 7.10134860e-03 6.22198842e-02 1.24244325e-01
 8.95342305e-02 5.32615110e-02 4.76675481e-02 6.58174306e-02
 2.09027864e-02 1.24194048e-01 4.17279787e-02 4.97509632e-03
 9.40563604e-02 1.71202257e-01 2.25530013e-01 7.33917281e-02
 1.05398046e-02 1.99793428e-01 5.12880124e-02 8.95702466e-02
 6.08685194e-03 8.03855807e-02 1.25342652e-01 1.07840812e-02
 1.36226594e-01 3.70648429e-02 5.73250987e-02 4.06795964e-02
 6.25133049e-04 7.44271576e-02 1.52501585e-02 6.58822944e-03
 4.71444577e-02 2.95864474e-02 1.94460317e-01 1.39023289e-01
 1.91472903e-01 2.64769234e-02 1.09024294e-01 9.82131436e-03
 3.15105058e-02 8.45348388e-02 2.71790032e-03 6.35946095e-02
 2.92244181e-02 1.95640236e-01 9.39424559e-02 1.80555247e-02
 9.89393890e-02 4.14850824e-02 1.87192056e-02 3.23838517e-02
 2.64130328e-02 5.17530255e-02 1.54253105e-02 1.03662163e-02
 3.07769943e-02 2.52646416e-01 1.29805148e-01 1.37077793e-01
 2.10745901e-01 3.13156918e-02 1.93334743e-02 1.73124671e-01
 8.78688991e-02 1.37859881e-01 4.06694897e-02 1.35778710e-01
 4.00449969e-02 5.39592952e-02 2.66811363e-02 6.45375252e-02
 1.54873341e-01 1.29493132e-01 1.17237732e-01 1.68553516e-02
 1.37348399e-01 2.52025396e-01 2.57246103e-02 6.03896789e-02
 1.90288886e-01 3.68721217e-01 9.24795717e-02 4.84433286e-02
 1.12674743e-01 1.14976212e-01 2.33220961e-02 9.93946288e-03
 8.42350572e-02 5.01234829e-02 1.53441094e-02 3.78957391e-03
 9.08613801e-02 2.79317468e-01 5.38328178e-02 9.60496664e-02
 2.44649816e-02 6.37394115e-02 5.72209954e-02 9.20471922e-02
 1.22879241e-02 1.54494166e-01 2.65789926e-01 8.04717988e-02
 6.04991689e-02 1.40304103e-01 6.31574094e-02 1.11735031e-01
 1.44571945e-01 4.85831648e-02 2.32961506e-01 1.30165309e-01
 1.00729227e-01 3.05575272e-03 5.81471110e-03 9.44938660e-02
 1.15052283e-01 4.63846214e-02 6.70870617e-02 1.09550031e-02
 7.00380001e-03 2.92681176e-02 4.57853109e-01 1.81253269e-01
 3.76093648e-02 1.06139168e-01 2.30497797e-03 1.91592053e-01
 2.05995679e-01 4.89361733e-02 7.89343566e-02 5.62990159e-02
 2.12080970e-01 2.95542926e-02 1.12139553e-01 3.02387439e-02
 7.13972282e-03 1.72032923e-01 2.80287445e-01 1.12355076e-01
 1.61739632e-01 5.70024364e-03 8.25457126e-02 9.01758447e-02
 1.88034445e-01 3.15523148e-02 8.22838843e-02 3.17970440e-02
 3.61441523e-02 7.58929029e-02 1.64898172e-01 1.83593005e-01
 1.96395501e-01 2.57640276e-02 1.19936265e-01 3.13994676e-01
 2.44707838e-02 6.09586090e-02 2.17481311e-02 1.78412035e-01
 1.72348190e-02 1.83506366e-02 1.07332081e-01 1.61271125e-01
 3.50336693e-02 1.17675764e-02 7.60441506e-03 1.89489499e-02
 6.36913106e-02 3.85520943e-02 6.51636720e-02 5.97506715e-03
 2.09405106e-02 1.64340526e-01 2.91671660e-02 3.72300390e-04
 1.71092653e-03 1.05270647e-01 3.34475115e-02 3.54183167e-02
 7.38433213e-04 5.28020039e-02 4.87156026e-02 4.89597246e-02
 9.55751389e-02 6.74131811e-02 8.40840936e-02 1.56840593e-01
 3.22050862e-02 1.56920031e-01 6.85661053e-03 1.45017533e-02
 1.30325377e-01 9.30762738e-02 5.25855832e-02 2.81059176e-01
 3.44311073e-02 2.77759507e-03 8.83170292e-02 3.57545093e-02
 8.71052593e-02 7.48468339e-02 1.37613669e-01 5.54473139e-02
 2.31162105e-02 1.10535577e-01 1.21807165e-01 6.18215976e-03
 2.15307027e-02 1.31701842e-01 1.47065772e-02 7.02207312e-02
 4.19941843e-02 2.09127031e-02 4.87315990e-02 3.21653634e-02
 1.60311349e-02 6.31100088e-02 6.59477636e-02 4.72706668e-02
 5.08476086e-02 3.71349528e-02 3.41854803e-02 2.63258982e-02
 1.72428396e-02 1.75952576e-02 1.87288430e-02 2.74695996e-02
 1.77509729e-02 9.29687917e-02 1.01970257e-02 1.05235465e-01
 4.67933752e-02 1.25769958e-01 1.51508851e-02 6.05206154e-02
 1.81650314e-02 2.57805437e-02 9.20250192e-02 1.01985954e-01
 4.97135613e-03 1.44077362e-02 2.14380156e-02 2.87710764e-02
 1.75879337e-02 4.13005650e-02 2.80705929e-01 5.63122556e-02
 4.31759320e-02 1.28432572e-01 3.49806324e-02 1.79511216e-03
 1.43697068e-01 7.06202537e-02 5.34249768e-02 1.27081424e-02
 1.14159882e-02 3.31152393e-03 9.92591828e-02 6.57773064e-03
 5.49118668e-02 1.13668176e-03 7.89669380e-02 8.40613246e-03
 5.76210022e-02 3.09884213e-02 6.06740750e-02 1.50358211e-02
 7.50056803e-02 1.50518015e-01 3.71610261e-02 1.86795853e-02
 6.78500012e-02 1.55331055e-02 2.02022806e-01 1.13675864e-02
 2.10395064e-02 1.36528313e-01 9.25202947e-03 3.22433151e-02
 4.87778662e-03 8.67605880e-02 5.01900166e-03 4.96877283e-02
 5.68599813e-02 6.57781726e-03 1.56337153e-02 5.69944568e-02
 1.42931221e-02 1.95803717e-02 1.19313829e-01 1.96612105e-02
 5.86692197e-03 3.96938547e-02 5.48442975e-02 3.82284448e-02
 3.66465896e-02 5.55883348e-02 8.28487203e-02 1.15074009e-01
 4.11816835e-02 6.38003424e-02 2.39826497e-02 4.94996645e-02
 2.48588882e-02 3.10217030e-02 3.28803547e-02 2.50878390e-02
 3.89624462e-02 3.80142964e-03 7.02613592e-02 3.38773988e-02
 2.58852065e-01 2.27420237e-02 6.11760579e-02 7.80149922e-02
 6.96842968e-02 5.69184832e-02 7.78300911e-02 1.70504339e-02
 2.01776435e-04 7.10971057e-02 6.06849371e-03 5.21528609e-02
 2.87641808e-02 1.83506012e-01 3.88973914e-02 1.36716679e-01
 5.89794777e-02 1.86020166e-01 3.18647288e-02 6.24820329e-02
 8.43634754e-02 1.19127519e-01 4.13076468e-02 1.83957219e-02
 2.49153711e-02 1.00954473e-01 1.88344363e-02 4.23494130e-02
 2.38690861e-02 3.13343853e-02 4.58097793e-02 3.28422040e-02
 2.21197214e-02 1.66734103e-02 1.07402958e-01 6.50866181e-02
 9.19323489e-02 3.91026512e-02 1.26919979e-02 4.10841815e-02
 5.56676788e-03 7.52079636e-02 3.21625732e-03 3.93248536e-02
 2.20017090e-01 4.47426699e-02 6.93678632e-02 8.12882334e-02
 2.21413095e-02 4.17352878e-02 8.31120834e-02 4.48504509e-03
 3.75488959e-02 8.42097625e-02 1.74328443e-02 1.54793048e-02
 5.81863709e-03 3.20293233e-02 1.28862843e-01 5.58058172e-03
 9.06242952e-02 1.18494481e-01 3.79723124e-02 1.79543793e-01
 3.83488573e-02 1.12696327e-02 5.95210642e-02 1.61726512e-02
 1.76144876e-02 3.20864394e-02 4.66369092e-02 1.89918885e-03
 5.83865009e-02 2.27281358e-02 1.08627575e-02 6.88278005e-02
 2.79112626e-02 6.97840750e-02 4.32124436e-02 3.74078974e-02
 3.15781683e-02 3.18979584e-02 2.49082246e-03 8.97662640e-02
 2.24127509e-02 3.38700749e-02 6.61654994e-02 4.18226793e-02
 2.17168014e-02 4.35565189e-02 1.44318566e-02 1.21972270e-01
 5.32645062e-02 3.76060940e-02 3.86835560e-02 3.94346863e-02
 1.75369546e-01 3.24413669e-03 3.12409233e-02 3.05666719e-02
 6.55240864e-02 1.74116939e-02 1.00473715e-02 9.92706642e-02
 1.10541113e-01 6.15949370e-02 4.63275462e-02 5.81048466e-02
 1.03765719e-01 2.05214862e-02 4.16288525e-02 1.10375211e-01
 3.55002172e-02 3.42767276e-02 6.21274300e-02 1.48239598e-01
 3.27044129e-02 8.85359943e-02 3.67052741e-02 1.29098445e-01
 1.47923753e-01 1.04173096e-02 3.34294252e-02 1.54347926e-01
 8.78422186e-02 8.31218734e-02 1.67688295e-01 1.59474276e-02
 5.70599250e-02 1.34750130e-02 4.30818126e-02 3.49505059e-02
 8.10963586e-02 7.41375312e-02 1.40857808e-02 9.70591605e-02
 9.96963829e-02 2.63477787e-02 7.68636763e-02 2.09794685e-01
 6.97662830e-02 1.72545567e-01 1.91143796e-01 1.33263841e-02
 3.85807082e-02 1.25143588e-01 3.97207215e-02 1.01929381e-02
 1.45023257e-01 1.53862010e-03 6.07856922e-03 5.34471832e-02
 9.25274417e-02 3.36616002e-02 3.20722759e-02 2.35154182e-02
 5.34120165e-02 1.17793947e-01 1.52840838e-01 9.44812968e-02
 2.18439195e-02 8.51919726e-02 1.50709167e-01 8.81211162e-02
 1.46318167e-01 1.27285540e-01 3.83117460e-02 2.16304082e-02
 9.69086215e-02 3.18030491e-02 1.08962491e-01 7.39490390e-02
 2.11241812e-01 9.05587077e-02 4.50829528e-02 1.74311116e-01
 3.19724083e-02 8.12522992e-02 3.26042622e-02 1.36784106e-01
 2.08875984e-02 1.09368198e-01 1.20888837e-01 3.14592779e-01
 1.72759935e-01 3.42744887e-02 1.74546186e-02 1.02884673e-01
 1.36795491e-01 6.87477877e-03 1.68111950e-01 2.89668962e-02
 8.94732028e-02 2.07195021e-02 2.26695731e-01 3.10915569e-03
 1.13491826e-01 4.71762428e-03 9.74469166e-03 2.17293929e-02
 3.63137990e-01 2.69484427e-02 1.72780138e-02 5.13729379e-02
 5.88493794e-02 6.98012114e-02 8.69693980e-02 3.01173627e-01
 1.98384091e-01 1.11276340e-02 1.45405699e-02 2.16142484e-03
 5.45036010e-02 8.54837373e-02 2.80168742e-01 2.29282051e-01
 1.13850899e-01 8.97345915e-02 3.99348475e-02 8.64870101e-02
 1.72174294e-02 5.31497635e-02 5.88512272e-02 2.41768867e-01
 6.24336721e-03 9.08440873e-02 8.05899724e-02 3.92178036e-02
 1.87838852e-01 1.05905253e-02 1.12522580e-01 6.28525466e-02
 6.26336932e-02 5.48818335e-02 7.36845136e-02 9.95213240e-02
 1.68838426e-01 6.49654269e-02 8.67253318e-02 2.97165196e-02
 2.56108288e-02 9.17400867e-02 3.12242378e-02 1.59443822e-04
 1.53833121e-01 1.84211358e-02 5.81519343e-02 1.00332484e-01
 7.52821788e-02 2.80836616e-02 4.23551118e-03 6.48728386e-02
 1.03981070e-01 2.25288291e-02 1.01659752e-01 3.18434313e-02
 2.21616570e-02 5.36321998e-02 8.00183117e-02 5.52033074e-02
 4.32107262e-02 8.30634609e-02 1.81482261e-04 2.98584681e-02
 8.22616518e-02 3.72224748e-02 1.12263799e-04 4.30816673e-02
 9.61141959e-02 1.54230110e-02 3.81957740e-02 4.40753073e-01
 3.72736938e-02 2.50737239e-02 7.20082819e-02 1.56291366e-01
 1.09088190e-01 3.74674760e-02 1.76736759e-03 1.26791401e-02
 7.54694417e-02 5.72628491e-02 9.78316516e-02 6.79395720e-02
 3.05507537e-02 9.23112780e-02 7.56695345e-02 4.24161255e-02
 1.11150905e-01 2.87532099e-02 5.79834022e-02 3.43071893e-02
 1.97714061e-01 6.23035654e-02 1.57523215e-01 1.35096237e-01
 4.97063845e-02 9.36941132e-02 2.14569837e-01 3.51308659e-02
 1.93667375e-02 3.99582833e-02 5.97846834e-03 8.07857420e-03
 4.83067334e-03 9.89356413e-02 2.90759861e-01 8.64776075e-02
 2.80343592e-02 1.09421551e-01 2.27297574e-01 1.02210663e-01
 1.74678534e-01 1.65224988e-02 6.81269839e-02 1.18798167e-01
 8.74413103e-02 9.96538326e-02 1.24107629e-01 7.87144974e-02
 1.38845574e-02 1.17657548e-02 6.14563562e-02 1.06844187e-01
 1.68237183e-02 3.68471630e-02 5.61030135e-02 5.81697822e-02
 5.93945310e-02 3.55246849e-02 1.10354371e-01 2.08999529e-01
 5.82901910e-02 6.16217069e-02 2.11093668e-02 1.87223982e-02
 1.98747534e-02 1.44577086e-01 5.71670793e-02 1.01806499e-01
 4.97593638e-03 1.04321793e-01 1.25794038e-01 1.73735693e-01
 2.67869145e-01 1.44784674e-01 1.22844853e-01 9.56323817e-02
 1.81370065e-01 2.03219756e-01 7.57124126e-02 4.80406098e-02
 2.42981240e-02 5.29331039e-04 1.08477481e-01 1.11504339e-01
 7.63640106e-02 2.20645592e-01 1.03653558e-02 1.29216546e-02
 1.23709895e-01 4.29550894e-02 1.11078687e-01 5.94560523e-03
 8.80610943e-02 1.45879880e-01 7.10244924e-02 6.06444404e-02
 9.24828202e-02 3.23250800e-01 1.29398540e-01 4.62948978e-02
 3.55108939e-02 1.30121205e-02 2.37965465e-01 3.64130437e-02
 3.93269031e-04 1.15302011e-01 8.44504014e-02 2.77010892e-02
 1.00983970e-01 1.51317254e-01 4.87191323e-03 1.29369766e-01
 9.90165249e-02 1.12110535e-02 1.97383780e-02 5.05149998e-02
 7.62278959e-02 2.97951866e-02 1.54571757e-01 1.02801405e-01
 9.68243629e-02 6.48988187e-02 1.01143457e-02 1.38264541e-02
 1.24091648e-01 2.37316340e-01 3.34154814e-02 2.13156752e-02
 8.37759599e-02 1.34764705e-02 1.36031639e-02 1.66849300e-01
 1.21045306e-01 2.45370291e-04 1.78458188e-02 1.08867474e-01
 1.26023144e-02 5.61489537e-02 2.40454357e-03 2.28234436e-02
 1.74265027e-01 1.30804315e-01 5.25841825e-02 9.49272960e-02
 1.57872811e-02 4.66713496e-02 8.40924215e-03 4.96416390e-02
 8.89675319e-02 1.08080640e-01 7.20522553e-02 5.64693809e-02
 8.94903988e-02 1.14531577e-01 3.46300840e-01 3.47729698e-02
 1.27417848e-01 7.78798684e-02 6.34838652e-04 1.39364913e-01
 4.72335845e-01 3.79221849e-02 7.15069771e-02 5.92243411e-02
 6.18534908e-03 2.00857650e-02 1.50008947e-01 2.73130741e-02
 1.60219055e-02 1.89010054e-02 1.54875636e-01 4.31058258e-02
 5.36921583e-02 6.15616180e-02 4.83186170e-02 2.50635445e-01
 2.44568661e-02 4.52541076e-02 1.32819777e-02 5.40031074e-03
 6.93388507e-02 1.06449403e-01 6.59233704e-02 1.17768168e-01
 1.11109078e-01 5.93965724e-02 1.81848928e-01 1.13166317e-01
 2.10486427e-02 2.34648269e-02 1.01387367e-01 7.04900920e-02
 6.93421885e-02 6.36655241e-02 9.62174404e-03 1.71400867e-02
 1.12464512e-02 8.76949281e-02 3.72021906e-02 4.18408141e-02
 6.27060682e-02 6.68735951e-02 2.61449590e-02 1.12465620e-01
 9.38341096e-02 1.31624952e-01 2.48176344e-02 4.60723527e-02
 1.59967169e-01 1.97599590e-01 5.57727888e-02 6.09722845e-02
 9.55389738e-02 2.05249842e-02 4.34100591e-02 2.99454667e-02
 6.89119399e-02 1.10043205e-01 5.57832420e-02 6.61397204e-02
 9.35173407e-03 4.03264835e-02 1.19717726e-02 2.61394288e-02
 9.37927738e-02 1.06314152e-01 6.77155554e-02 3.49870510e-02
 6.62049502e-02 1.03149399e-01 5.73733915e-03 2.96195261e-02
 1.02682449e-01 3.75814177e-02 1.54671595e-01 9.95985195e-02
 1.80415139e-01 1.51169717e-01 8.75690430e-02 2.16254145e-02
 6.79150373e-02 6.27459213e-02 7.61074647e-02 4.55069467e-02
 2.56752083e-03 4.92358170e-02 2.01605409e-01 1.26104414e-01
 1.65308192e-01 2.10525980e-03 1.97901472e-01 1.31640509e-01
 3.24053504e-02 1.19556934e-02 6.39308393e-02 6.22730181e-02
 8.01034942e-02 5.90395145e-02 4.04932210e-03 1.44138992e-01
 2.16050446e-01 2.59799451e-01 1.57532588e-01 5.91661111e-02
 6.73899949e-02 2.04996109e-01 4.50904578e-01 1.15742691e-01
 7.92258754e-02 1.52776897e-01 2.39874795e-02 2.17874069e-03
 1.00396179e-01 2.56333873e-03 7.33295977e-02 1.81975663e-02
 3.62111814e-02 7.86637664e-02 4.83959354e-02 7.21206069e-02
 1.09937631e-01 3.79002020e-02 1.74155980e-01 2.01116726e-02
 3.67551371e-02 2.51594521e-02 4.45937458e-03 2.27072220e-02
 3.98665331e-02 3.28813493e-02 2.13704202e-02 8.93597454e-02
 2.12891415e-01 2.04109065e-02 6.07263520e-02 6.19816817e-02
 5.36158122e-02 2.67828614e-01 6.42158166e-02 1.84886176e-02
 2.47712106e-01 5.95298260e-02 4.08535190e-02 5.31538650e-02
 3.74305737e-03 3.63548473e-02 1.60252675e-01 1.64342463e-01
 1.09109886e-01 1.92615353e-02 8.22492689e-02 4.63887677e-02
 4.64308374e-02 3.19056921e-02 9.79091749e-02 7.72880837e-02
 1.03488816e-02 1.37682259e-01 1.53431281e-01 5.41002266e-02
 7.71345049e-02 6.46618456e-02 2.33015373e-01 1.48968473e-02
 1.41021302e-02 5.47097996e-02 9.75979492e-02 1.43772632e-01
 1.58823535e-01 1.16031347e-02 7.78922737e-02 1.93814456e-01
 2.64959633e-02 5.11467159e-02 2.83237323e-02 1.44496551e-02
 6.40107691e-03 5.15161790e-02 5.11884410e-03 3.01897004e-02
 1.05132863e-01 1.42726125e-02 9.94361266e-02 2.61351708e-02
 2.61999696e-01 1.02904595e-01 3.05134133e-02 2.62403535e-03
 3.50576490e-02 3.46071236e-02 8.07599649e-02 1.93379804e-01
 5.85425235e-02 1.11957695e-02 4.49130572e-02 6.94771437e-03
 4.35504168e-02 1.82047114e-01 1.52292490e-01 4.34960946e-02
 1.80136323e-01 1.61508009e-01 1.78562030e-01 7.67594203e-02
 6.68167546e-02 2.98255961e-02 8.45688432e-02 9.74231288e-02
 3.24471444e-02 1.06058918e-01 6.01693764e-02 1.48621425e-01
 8.96149501e-02 1.40318274e-01 7.29428977e-02 1.76963303e-02
 7.78046921e-02 4.88116369e-02 1.54601149e-02 9.01099965e-02
 1.88975289e-01 9.70444977e-02 5.43173514e-02 2.14686200e-01
 6.83120191e-02 1.64977238e-01 4.57224436e-02 1.08490154e-01
 1.14760129e-02 1.43258292e-02 3.17286029e-02 6.37031868e-02
 3.27926517e-01 1.35234790e-02 8.19812864e-02 8.11760202e-02
 9.61924903e-03 4.92800549e-02 1.10866101e-02 3.24886516e-02
 6.31566346e-02 2.29698280e-03 1.38327284e-02 2.81550419e-02
 1.16421737e-01 2.06601277e-01 7.01491237e-02 1.89737752e-02
 1.49737168e-02 7.67550394e-02 6.87939301e-02 5.54661937e-02
 6.48838207e-02 3.03084087e-02 1.25526905e-01 9.99551639e-02
 5.73554672e-02 4.54886258e-02 1.55699879e-01 6.27361387e-02
 1.28550097e-01 4.62445430e-02 1.42542580e-02 1.50272369e-01
 8.11719820e-02 8.83899722e-03 6.22783042e-02 1.88070104e-01
 6.98261568e-03 1.02373227e-01 1.50341522e-02 7.94492196e-03
 6.77147135e-02 1.78860590e-01 1.01966619e-01 7.24445730e-02
 1.58331241e-03 5.58981709e-02 1.79542810e-01 4.44398224e-02
 4.31273179e-03 4.17445190e-02 2.93822703e-03 1.28429234e-01
 1.21775940e-01 7.15502575e-02 8.44612252e-04 9.64718908e-02
 1.01817399e-03 8.38010982e-02 1.54757619e-01 5.92033528e-02
 5.74716106e-02 6.12218194e-02 4.72589433e-02 1.09044880e-01
 5.51002957e-02 8.57941434e-02 6.85638115e-02 5.75812533e-02
 1.24481469e-02 9.15791690e-02 1.07322093e-02 1.36040136e-01
 2.38114465e-02 2.12742090e-02 9.64078307e-02 2.49753986e-02
 1.47907846e-02 8.22007433e-02 1.20063843e-02 3.68260629e-02
 7.23291412e-02 1.41896859e-01 2.46126339e-01 9.50150471e-03
 5.52485995e-02 1.01920269e-01 9.42832157e-02 1.59102112e-01
 1.02739863e-01 2.73067923e-03 4.63239178e-02 1.18377090e-01
 4.67796996e-02 1.72211602e-01 1.15591243e-01 1.27677679e-01
 2.98390001e-01 1.76957294e-01 1.50460213e-01 8.65031481e-02
 2.47048773e-03 7.56508112e-02 7.58610070e-02 3.79611179e-02
 4.05310467e-02 7.34791160e-02 2.59924792e-02 1.59353148e-02
 1.67933583e-01 2.18909219e-01 1.70880444e-02 1.20980114e-01
 1.23104304e-01 9.37603787e-02 1.70159742e-01 1.24086641e-01
 3.18919122e-02 1.54028922e-01 2.98476182e-02 8.13918114e-02
 1.24429248e-01 5.00655137e-02 1.21012166e-01 6.42808601e-02
 1.01200290e-01 9.22618732e-02 1.08743064e-01 5.64237058e-01
 1.31603941e-01 5.12573086e-02 8.77386853e-02 2.44809732e-01
 9.63355526e-02 3.76777202e-02 1.52045220e-01 1.32260382e-01
 2.26179510e-01 8.78960593e-04 1.04651123e-01 1.20519269e-02
 1.13821784e-02 1.76411763e-01 1.31691813e-01 7.23223388e-02
 3.73371422e-01 1.36739323e-02 5.71506843e-02 1.16342194e-01
 2.10307129e-02 3.58263366e-02 4.56532137e-03 1.10329971e-01
 9.48852152e-02 1.48783848e-01 8.56445432e-02 2.15537459e-01
 8.98166001e-02 9.14199278e-02 7.13715553e-02 7.84711838e-02
 6.14972971e-02 4.61279936e-02 8.27226862e-02 4.44063358e-02
 2.37789340e-02 5.80621623e-02 3.17604281e-02 1.60455257e-01
 3.22763398e-02 5.22973575e-02 1.15194023e-02 6.03050813e-02
 1.02741279e-01 1.38004422e-01 8.88702795e-02 1.42479554e-01
 4.80442634e-03 3.01402807e-02 9.07907635e-02 4.42130258e-03
 1.29165594e-02 1.03492893e-01 1.32164471e-02 1.16065837e-01
 5.58066368e-02 1.20253384e-01 1.10437386e-01 2.23979250e-01
 1.72656119e-01 4.87168841e-02 1.94669198e-02 7.65692443e-02
 1.87866390e-02 2.60826200e-02 3.36266763e-04 1.27278313e-01
 1.70749605e-01 4.41638455e-02 1.97379440e-02 1.21413916e-01
 1.35658920e-01 1.77299157e-01 1.15483791e-01 1.95914060e-02
 3.85590978e-02 1.28415138e-01 1.89018965e-01 1.13799877e-01
 7.65941665e-02 6.33767992e-02 7.13676289e-02 1.98594794e-01
 5.12488484e-02 1.66832462e-01 1.74667910e-01 5.89287393e-02
 1.58123121e-01 8.37109163e-02 4.41643670e-02 4.71395738e-02
 1.20479673e-01 1.11066505e-01 1.32281393e-01 3.17828506e-02
 1.32369595e-02 4.80266884e-02 1.03307456e-01 9.77031514e-03
 3.95249575e-02 6.00662827e-03 2.73541603e-02 1.24340363e-01
 2.68194340e-02 2.84278058e-02 5.19679636e-02 1.06152624e-01
 1.97739080e-02 1.54700935e-01 1.35729592e-02 4.70786961e-03
 8.83845985e-02 1.77798960e-02 1.42825525e-02 4.38337326e-02
 2.67480742e-02 8.62590075e-02 5.95530868e-03 9.97909233e-02
 9.28722396e-02 3.23261530e-03 1.76780093e-02 3.41774225e-02
 7.74901509e-02 2.38335971e-03 5.20086773e-02 4.03593853e-02
 8.88470709e-02 3.09286453e-02 1.22178793e-02 4.06718366e-02
 6.04437143e-02 6.94762319e-02 6.67328089e-02 3.02643795e-02
 7.30555644e-03 5.44047579e-02 1.86082739e-02 2.23392583e-02
 4.35215328e-03 6.09624833e-02 1.09401345e-01 4.85536270e-02
 1.13655977e-01 1.69057082e-02 3.82941701e-02 7.69630028e-03
 5.77635057e-02 2.40315124e-03 5.36875874e-02 2.91675478e-01
 8.07382166e-02 1.84666086e-02 4.66124490e-02 5.61350062e-02
 5.10109076e-03 1.18468352e-01 1.43629108e-02 1.19669020e-01
 2.19073286e-03 2.38219216e-01 6.70554058e-04 8.65378156e-02
 3.19439918e-02 2.54546516e-02 1.13075087e-02 7.21592605e-02
 1.33502735e-02 3.67259532e-02 2.65433006e-02 4.10080366e-02
 6.79918900e-02 2.10031457e-02 2.51552556e-02 7.48581216e-02
 3.96194309e-02 1.54631538e-02 5.52394614e-02 2.58727204e-02
 1.36967069e-02 4.89449687e-02 1.26117244e-02 1.15447324e-02
 7.84618556e-02 6.50906097e-03 1.02256678e-01 1.16434902e-01
 2.07134619e-01 3.12457960e-02 1.27302691e-01 6.93413522e-03
 5.21056950e-02 3.10930833e-02 2.85125580e-02 5.36590666e-02
 1.26976743e-01 3.78569104e-02 2.68053059e-02 9.29845273e-02
 8.54605064e-02 4.78011519e-02 2.50994146e-01 2.17891455e-01
 2.03971624e-01 2.50154845e-02 7.03854337e-02]

*************************************************************

