THIS FILE CONTAINS  cv_cross_val_predict() predictions FOR THIS CURRENT CONFIGURATION.
		 It can be used to verificate obtained results.





---------------------------------------------------------------------------------------------------------
FINAL y_pred (clipped).  FINAL PREDICTIONS USED TO CALCULATE SCORE METRICS
			 (mean over several cross_val_predict() executions)
---------------------------------------------------------------------------------------------------------
[-0.6871708  -0.57715428 -0.69945779 -0.65551321 -0.71340924 -0.6272568
 -0.66213659 -0.88260922 -0.7789642  -0.75053468 -0.66079929 -0.52553694
 -0.58985559 -0.64287413 -0.69170594 -0.69211393 -0.72250319 -0.54618761
 -0.61418876 -0.63181223 -0.62671899 -0.76080014 -0.88193216 -0.85010324
 -0.79602523 -0.7260903  -0.65855636 -0.80416601 -0.66125601 -0.69787456
 -0.66031002 -0.57174034 -0.61472013 -0.64988379 -0.75915488 -0.80667763
 -0.70607806 -0.66009493 -0.74472662 -0.71288556 -1.00235128 -0.79580493
 -0.6078304  -0.81478155 -0.74832696 -0.64705956 -0.69854304 -0.78125665
 -0.65769987 -0.60665379 -0.8051727  -0.76051541 -0.65552631 -0.63513962
 -0.79577881 -0.6833782  -0.89213776 -0.7270858  -0.73002466 -0.69009722
 -0.82596988 -0.77665431 -0.89614767 -0.76115954 -0.49716553 -0.61386572
 -0.68115917 -0.8063596  -0.78840068 -0.84280921 -0.66016729 -0.74689389
 -0.82670629 -0.71006106 -0.59469142 -0.76141341 -0.80021262 -0.89465053
 -0.8392444  -0.59349435 -0.82542265 -0.6998271  -0.59447391 -0.49329699
 -0.61275221 -0.54131345 -0.53312451 -0.42359187 -0.48326636 -0.56852226
 -0.72296591 -0.61179945 -0.5270711  -0.45951262 -0.67325042 -0.58542429
 -0.7342344  -0.63398144 -0.81458057 -0.70638369 -0.54389616 -0.66861169
 -0.61380709 -0.7007773  -0.55414711 -0.45967305 -0.65383948 -0.54397961
 -0.66072418 -0.59084115 -0.58309964 -0.59400757 -0.61767516 -0.4632207
 -0.68484291 -0.7358444  -0.59183083 -0.52189797 -0.58542249 -0.66259008
 -0.64872977 -0.58194961 -0.57742574 -0.65168359 -0.48446311 -0.43974571
 -0.67025098 -0.88097151 -0.66560217 -0.4701018  -0.5368976  -0.44398452
 -0.6110971  -0.44737813 -0.81050067 -0.51196984 -0.76275751 -0.56363524
 -0.669383   -0.57883991 -0.63340871 -0.58376533 -0.75947172 -0.61981023
 -0.50731953 -0.47160018 -0.67874768 -0.5275909  -0.47844237 -0.49030231
 -0.63296527 -0.46916162 -0.74333117 -0.69551896 -0.64569627 -0.58670223
 -0.67122554 -0.26673212 -0.46050975 -0.58741286 -0.47346037 -0.60054668
 -0.52991857 -0.50786589 -0.49617746 -0.76805501 -0.61086132 -0.55885597
 -1.01348302 -0.53605914 -0.77246183 -0.86940251 -0.50862589 -0.55540811
 -0.83188736 -0.73735328 -0.53477767 -0.49003648 -0.50914342 -0.78576938
 -0.39469721 -0.57250421 -0.788813   -0.5857216  -0.43933259 -0.73120106
 -0.52503716 -0.46552689 -0.74835508 -0.60369456 -0.84083604 -0.70984187
 -0.80802217 -0.78739935 -0.71792591 -0.76950932 -0.60963334 -0.79381246
 -0.6515783  -0.66287619 -0.50858644 -0.31604667 -0.44697305 -0.61177352
 -0.56712766 -0.7187724  -0.66024126 -0.52899754 -0.42415152 -0.80217002
 -0.52388938 -0.71756235 -0.74799444 -0.72223692 -0.59947467 -0.58398531
 -0.48731447 -0.3363345  -0.38935579 -0.47354323 -0.58189526 -0.46854151
 -0.265627   -0.39889986 -0.42440758 -0.36578743 -0.32915443 -0.16561732
 -0.41415154 -0.62702367 -0.21887724 -0.41752566 -0.59498806 -0.35059155
 -0.59042836 -0.53078943 -0.55159596 -0.20074843 -0.48188385 -0.74115719
 -0.09966985 -0.4559089  -0.35846825 -0.50761467 -0.30971695 -0.40440496
 -0.54753057 -0.59156703 -0.56962925 -0.55551197 -0.36784409 -0.58878057
 -0.5258268  -0.09466359 -0.49405324 -0.51297684 -0.50528251 -0.59422605
 -0.54517592 -0.21550827 -0.29370061 -0.37180059 -0.59375865 -0.51523826
 -0.60520476 -0.48040725 -0.51406132 -0.503129   -0.42443651 -0.16139443
 -0.33039345 -0.37904742 -0.67256032 -0.30873836 -0.38742731 -0.63026179
 -0.44295552 -0.51569596 -0.55759683 -0.52359469 -0.51308035 -0.58280097
 -0.58503385 -0.55507743 -0.59350363 -0.74753429 -0.64311036 -0.69886575
 -0.97373238 -0.80215056 -0.70147217 -0.77119514 -0.71730282 -0.63869029
 -0.54332185 -0.49909892 -0.57910442 -0.70923173 -0.6140199  -0.74135204
 -0.8013233  -0.70271454 -0.57578102 -0.84373891 -0.67592212 -0.63752312
 -0.50388387 -0.77087013 -0.48696818 -0.45921235 -0.52247782 -0.60519193
 -0.67908055 -0.72086145 -0.57461816 -0.65484459 -0.72513002 -0.54183052
 -0.68822424 -0.68033339 -0.61529502 -0.47420651 -0.65044755 -0.59598071
 -0.8998468  -0.61571568 -0.47377112 -0.6677087  -0.59661138 -0.70980965
 -0.64110376 -0.63588596 -0.75958147 -0.7006062  -0.71518248 -0.76218926
 -0.726973   -0.65143685 -0.60047353 -0.59210388 -0.74415898 -0.71242472
 -0.7641847  -0.76041359 -0.60266736 -0.49410719 -0.68223073 -0.68676895
 -0.65910386 -0.65880704 -1.03590434 -0.71535874 -0.51966297 -0.52316494
 -0.50339379 -0.77607603 -0.64016177 -0.71024441 -0.6615974  -1.04430698
 -0.68403467 -0.86876137 -0.88095236 -0.80140536 -0.78084974 -0.97215176
 -0.81692369 -0.63328237 -0.73516001 -0.74975727 -1.05884084 -0.91063502
 -0.91698036 -0.6687995  -0.7323023  -0.81289661 -0.90545513 -0.72405979
 -0.67139097 -0.98461852 -1.75264202 -0.77756847 -0.79538759 -1.218188
 -0.54988183 -0.85085918 -0.75926735 -0.76126628 -0.82437696 -0.82274506
 -0.75312451 -0.72860576 -0.87812502 -0.72200561 -0.87951891 -0.70821852
 -0.55868198 -0.76673346 -0.79138546 -0.74710809 -0.76281514 -1.01213632
 -0.77498256 -0.73743498 -0.39919713 -0.79611147 -0.79022746 -0.86126589
 -0.79366282 -0.62322963 -0.67322501 -0.91234549 -0.75109191 -0.73880064
 -0.91891742 -0.70318566 -0.62140218 -0.89875344 -0.83122379 -0.70798439
 -0.70905008 -0.723741   -0.83334122 -0.91223746 -0.76624766 -0.73886255
 -0.72409899 -0.76592415 -0.64168171 -0.81014375 -0.86307111 -0.74032908
 -0.84529654 -0.73934549 -0.77612593 -0.87019676 -0.78022878 -0.7260907
 -0.7518764  -0.79476054 -0.65424856 -0.92563005 -0.74794212 -1.29833306
 -0.71532951 -0.66444198 -0.9419011  -0.84206893 -0.83918572 -0.65121475
 -0.80959057 -0.72673587 -0.61689068 -0.80028256 -0.60773683 -0.82679862
 -0.83495628 -0.74465851 -0.76429571 -0.78639919 -0.91599981 -0.89846483
 -0.71540342 -0.68961295 -0.76408495 -0.88425682 -0.72147548 -0.7136767
 -0.72369837 -0.84096579 -0.73110231 -0.76091871 -0.43794722 -0.65636006
 -0.74660233 -0.98546429 -0.75776235 -0.5123143  -0.8117221  -0.59662991
 -0.98261767 -0.79529497 -0.62192708 -0.91758158 -0.6685702  -0.51102846
 -0.93968627 -0.71905345 -0.71069961 -0.83117281 -0.81415758 -0.92059536
 -0.89075654 -0.60960635 -0.74207857 -0.95372254 -0.79126381 -0.7345428
 -0.60898503 -0.85247242 -0.80475416 -0.90886777 -0.87319396 -0.70442389
 -0.88751169 -0.84942108 -0.55484821 -0.5934461  -0.6809473  -0.92233329
 -0.66270391 -0.7483035  -0.73632621 -0.76806865 -0.44960018 -0.27735165
 -0.49205888 -0.28875288 -0.42057933 -0.44540485 -0.38697384 -0.2458727
 -0.38140744 -0.46151601 -0.35205448 -0.26466527 -0.12256309 -0.52550846
 -0.38183074 -0.44040517 -0.1926702  -0.44209099 -0.21621069 -0.5809234
 -0.27106269 -0.29912036 -0.38915888 -0.37922967 -0.41704157 -0.36050855
 -0.4371423  -0.44862926 -0.60118012 -0.32484942 -0.30395614 -0.23940509
 -0.69814344 -0.4581933  -0.49748011 -0.15362709 -0.43710557 -0.40124499
 -0.3676314  -0.52037765 -0.18594557 -0.51135805 -0.30503677 -0.35015563
 -0.52066719 -0.56699517 -0.50602305 -0.48650315 -0.39026582 -0.48219545
 -0.45053448 -0.4365304  -0.45351808 -0.71057994 -0.48435516 -0.45587769
 -0.45533049 -0.55220437 -0.67172128 -0.57270322 -0.45779937 -0.42826335
 -0.66047361 -0.47536132 -0.47560166 -0.3814537  -0.47351403 -0.39485014
 -0.52325336 -0.50151919 -0.44358873 -0.53086635 -0.47552149 -0.48826516
 -0.47978107 -0.51693028 -0.45120287 -0.4694279  -0.45994089 -0.40915209
 -0.45177775 -0.51246672 -0.83907717 -0.45004635 -0.53359484 -0.54429975
 -0.44389706 -0.47259013 -0.48085224 -0.57016522 -0.45602612 -0.48013076
 -0.42888866 -0.50165959 -0.47073136 -0.50418823 -0.56888608 -0.55321598
 -0.66372185 -0.41873493 -0.60045939 -0.49390318 -0.49569095 -0.53115093
 -0.52339974 -0.42719587 -0.460708   -0.50332071 -0.43223088 -0.45650054
 -0.53171411 -0.4852329  -0.55253321 -0.48867755 -0.48400703 -0.50007967
 -0.48367921 -0.44388973 -0.46262038 -0.52352085 -0.45874092 -0.39803934
 -0.60897623 -0.48322212 -0.49463105 -0.61217936 -0.54567349 -0.48927402
 -0.42181019 -0.43218034 -0.46105008 -0.38484461 -0.45145752 -0.47418832
 -0.54673005 -0.52499583 -0.50460709 -0.51120659 -0.49856415 -0.48217919
 -0.52962498 -0.50377554 -0.49781007 -0.55721361 -0.4604464  -0.46194415
 -0.53184395 -0.50933572 -0.5645977  -0.44039062 -0.47167712 -0.51065628
 -0.43246091 -0.47553151 -0.49244085 -0.62900078 -0.4569388  -0.54866699
 -0.46257432 -0.5065897  -0.59008598 -0.56429581 -0.50494187 -0.64798854
 -0.59776883 -0.51471644 -0.59766589 -0.61609427 -0.47786703 -0.59794304
 -0.4375274  -0.52721667 -0.60740388 -0.46731188 -0.4645485  -0.50264902
 -0.51221493 -0.48020117 -0.56601295 -0.5281786  -0.52074882 -0.54139449
 -0.5569076  -0.50214311 -0.61363378 -0.5590994  -0.56281339 -0.581407
 -0.50623274 -0.54721138 -0.54605884 -0.53360917 -0.53005305 -0.5684066
 -0.57449034 -0.50174144 -0.46094535 -0.56177831 -0.79517649 -0.51560889
 -0.54841683 -0.4651152  -0.53981277 -0.52174194 -0.47814166 -0.43991593
 -0.40830915 -0.54498131 -0.45183642 -0.48135166 -0.53727513 -0.42692775
 -0.58049619 -0.53339951 -0.55703627 -0.56883754 -0.48648201 -0.56853262
 -0.57777037 -0.56509324 -0.51666799 -0.48895106 -0.43428001 -0.49767327
 -0.7154099  -0.48841465 -0.50477593 -0.62828903 -0.41730155 -0.58933398
 -0.55781857 -0.45488634 -0.50981481 -0.52683614 -0.60630639 -0.5127495
 -0.46497265 -0.46383055 -0.4016046  -0.36141587 -0.38899919 -0.44282289
 -0.41149902 -0.44751842 -0.45425903 -0.46910503 -0.45191881 -0.43255498
 -0.46616997 -0.41697164 -0.43912952 -0.51668851 -0.47485963 -0.45659778
 -0.42671055 -0.44520219 -0.38848685 -0.39528798 -0.43156697 -0.43055194
 -0.45058148 -0.48994432 -0.45264205 -0.429238   -0.49899832 -0.44220724
 -0.47165823 -0.36329754 -0.48184469 -0.41548541 -0.42138253 -0.39584155
 -0.40866246 -0.46373341 -0.41196288 -0.43303542 -0.41442737 -0.43557876
 -0.40581322 -0.45642708 -0.45104732 -0.47422729 -0.39757594 -0.40678868
 -0.41767876 -0.45389456 -0.46680095 -0.46946679 -0.48093062 -0.59532175
 -0.47267942 -0.4024999  -0.43596145 -0.4986976  -0.42669808 -0.41669189
 -0.40123188 -0.43790448 -0.42943237 -0.50056302 -0.54183223 -0.45530078
 -0.52136459 -0.37453292 -0.43196631 -0.4139977  -0.47037507 -0.49823785
 -0.43187312 -0.4017472  -0.52734871 -0.40491981 -0.50031185 -0.41695365
 -0.46465145 -0.54016708 -0.50713812 -0.36832095 -0.44433791 -0.46755693
 -0.47747783 -0.53133331 -0.66204907 -0.44105682 -0.41597978 -0.44539058
 -0.36471194 -0.47298163 -0.47125333 -0.4713586  -0.38689046 -0.47181277
 -0.38905755 -0.51702795 -0.50367757 -0.34954359 -0.4303066  -0.50623381
 -0.48527267 -0.59293765 -0.44302399 -0.57233974 -0.54479654 -0.49476533
 -0.55964605 -0.42967212 -0.42723108 -0.5255988  -0.34957951 -0.31231142
 -0.44358619 -0.48549536 -0.52061045 -0.32294206 -0.59045789 -0.6032803
 -0.41674674 -0.51359891 -0.49956616 -0.81951167 -0.36315451 -0.3671769
 -0.66834847 -0.38908928 -0.60909938 -0.57395903 -0.58292713 -0.87702505
 -0.34126316 -0.39395564 -0.50688789 -0.47686033 -0.29805973 -0.44611655
 -0.28437787 -0.43182618 -0.6074558  -0.42694089 -0.33832964 -0.4483003
 -0.47045075 -0.34025882 -0.46697885 -0.4132257  -0.49630532 -0.38525947
 -0.52897124 -0.31129789 -0.67361713 -0.36409484 -0.45951054 -0.34701411
 -0.70616063 -0.5894482  -0.51408267 -0.49100095 -0.38066324 -0.55439184
 -0.43975102 -0.58212236 -0.44710491 -0.34872228 -0.48399522 -0.52759281
 -0.38739643 -0.41919156 -0.48472768 -0.36974824 -0.37556999 -0.4242991
 -0.41043037 -0.48529027 -0.48005997 -0.38625778 -0.58836475 -0.3870623
 -0.48454749 -0.97570363 -0.41563252 -0.3681502  -0.4527084  -0.57755077
 -0.38911328 -0.59675269 -0.59062375 -0.55481364 -0.33661111 -0.42724078
 -0.33322673 -0.35714903 -0.3912189  -0.3789749  -0.53007484 -0.50462602
 -0.42597659 -0.44090364 -0.26176186 -0.4598934  -0.4200461  -0.45788036
 -0.43283676 -0.63839377 -0.6108646  -0.64855001 -0.58370228 -0.44254662
 -0.72798568 -0.62920657 -0.84053507 -0.63575308 -0.7193165  -0.69561726
 -0.68675416 -0.59070044 -0.74208335 -0.56476127 -0.61038085 -0.5951462
 -0.56359086 -0.72159492 -0.712375   -0.42239803 -0.64499521 -0.65615947
 -0.59295167 -0.92200999 -0.70901883 -0.79229581 -0.57614951 -0.48272019
 -0.61753598 -0.64789792 -0.54175723 -0.57766838 -0.64380176 -0.76482282
 -0.61815684 -0.75472758 -0.69649741 -0.61351771 -0.59229461 -0.62559007
 -0.58564326 -0.60574079 -0.60367763 -0.58857114 -0.64051002 -0.48872734
 -0.83944207 -0.83466949 -0.68724346 -0.61854553 -0.67088161 -0.56029776
 -0.50523596 -0.66999193 -0.62614633 -0.64381073 -0.73330353 -0.69275971
 -0.69630554 -0.73505402 -0.75298226 -0.54871705 -0.70621849 -0.69586706
 -0.59189916 -0.74897692 -0.72609189 -0.65548076 -0.63566394 -0.45392595
 -0.68542741 -0.56276741 -0.6098722  -0.68140471 -0.50873939 -0.92274169
 -0.68772818 -0.63218709 -0.52623917 -0.6966134  -0.73180107 -0.7315431
 -0.48983914 -0.61717652 -0.57892532 -0.66350202 -0.67675867 -0.65246135
 -0.64233873 -0.62202576 -0.63071351 -0.61013419 -0.60912309 -0.56798253
 -0.5433537  -0.5983532  -0.78621042 -0.801386   -0.63415503 -0.70504813
 -0.54481874 -0.60565053 -0.81488745 -0.55661712 -0.73488041 -0.68293067
 -0.66459667 -0.63424801 -0.65959314 -0.60815955 -0.55563854 -0.51686653
 -0.65085861 -0.82100042 -0.60264622 -0.64530319 -0.55673448 -0.76976624
 -0.65870322 -0.67533747 -0.70329078 -0.57611824 -0.55030872 -0.56575872
 -0.60533604 -0.59303892 -0.56650063 -0.71624503 -0.73116781 -0.72175844
 -0.4801871  -0.51155798 -0.49111005 -0.61551676 -0.55735332 -0.66712775
 -0.65987338 -0.58880219 -0.63682338 -0.65516253 -0.55766448 -0.51120386
 -0.67854949 -0.66932165 -0.53834329 -0.62690573 -0.64964538 -0.69466339
 -0.68657008 -0.49498959 -0.86637379 -0.51599896 -0.57819648 -0.61513737
 -0.71175883 -0.91367353 -0.70878442 -0.60830685 -0.60523697 -0.73571308
 -0.56733876 -0.60888113 -0.58289777 -0.6083012  -0.53796949 -0.40630937
 -0.57296921 -0.55120675 -0.69884717 -0.60711776 -0.71748062 -0.52607311
 -0.65091586 -0.50858459 -0.63723047 -0.5543876  -0.63286977 -0.88913076
 -0.55731813 -0.68847417 -0.58245789 -0.46940832 -1.03420804 -0.53329422
 -0.57273863 -0.52732963 -0.47308422 -0.46218604 -0.43482813 -0.49031944
 -0.42685162 -0.38213635 -0.47699884 -0.46617711 -0.43409691 -0.45966286
 -0.48812356 -0.43398595 -0.44363203 -0.43621849 -0.72213898 -0.68224084
 -0.70575806 -0.6537158  -0.71726211 -0.69855095 -0.72740749 -0.64465789
 -0.80110849 -0.71764307 -0.67926911 -0.65764652 -0.58860883 -0.72120097
 -0.55174679 -0.71384101 -0.68560011 -0.76203638 -0.73118545 -0.70740361
 -0.75948329 -0.76554831 -0.74318301 -0.91609087 -0.39034895 -0.56635751
 -0.64919324 -0.38870161 -0.49049715 -0.52371781 -0.53120714 -0.66008579
 -0.49106517 -0.3272276  -0.45398918 -0.41439444 -0.70060114 -0.56521564
 -0.34568216 -0.3468561  -0.46596137 -0.49836117 -0.36573075 -0.42636488
 -0.31724743 -0.46380779 -0.51775891 -0.31442173 -0.52679503 -0.52411755
 -0.52223174 -0.50393651 -0.3946298  -0.40738804 -0.51715198 -0.42021309
 -0.46719742 -0.32544408 -0.38597809 -0.33190454 -0.50220308 -0.43062963
 -0.52342187 -0.40624348 -0.30534162 -0.42432865 -0.49355021 -0.50999391
 -0.56303773 -0.51607308 -0.65099786 -0.53720698 -0.52761979 -0.29611747
 -0.73851927 -0.53679221 -0.55612987 -0.341511   -0.48787507 -0.2359819
 -0.27811517 -0.5464298  -0.31913407 -0.54647354 -0.46582968 -0.38685555
 -0.36801164 -0.49506726 -0.4077481  -0.49905807 -0.40328182 -0.67598904
 -0.33987123 -0.47452034 -0.33701677 -0.58336885 -0.45124826 -0.30700857
 -0.45225387 -0.41576892 -0.4307472  -0.39268429 -0.40115459 -0.29014619
 -0.38645744 -0.33238101 -0.38045081 -0.4941451  -0.42152888 -0.33084274
 -0.52060201 -0.56053532 -0.50336384 -0.5271982  -0.36221209 -0.51372809
 -0.53399456 -0.48992627 -0.67225305 -0.52786059 -0.40602712 -0.28103329
 -0.34307411 -0.3479781  -0.4242152  -0.3964298  -0.27262063 -0.47168692
 -0.4178842  -0.33464081 -0.39365283 -0.3067194  -0.34854689 -0.31836626
 -0.46229908 -0.30198201 -0.29313111 -0.37068021 -0.32627924 -0.32620647
 -0.34339399 -0.36100098 -0.40143452 -0.39410988 -0.4209583  -0.38458099
 -0.27286187 -0.32750373 -0.39059335 -0.27969836 -0.34794303 -0.3088508
 -0.39302481 -0.30569028 -0.40067509 -0.27308234 -0.33293854 -0.32018219
 -0.31919464 -0.26331825 -0.3561014  -0.30965106 -0.45657826 -0.38465133
 -0.28449417 -0.33367548 -0.42641322 -0.34997495 -0.34015226 -0.37424135
 -0.40066548 -0.3528024  -0.45604974 -0.44286393 -0.30276525 -0.36509856
 -0.37821798 -0.35575484 -0.32760075 -0.37416564 -0.37691186 -0.29197551
 -0.41717926 -0.32398954 -0.38865752 -0.37462374 -0.45384525 -0.40377159
 -0.33944035 -0.37251263 -0.37129193 -0.35348962 -0.37275393 -0.46988161
 -0.40388102 -0.41517527 -0.30967993 -0.34839523 -0.2672826  -0.36405726
 -0.32222695 -0.38762276 -0.30759317 -0.38636563 -0.30885872 -0.46766324
 -0.3463107  -0.35811687 -0.60918091 -0.69313046 -0.43646905 -0.54305725
 -0.51957222 -0.79046924 -0.5451235  -0.48678988 -0.59192162 -0.4612489
 -0.57772844 -0.4929311  -0.66038194 -0.82865157 -0.56200817 -0.45380373
 -0.65257741 -0.70170143 -0.39096394 -0.42692736 -0.36066125 -0.66059887
 -0.46638697 -0.67575494 -0.64563792 -0.58742957 -0.69394541 -0.45357505
 -0.6113711  -0.5751148  -0.44597514 -0.44642149 -0.43773892 -0.61386112
 -0.47830781 -0.86070112 -0.4759489  -0.72394556 -0.44067233 -0.47578406
 -0.70458467 -0.93790978 -0.53307253 -0.82584535 -0.68587953 -0.50937093
 -0.69809671 -0.66356999 -0.52764303 -0.54400845 -0.49464992 -0.56783615
 -0.88382412 -0.65547055 -0.48884862 -0.39163749 -0.53343132 -0.58857833
 -0.65827617 -0.62090827 -0.57860938 -0.55845261 -0.70647083 -0.50523871
 -0.45133375 -0.4697618  -0.84152451 -0.65378242 -0.72623914 -0.59303283
 -0.63613823 -0.89191038 -0.61448307 -0.43903374 -0.6768161  -0.77772934
 -0.50615652 -0.51683446 -0.44480883 -0.53853771 -0.54472457 -0.68040342
 -0.67374521 -0.48757516 -0.52805189 -0.51010949 -0.51131611 -0.49962422
 -0.54358202 -0.47079252 -0.48179684 -0.73628938 -0.60904861 -0.63988737
 -0.429005   -0.60824365 -0.47864973 -0.67215857 -0.49803737 -0.47171658
 -0.57254956 -0.46624902 -0.46954281 -0.51054455 -0.40615257 -0.56383238
 -0.50521515 -0.624293   -0.51082756 -0.5311379  -0.4414295  -0.4805244
 -0.45579638 -0.45017287 -0.55703633 -0.49971365 -0.69368299 -0.60621437
 -0.49769835 -0.41660811 -0.63599427 -0.44494889 -0.42587759 -0.53687366
 -0.40539281 -0.39826943 -0.52114245 -0.54907441 -0.51666158 -0.52249952
 -0.62427868 -0.56010236 -0.80515375 -0.37457122 -0.54360292 -0.58607836
 -0.52636515 -0.45601916 -0.51377072 -0.44172833 -0.50867276 -0.50194939
 -0.45734343 -0.49994726 -0.4706963  -0.52361058 -0.38779888 -0.49353131
 -0.66275273 -0.47713141 -0.44681041 -0.47289886 -0.47032573 -0.69871296
 -0.55336456 -0.62376443 -0.4536751  -0.51741323 -0.43979558 -0.77417684
 -0.53167725 -0.57593186 -0.71098101 -0.50465442 -0.55543357 -0.55201587
 -0.9944472  -0.40789799 -0.4336556  -0.54892778 -0.52305868 -0.48263474
 -0.50961422 -0.48925773 -0.50484615 -0.51507095 -0.57389211 -0.44445991
 -0.5865228  -0.37169488 -0.38397448 -0.64925432 -0.46636133 -0.40094268
 -0.60591055 -0.44126131 -0.4221941  -0.5111284  -0.53184502 -0.56345039
 -0.52126852 -0.54501701 -0.53809445 -0.54618401 -0.3455481  -0.53085559
 -0.79916867 -0.40840462 -0.5175774  -0.46011109 -0.2599722  -0.35043845
 -0.19861126 -0.54161638 -0.36746632 -0.4501275  -0.25178726 -0.39813924
 -0.4583081  -0.31692985 -0.42473587 -0.47901766 -0.59571509 -0.24024349
 -0.47333341 -0.16321205 -0.24271491 -0.54286598 -0.34681576 -0.28859715
 -0.41151726 -0.45353186 -0.35353377 -0.46567133 -0.23150145 -0.27647903
 -0.33067093 -0.32007371 -0.55259707 -0.28221405 -0.40250448 -0.21389532
 -0.35883395 -0.42384364 -0.30245358 -0.41696283 -0.21301448 -0.39165876
 -0.44788212 -0.42763347 -0.44262957 -0.37234183 -0.32993217 -0.4631339
 -0.32151213 -0.29638119 -0.39669554 -0.40869201 -0.23868641 -0.43190054
 -0.24043209 -0.24693518 -0.52180909 -0.60643054 -0.34925031 -0.28323688
 -0.26450025 -0.23653184 -0.44326226 -0.55403937 -0.29232313 -0.33632691
 -0.66337225 -0.4319593  -0.4786617  -0.48973542 -0.43081676 -0.34132168
 -0.47410379 -0.43573105 -0.44392552 -0.46937293 -0.50118735 -0.46942037
 -0.49411671 -0.5322447  -0.54123523 -0.31268634 -0.3651979  -0.56014912
 -0.53127995 -0.39473515 -0.45954629 -0.39571809 -0.41117596 -0.37000164
 -0.58900314 -0.38440572 -0.35641883 -0.36416619 -0.31212624 -0.29982239
 -0.57763993 -0.51934887 -0.33806123 -0.27159577 -0.33904085 -0.43882794
 -0.20400922 -0.42087646 -0.48670214 -0.4123747  -0.49881232 -0.46720543
 -0.29888229 -0.41012876 -0.40672864 -0.61830467 -0.56070883 -0.21758314
 -0.25438302 -0.25733333 -0.58075596 -0.48262093 -0.42723647 -0.38871178
 -0.51779559 -0.43322065 -0.50687803 -0.35787508 -0.34529135 -0.49817398
 -0.41292142 -0.53246934 -0.38191497 -0.49174269 -0.48837781 -0.3313544
 -0.54687959 -0.53480435 -0.48428304 -0.5583771  -0.63028816 -0.47574598
 -0.37326214 -0.36568985 -0.42726982 -0.45857995 -0.25601086 -0.49726597
 -0.40530749 -0.51578593 -0.5588058  -0.36078742 -0.2891066  -0.54773699
 -0.50080169 -0.67005221 -0.47304462 -0.55176368 -0.1967565  -0.28699491
 -0.53344522 -0.50504895 -0.33119929 -0.45204945 -0.47580897 -0.48571987
 -0.4562579  -0.21972262 -0.5534392  -0.40141627 -0.59076794 -0.46332563
 -0.3932781  -0.49612664 -0.51742333 -0.53218131 -0.45209762 -0.4864234
 -0.37947772 -0.56581472 -0.51364971 -0.6905877  -0.51016624 -0.60166171
 -0.63431295 -0.66341227 -0.76743718 -0.72368107 -0.65696253 -0.90419718
 -0.5418561  -0.65680114 -0.6570633  -0.5619292  -0.50428379 -0.58084075
 -0.71704597 -0.69583086 -0.52998791 -0.51118269 -0.61853435 -0.64616205
 -0.67872297 -0.38151179 -0.73132365 -0.52443116 -0.71823208 -0.34137555
 -0.92747598 -0.75413116 -0.71812098 -0.48120795 -0.2338793  -0.66032792
 -0.81273376 -0.53098682 -0.44429728 -0.65310536 -0.85489513 -0.43023447
 -0.76450731 -0.53526856 -0.57512264 -0.69560803 -0.57919789 -0.66944168
 -0.6661291  -0.64608102 -0.51742109 -0.6212681  -0.52448744 -0.46495265
 -0.43021211 -0.54987976 -0.58108766 -0.7153513  -1.13569396 -0.62240612
 -0.65595138 -0.64714314 -0.65488938 -0.63768364 -0.59403067 -0.6888959
 -0.59546706 -0.71987547 -0.62058253 -0.56936769 -0.58902107 -0.53844095
 -0.6213963  -0.59888398 -0.60323975 -0.59709241 -0.40332099 -0.59240481
 -0.61213378 -0.94863958 -0.57052123 -0.69637316 -0.65560348 -0.61442148
 -0.61900767 -0.46709827 -1.16587676 -0.60555944 -0.59885659 -0.62301241
 -0.61430808 -0.61728947 -0.61765675 -0.61143745 -0.65551458 -0.48182227
 -0.71636019 -0.62025271 -0.61545599 -0.53351943 -0.65575053 -0.49545322
 -0.51653909 -0.64708945 -0.58261376 -0.62575484 -0.60654158 -0.47291459
 -0.64752839 -0.56509895 -0.74795123 -0.58552393 -0.53617179 -0.56841299
 -0.60526281 -0.56283021 -0.66376527 -0.61155344 -0.82819617 -0.72587176
 -0.62332247 -0.78874323 -0.66428983 -0.66777136 -0.79489843 -0.79298108
 -0.76192831 -0.77703354 -0.79500119 -0.83142036 -0.85134159 -0.82054739
 -0.65135593 -0.8009458  -0.78410094 -0.83809824 -0.75750246 -0.6574965
 -0.75597085 -0.53779002 -0.86997169 -0.8580786  -0.92699195 -0.9705447
 -0.64227088 -0.64327369 -0.84722978 -0.70969811 -0.80909679 -0.89499559
 -0.94863102 -0.8170658  -0.86215654 -0.90169794 -0.70456362 -0.59938852
 -0.92763964 -0.87707386 -0.82908437 -0.90130823 -0.94236079 -0.7778283
 -0.69901163 -0.84884056 -0.80598213 -0.6527661  -0.81439134 -0.85752709
 -0.86336649 -0.74590605 -0.78624216 -0.94526498 -0.80339921 -0.74565459
 -0.64216924 -0.75842619 -0.87993548 -0.79308697 -0.64423865 -0.7689339
 -0.76998569 -0.90094814 -0.85567881 -0.82384666 -1.1574501  -0.97895303
 -0.65088587 -0.8558124  -0.7242949  -0.69261769 -0.82704164 -1.01052879
 -0.65274    -0.81722186 -0.82568317 -0.94435132 -0.84288951 -0.85001713
 -0.83437006 -0.86986192 -0.89944521 -0.80244911 -0.73910913 -0.79620542
 -0.64212107 -0.72388787 -0.59593986 -0.85193349 -0.88992965 -0.82431895
 -0.80425799 -0.75385087 -0.90373149 -0.92968512 -0.79767298 -1.00227186
 -0.72592413 -0.66381231 -0.26369871 -0.41299774 -0.3893892  -0.27796455
 -0.36201053 -0.28837848 -0.24602801 -0.44021528 -0.46910368 -0.29886882
 -0.33968701 -0.27078584 -0.34694706 -0.2888633  -0.33676954 -0.31922141
 -0.22178814 -0.55130186 -0.27544451 -0.25272064 -0.29111861 -0.23812631
 -0.27626983 -0.28102289 -0.32571207 -0.33565843 -0.35623784 -0.3795129
 -0.40126115 -0.43918402 -0.33058922 -0.2503687  -0.27067288 -0.32540572
 -0.36427612 -0.39909488 -0.28554447 -0.21935835 -0.49837968 -0.49022479
 -0.24525901 -0.28083416 -0.54973009 -0.16258113 -0.48565133 -0.26787349
 -0.43765042 -0.29362029 -0.39099199 -0.3962624  -0.4781949  -0.3318512
 -0.43669289 -0.62954565 -0.58393015 -0.6237821  -0.6234856  -0.80985247
 -0.56823982 -0.66733504 -0.64238489 -0.66202946 -0.61155467 -0.61002102
 -0.62473304 -0.66622662 -0.65501183 -0.63678713 -0.61137212 -0.61204336
 -0.60473363 -0.58157305 -0.57281321 -0.62128534 -0.59922867 -0.60767466
 -0.68986983 -0.67671969 -0.54677183 -0.68660241 -0.5618528  -0.63354931
 -0.65538879 -0.65337237 -0.543017   -0.65227867 -0.60135182 -0.57309035
 -0.61642681 -0.60396627 -0.76778418 -0.60264339 -0.64102546 -0.67809646
 -0.64612199 -0.55822589 -0.68119154 -0.62239862 -0.55816985 -0.61056169
 -0.55748917 -0.71854567 -0.63737437 -0.60866368 -0.55889131 -0.59841517
 -0.59800329 -0.57539109 -0.57966625 -0.58974473 -0.54842049 -0.55298155
 -0.65017881 -0.55669177 -0.56216683 -0.51785915 -0.59790796 -0.71522363
 -0.65881037 -0.68710018 -0.58742177 -0.56615474 -0.61689076 -0.71239297
 -0.58029471 -0.68808098 -0.62174606 -0.60896009 -0.60943166 -0.57687037
 -0.60657378 -0.63712062 -0.59981129 -0.51289029 -0.57062041 -0.65865076
 -0.64543952 -0.65797557 -0.52075913 -0.66898195 -0.57839735 -0.60585832
 -0.42309832 -0.63927984 -0.41309863 -0.62826765 -0.57900058 -0.68425982
 -0.6869766  -0.57833276 -0.67611858 -0.65831266 -0.61723021 -0.34221236
 -0.70733232 -0.51456779 -0.79197558 -0.52836005 -0.56265717 -0.63467824
 -0.7528572  -0.51964016 -0.45518344 -0.42025519 -0.60186944 -0.66597272
 -0.66808489 -0.38433332 -0.53175496 -0.47405809 -0.39031913 -0.53580591
 -0.55501568 -0.72728287 -0.58637389 -0.57986581 -0.59123275 -0.5537408
 -0.55833935 -0.58161785 -0.65190708 -0.57296568 -0.62050256 -0.56103762
 -0.61950725 -0.66674556 -0.56752885 -0.52076389 -0.566584   -0.58140675
 -0.61803351 -0.67084636 -0.54328041 -0.53520407 -0.5482972  -0.61412429
 -0.6668315  -0.58337325 -0.59649709 -0.54041667 -0.87576328 -0.64447194
 -0.69906339 -0.65214856 -0.54549012 -0.5017519  -0.60678794 -0.65231269
 -0.62682923 -0.66907345 -0.57074078 -0.62704126 -0.60022352 -0.57689995
 -0.54467497 -0.62187449 -0.56271634 -0.60410025 -0.40438783 -0.5864288
 -0.48712329 -0.47983924 -0.49298177 -0.52386605 -0.43383733 -0.45333661
 -0.42892387 -0.49516358 -0.25521189 -0.36817069 -0.41873746 -0.49942717
 -0.46569019 -0.44762866 -0.45425738 -0.4796663  -0.37546897 -0.54152452
 -0.45918118 -0.49749743 -0.47981642 -0.52693047 -0.4177029  -0.56549325
 -0.49327535 -0.26319296 -0.43051702 -0.50048145 -0.45276702 -0.30544896
 -0.45733921 -0.52887275 -0.17409101 -0.50034907 -0.74982125 -0.63245007
 -0.68308113 -0.6405154  -0.67369183 -0.6442938  -0.65357745 -0.64744657
 -0.57763602 -0.62615683 -0.71191768 -0.53562156 -0.66235226 -0.8529262
 -0.60275665 -0.75003455 -0.66430752 -0.72113182 -0.72338242 -0.6410594
 -0.646018   -0.66517503 -0.62776757 -0.66581081 -0.61383752 -0.6937975
 -0.46572076 -0.71209795 -0.62485103 -0.71649901 -0.7071521  -0.76242089
 -0.66186847 -0.66468095 -0.67345283 -0.69712077 -0.65201541 -0.70589344
 -0.64670334 -0.67695255 -0.68124102 -0.6548985  -0.64956541 -0.71704703
 -0.63960481 -0.59209464 -0.6781489  -0.65779788 -0.6723664  -0.67005548
 -0.76440586 -0.53676611 -0.62570791 -0.67206688 -0.73834658 -0.68989965
 -0.53083548 -0.59701411 -0.68435089 -0.76799116 -0.64457629 -0.64772469
 -0.67180265 -0.612618   -0.59047711 -0.58905284 -0.65789054 -0.55240356
 -0.52083396 -0.57457237 -0.65342872 -0.55605486 -0.78663347 -0.87634142
 -0.79503649 -0.88345483 -0.87356446 -0.85637484 -1.06808518 -0.90630714
 -0.75973505 -1.03583044 -0.85046972 -0.81360081 -0.84512555 -0.8988848
 -0.85571441 -0.90416749 -0.95228033 -0.85584726 -0.82635561 -0.81345684
 -0.93655448 -0.8813215  -0.84971502 -0.89291649 -0.83153771 -0.89458043
 -0.7642045  -0.80725895 -0.87446613 -0.92219438 -0.84644619 -0.820705
 -0.71554617 -0.90197444 -0.8932837  -0.84564415 -0.82305608 -0.98227777
 -0.93500651 -0.99390142 -0.76087825 -0.88042433 -1.00337565 -0.81382467
 -0.86775526 -0.88914513 -0.27139418 -0.4260474  -0.40426233 -0.42725211
 -0.57877709 -0.42711048 -0.31151288 -0.54786322 -0.40809506 -0.19418043
 -0.412413   -0.22966176 -0.70538071 -0.4183038  -0.46215188 -0.42156711
 -0.48416849 -0.2984892  -0.2451018  -0.52112111 -0.33712116 -0.27949014
 -0.51949633 -0.20606054 -0.29286284 -0.33841333 -0.25211493 -0.24016804
 -0.29247802 -0.25221617 -0.25428558 -0.42124152 -0.37029491 -0.17873318
 -0.43996289 -0.23586547 -0.2116692  -0.27045342 -0.4161304  -0.51343734
 -0.38800266 -0.34085454 -0.31643178 -0.27900978 -0.28543018 -0.5283665
 -0.36891355 -0.23905431 -0.47801832 -0.31995365 -0.55024712 -0.27835877
 -0.24898553 -0.38530334 -0.20582914 -0.81224734 -0.35879946 -0.29722485
 -0.21449786 -0.58152166 -0.40720322 -0.3510525  -0.40000936 -0.30430477
 -0.54049349 -0.43789537 -0.73320958 -0.77674559 -0.58227366 -0.70098714
 -0.766565   -0.86857074 -0.74307377 -0.60934511 -0.65886332 -0.74067343
 -0.65509215 -0.70350527 -0.71008683 -0.56208416 -0.76733457 -0.76396847
 -0.6051503  -0.70814242 -0.76186761 -0.58070949 -0.65256014 -0.68343117
 -0.74884455 -0.73744727 -0.6121573  -0.77378399 -0.69965214 -0.74396005
 -0.65500563 -0.75897571 -0.65138359 -0.77095116 -0.79365422 -0.56529775
 -0.73218498 -0.66258738 -0.7226498  -0.74597529 -0.64976596 -0.64875292
 -0.66527848 -0.55338129 -0.6269826  -0.60638916 -0.75541893 -0.60734485
 -0.79222193 -0.77511384 -0.73164268 -0.7593204  -0.62646685 -0.76113656
 -0.73080361 -0.77542977 -0.62049669 -0.65582886 -0.75831497 -0.75772049
 -0.74546033 -0.77339892 -0.62435055 -0.75316215 -0.80287016 -0.54643081
 -0.69035127 -0.66112353 -0.6600252  -0.51313168 -0.47485213 -0.66668899
 -0.86073354 -0.74155589 -0.73582744 -0.73163604 -0.83840859 -0.73935666
 -0.64202417 -0.74071178 -0.67371532 -0.67156846 -0.52394804 -0.74958432
 -0.700539   -0.73859359 -0.70570614 -0.67040276 -0.63833953 -0.52512183
 -0.71137795 -0.84351277 -0.63114982 -0.76889633 -0.66945591 -0.6525858
 -0.68953957 -0.79793372 -0.73268493 -0.75386025 -0.56717141 -0.55902633
 -0.34001665 -0.75953832 -0.67538364 -0.68278127 -0.49584634 -0.71372969
 -0.55979323 -0.8407509  -0.94066406 -0.87564746 -0.49895377 -0.39208927
 -0.64712749 -0.67029986 -0.75839117 -1.11187608 -0.73369128 -0.42000309
 -0.60337916 -0.75256642 -0.64527095 -0.64376304 -0.81839433 -0.69445899
 -0.59859695 -0.92147794 -0.57462953 -0.50438074 -0.62905087 -0.69862515
 -0.56991389 -0.73571874 -0.56887787 -0.61265166 -0.61871719 -0.49587177
 -0.67756551 -0.6167467  -0.48478334 -0.69180613 -0.70674572 -0.66459551
 -0.46213514 -0.71072668 -1.09857872 -0.55391741 -0.57100288 -0.63423164
 -0.7185712  -0.58517746 -0.49859999 -0.70047409 -0.7808107  -0.74849989
 -0.50491279 -0.71663693 -0.692396   -0.48975907 -0.71825507 -0.51825217
 -0.66607906 -0.71009084 -0.87753615 -0.35865421 -0.77950443 -0.90631741
 -0.76977499 -0.71548238 -0.69074392 -0.71348785 -0.64262782 -0.70261763
 -0.43122888 -0.69039494 -0.52725984 -0.62063722 -0.76377582 -0.74155588
 -0.72650842 -0.65516211 -0.64726638 -0.45233757 -0.51345461 -0.75698871
 -0.6235605  -0.72464086 -0.72063125 -0.64776097 -0.78734955 -0.84462795
 -0.54085213 -0.59056926 -0.48636375 -0.59212378 -0.59001903 -0.64206361
 -0.68975743 -0.39973776 -0.65594892 -1.02751699 -0.6200699  -0.69612813
 -0.92484666 -0.7337417  -0.80389438 -0.61707855 -0.69996417 -0.74148843
 -0.81072598 -0.61428195 -0.75666021 -0.6042586  -0.34035495 -0.59827872
 -0.63600685 -0.60648201 -0.4100255  -0.66736101 -0.57735738 -0.78630712
 -0.72969667 -0.71216753 -0.70397741 -0.75521025 -0.58247501 -0.87903774
 -0.35572824 -0.72499061 -0.48562811 -0.38988007 -0.45555355 -0.8872647
 -0.59942466 -0.71729808 -0.75512231 -0.61499122 -0.59970999 -0.69801529
 -0.61439597 -0.55094876 -0.68609226 -0.70547122 -0.43132186 -0.61798902
 -0.59506343 -0.08628255 -0.8503051  -0.73318228 -0.64914739 -0.88575353
 -0.17266221 -0.739314   -0.5027737  -0.66504913 -0.45602559 -0.742972
 -0.92981639 -0.76451399 -0.40211199 -0.74727208 -0.72220285 -0.51390967
 -0.66407675 -0.67583523 -0.65925805 -0.64354358 -0.62006725 -0.35420725
 -0.86964449 -0.76113266 -0.52572897 -0.75501239 -0.90575301 -0.55534929
 -0.38178012 -0.6462802  -0.71331173 -0.60233031 -0.70276353 -0.68427095
 -0.82124548 -0.6378072  -0.77064298 -0.6417571  -0.48491584 -0.62544706
 -0.61969574 -0.40468241 -0.59360927 -0.83763098 -0.64474288 -0.28075347
 -0.68053426 -0.55385009 -0.72441266 -0.66576383 -0.48028766 -0.55218379
 -0.51501895 -0.80795894 -0.54122892 -0.46477201 -0.73681773 -0.52714409
 -0.62693775 -0.48806337 -0.69254552 -0.56392773 -0.71697118 -0.63920837
 -0.40282726 -0.45773915 -0.59746675 -0.65911501 -0.68932528 -0.85485917
 -0.38322534 -0.76047108 -0.3809696  -0.64830522 -0.89305021 -0.89422956
 -0.55033096 -0.54788322 -0.63820621 -0.61164742 -0.82684019 -0.95290364
 -0.67139701 -0.81679823 -1.03598285 -0.78818275 -0.68552229 -0.74262175
 -1.00463693 -0.77091237 -0.5675017  -0.78605175 -0.74206957 -0.72039777
 -0.72844314 -0.71418928 -0.68492178 -0.72360493 -0.67233092 -0.70346625
 -0.73945271 -0.49653474 -0.81064889 -0.24215788 -0.45843452 -0.54539739
 -0.56846244 -0.21887559 -0.47366601 -0.42321582 -0.43758752 -0.28718774
 -0.41546581 -0.46167649 -0.29737703 -0.20509026 -0.30538688 -0.29502084
 -0.07400557 -0.26523106 -0.53295174 -0.52133068 -0.36824343 -0.35631249
 -0.40832313 -0.54050902 -0.51279457 -0.63314369 -0.34024572 -0.48396161
 -0.1680966  -0.4930935  -0.58031936 -0.53374595 -0.53310245 -0.5412211
 -0.41272237 -0.54200733 -0.40548642 -0.50948448 -0.52025507 -0.53292756
 -0.5604165  -0.51986667 -0.55015333 -0.47340919 -0.76113902 -0.84921524
 -0.64718169 -0.67621727 -0.81737419 -0.67624047 -0.70655985 -0.74611733
 -0.72677281 -0.6935357  -0.59920362 -0.64930307 -0.79742029 -0.77455729
 -0.70275629 -0.7354398  -0.72307485 -0.69074879 -0.66104088 -0.71732863
 -0.64282964 -0.66880806 -0.54404319 -0.76097167 -0.63408144 -0.7130647
 -0.84872733 -0.66908198 -0.53500638 -0.78442676 -0.63294533 -0.6599084
 -0.76899639 -0.70841631 -0.6363772  -0.65226851 -0.75630461 -0.6784226
 -0.66549125 -0.71028388 -0.80819179 -0.70842063 -0.69898624 -0.77645105
 -0.59205954 -0.76362154 -0.71478721 -0.63662703 -0.63485431 -0.65451102
 -0.59913392 -0.73229386 -0.64316511 -0.7063138  -0.70142008 -0.67567518
 -0.5818883  -0.83361584 -0.58987974 -1.02767802 -0.69768582 -0.59977578
 -0.79081005 -0.60455272 -0.75392276 -0.71979111 -0.70784354 -0.67243754
 -0.83222124 -0.75213778 -0.87499137 -0.95561815 -0.63203885 -0.75886739
 -0.71132211 -0.6112218  -0.69573901 -0.68603736 -0.76273201 -0.74474422
 -0.72535755 -0.71256528 -0.78724765 -0.89914918 -0.68365198 -0.67931187
 -0.71194311 -0.76512988 -0.74701945 -0.72223505 -0.76076029 -0.64622267
 -0.77099904 -0.71423066 -0.74253081 -0.71844694 -0.68980236 -0.77390134
 -0.66403914 -0.99017985 -0.78476927 -0.64894484 -0.66725922 -0.694889
 -0.90799099 -0.84905798 -0.67354439 -0.61273078 -0.81670399 -0.95715069
 -0.68761696 -0.81735083 -1.14169574 -0.81068981 -1.00100003 -0.84601798
 -0.62934374 -0.63436749 -0.80688355 -0.84896541 -0.97991887 -0.64137819
 -0.91441728 -0.52754968 -0.89365261 -0.98003522 -0.89920078 -0.81009807
 -0.7902852  -0.68662202 -0.79569982 -0.86618194 -0.70993619 -0.73026391
 -1.4062149  -0.85108451 -0.5079989  -0.43781166 -0.50420321 -0.5369743
 -0.50299183 -0.50903236 -0.27420208 -0.53412578 -0.44432586 -0.38162671
 -0.54916519 -0.29041973 -0.51954935 -0.54138792 -0.50246887 -0.41142426
 -0.57285596 -0.53502075 -0.57263585 -0.48277887 -0.50822589 -0.40821647
 -0.45758812 -0.47227533 -0.43942849 -0.365945   -0.58455244 -0.38621067
 -0.52028019 -0.41002319 -0.53225948 -0.51268859 -0.42363034 -0.49958046
 -0.38455501 -0.53549793 -0.58313153 -0.74609406 -0.59010109 -0.64312357
 -0.7450514  -0.7713205  -0.61455387 -0.70121307 -0.73486467 -0.5996576
 -0.65522279 -0.54667686 -0.73223566 -0.67496956 -0.6027612  -0.68944868
 -0.60468233 -0.6794113  -0.64015413 -0.68006307 -0.64725762 -0.75050081
 -0.65670456 -0.70194374 -0.69222068 -0.80006643 -0.77604267 -0.67842943
 -0.66977997 -0.65124143 -0.73551554 -0.67244364 -0.78462106 -0.82371992
 -0.56573771 -0.60089856 -0.6551167  -0.73806381 -0.62516835 -0.63065561
 -0.64018042 -0.70454059 -0.61310755 -0.68891488 -0.73706143 -0.58859732
 -0.63255014 -0.70368352 -0.61531256 -0.60895369 -0.56650074 -0.69169004
 -0.69622236 -0.62959405 -0.64594821 -0.53260077 -0.64181368 -0.72318271
 -0.34465817 -0.36544646 -0.37388171 -0.27940289 -0.42592951 -0.38437316
 -0.28289052 -0.43049752 -0.38953996 -0.39454016 -0.39569362 -0.40884851
 -0.4764362  -0.47301679 -0.3671831  -0.36407895 -0.49075053 -0.41798116
 -0.24101894 -0.41360149 -0.34856783 -0.48770638 -0.45913001 -0.38648173
 -0.4035733  -0.26864479 -0.36617203 -0.47625609 -0.38163766 -0.50212038
 -0.41025294 -0.45064937 -0.42960634 -0.35837208 -0.38532439 -0.42300703
 -0.396403   -0.37236776 -0.33562217 -0.4687018  -0.49810833 -0.4069899
 -0.37168962 -0.33359731 -0.40426069 -0.43881352 -0.33559951 -0.45404253
 -0.3391485  -0.46753068 -0.31742221 -0.50145246 -0.40807436 -0.43379424
 -0.32817096 -0.3750193  -0.41524471 -0.30801435 -0.3931598  -0.45351028
 -0.39421978 -0.40368633 -0.40775968 -0.28877598 -0.48490602 -0.29980438
 -0.43257023 -0.37107967 -0.39161482 -0.34874609 -0.42369561 -0.39120198
 -0.71402079 -0.43253097 -0.54547861 -0.56499048 -0.52804585 -0.35860587
 -0.54440493 -0.49201733 -0.43609876 -0.46529284 -0.51916229 -0.39883694
 -0.49325985 -0.3741863  -0.49191783 -0.48117317 -0.49621695 -0.33023528
 -0.56181696 -0.53955928 -0.47811095 -0.45839624 -0.41538673]



*************************************************************
MODEL ERRORS (of CLIPPED predictions): 
 
[2.56119613e-02 7.37046748e-02 8.23433027e-02 1.64431296e-02
 1.31356735e-02 4.00889784e-01 8.89557526e-02 2.73511396e-03
 5.30419871e-02 1.75725333e-02 3.76599506e-02 8.95285606e-03
 5.44448644e-02 1.36792645e-01 2.22576093e-02 9.80132818e-03
 6.32523894e-02 1.89827867e-02 1.72194913e-02 4.82053347e-02
 1.33910067e-02 8.52529779e-02 8.65931213e-02 1.79949418e-01
 8.77707005e-02 3.87863554e-02 1.30029216e-01 1.39157966e-01
 1.30072553e-02 6.12028576e-02 8.84834900e-02 1.25118345e-01
 7.53055811e-02 5.95677681e-02 3.60553674e-02 1.11849561e-01
 7.57445693e-02 3.45732570e-02 3.07877781e-03 1.18101947e-01
 4.81921136e-02 6.67041168e-02 2.01427475e-01 4.59320433e-02
 1.10913804e-02 1.09634347e-01 1.64927766e-02 7.07316548e-02
 1.02790847e-01 1.16881572e-01 8.00480098e-02 1.64741743e-03
 2.40093663e-01 6.18936382e-02 9.03462842e-02 1.77261571e-03
 7.69704767e-03 5.05973119e-04 5.64514846e-02 2.57634938e-01
 5.26751727e-02 8.99603143e-02 4.76012472e-03 1.44940168e-02
 2.94629764e-03 3.78920436e-01 8.32688287e-02 1.93841904e-01
 1.70634553e-01 1.91559717e-01 2.41873004e-02 1.35848433e-01
 1.99685350e-01 9.15150493e-02 1.27742440e-01 8.17039087e-02
 6.82677627e-02 6.82454184e-02 5.33214211e-02 1.61705166e-02
 2.47627258e-01 7.09418654e-02 1.20271891e-01 1.46447673e-01
 4.38662842e-02 8.74048993e-02 1.71207339e-01 1.80569008e-01
 2.84032989e-02 1.22284926e-01 7.40470439e-02 1.06805362e-01
 1.20688803e-01 1.32009521e-01 1.83492135e-02 2.00149313e-01
 2.41108648e-02 3.76157165e-02 1.14512267e-02 1.86734311e-02
 5.09424433e-02 9.32632983e-02 9.26725492e-02 2.81938873e-02
 7.04844669e-02 8.60543251e-02 7.15191588e-02 1.12656865e-03
 4.35681157e-02 6.73368126e-02 1.60497520e-02 3.60744596e-02
 4.22521420e-02 6.79860590e-03 5.08287661e-02 4.41589206e-03
 9.13254321e-02 9.20558050e-02 6.30836040e-02 3.94387878e-02
 2.59474307e-01 4.13370542e-02 1.14939354e-01 4.02543955e-02
 1.51915804e-01 1.17976870e-03 2.97605935e-02 4.10276232e-03
 6.09057443e-03 1.25058903e-03 2.95161344e-02 1.52281284e-01
 2.72500329e-02 8.87794886e-03 1.25551358e-01 8.58549550e-02
 5.53873330e-02 1.44819282e-02 2.39103363e-04 2.36716401e-02
 1.22518659e-01 1.08031638e-01 1.34690985e-01 9.54476278e-03
 1.01422176e-01 4.74252328e-02 6.68969601e-02 5.91238998e-02
 5.43655455e-02 8.35242332e-04 7.69196749e-02 2.65685581e-02
 2.24146643e-03 4.87453267e-02 5.98865747e-02 3.98783349e-02
 1.31177921e-02 3.05508941e-01 3.24814022e-02 7.13474005e-02
 5.40459715e-02 4.78390092e-03 2.72023883e-02 1.13262929e-01
 6.10092916e-02 3.74808982e-02 1.89126506e-02 4.82233353e-02
 7.08881859e-03 3.32134441e-02 5.24033755e-02 8.26127604e-02
 2.33859848e-02 9.16197672e-02 2.90403478e-02 3.20103653e-02
 7.10617974e-02 7.20490590e-02 2.01959815e-02 1.10735588e-01
 3.72475274e-02 7.30505660e-02 8.57883692e-02 5.30049466e-02
 5.34401350e-02 1.41465679e-01 2.29431726e-02 2.63671968e-02
 7.12309852e-02 2.74520516e-02 5.21036722e-02 5.85637316e-02
 1.48637965e-01 7.30370171e-03 2.73946933e-02 2.11022198e-01
 2.13629864e-02 2.32396454e-01 2.34786775e-02 1.52390927e-01
 4.49190028e-02 1.43480375e-02 9.38092023e-02 9.51853171e-02
 3.85260209e-03 7.73591623e-02 2.61200052e-02 6.63228706e-02
 1.42493017e-03 4.66853380e-02 6.51470199e-02 7.03863353e-02
 2.06171051e-01 1.69881940e-01 7.97126219e-02 4.45746444e-02
 1.51010267e-02 7.23521113e-02 3.20866704e-02 1.13766447e-01
 9.00896043e-02 8.27467814e-02 5.99063374e-02 1.10348724e-01
 5.62396925e-03 8.41246992e-02 7.33644962e-02 9.49097499e-02
 9.30694640e-02 2.77061965e-02 1.13389626e-01 6.86509833e-02
 1.22577148e-02 2.91340593e-02 1.53928444e-01 2.27340814e-02
 2.25104461e-03 5.26466630e-02 4.33602110e-02 1.90028012e-01
 1.99753314e-01 5.00041358e-02 1.51124015e-01 3.90287712e-02
 7.61021003e-02 3.35685126e-02 1.33811668e-01 8.90373439e-02
 2.10678056e-02 1.83487758e-01 1.41507732e-02 5.82303479e-02
 4.40481491e-02 1.57391310e-01 9.35077965e-02 1.00758746e-01
 3.56763527e-02 3.73061001e-02 2.29255203e-02 7.36849532e-02
 6.20136969e-03 4.00731750e-02 1.45236641e-01 1.47803519e-02
 4.61586192e-02 3.52451927e-04 4.26382422e-02 1.17048822e-01
 1.95967585e-01 1.16863474e-01 7.47275874e-02 5.44385202e-02
 1.96261957e-01 1.02554537e-01 7.73198158e-02 1.31504238e-01
 7.14362264e-02 4.44838069e-02 8.13087970e-02 1.21672012e-01
 1.10120781e-01 6.93205521e-02 2.10279990e-02 3.54478694e-02
 8.47553015e-02 7.58798718e-02 1.05251551e-01 5.87252900e-02
 1.59672022e-01 7.80368671e-02 5.91188343e-03 6.17905930e-02
 1.45106092e-01 3.33471484e-02 3.71931307e-02 5.94203547e-02
 1.59554947e-02 1.00852288e-01 6.22662045e-02 6.62765559e-03
 5.49374186e-02 8.84151757e-02 2.49834340e-02 1.09059148e-01
 4.54850905e-02 2.28611574e-01 5.29476292e-02 4.31727096e-02
 1.27790108e-01 1.27829880e-01 1.19587414e-01 5.13418578e-02
 2.02480495e-01 8.31905082e-02 1.10367015e-01 4.50358406e-04
 1.05038933e-01 1.77317951e-02 6.36235476e-02 1.54719371e-02
 6.74430504e-02 9.39261764e-02 1.90401264e-02 6.92839026e-02
 2.38225445e-01 1.91573240e-02 9.76471603e-02 7.04073310e-02
 1.39106223e-02 9.10516530e-02 1.19426571e-01 2.07775891e-01
 4.23112661e-02 5.68054728e-02 7.81670138e-02 1.18791454e-01
 2.98513062e-02 6.69371262e-02 2.19126493e-02 5.58412820e-02
 4.53837551e-02 2.26347195e-03 7.00287819e-02 6.23077340e-03
 2.19562575e-02 2.50713658e-02 6.09436147e-02 8.17296132e-02
 6.04966506e-02 1.01927100e-02 1.60778239e-01 2.18975190e-02
 2.46010441e-02 1.05414456e-02 5.45121729e-02 6.54079840e-02
 4.43069264e-02 1.83858909e-02 1.82207018e-01 5.45054637e-02
 7.24408329e-02 2.18711775e-02 6.01815432e-02 2.00379327e-01
 2.91637741e-02 1.80667415e-01 8.71033780e-03 1.18721137e-02
 2.35591203e-01 3.53538431e-02 7.34151062e-03 1.04927262e-02
 3.45026213e-03 6.11402690e-02 3.56725566e-02 3.50469276e-02
 9.61160585e-02 1.13254674e-01 4.46761288e-02 6.65224716e-02
 1.30440295e+00 1.14481360e-01 2.98876613e-01 1.41610086e-01
 1.26608461e-01 1.26214772e-01 8.35754722e-02 2.83185523e-02
 1.80846483e-01 1.52694240e-01 4.74584289e-02 1.62060872e-01
 7.11969286e-02 4.30214964e-02 1.45709608e-02 6.29919991e-02
 3.91550213e-02 2.33547375e-01 5.84904291e-02 1.62287399e-01
 5.23993112e-02 9.53272209e-02 1.44253686e-01 1.07259981e-01
 2.51556993e-01 1.18179452e-02 1.15824509e-02 5.31658903e-02
 6.79542171e-03 5.41846454e-03 6.75460547e-02 2.20552310e-02
 1.53967425e-01 5.03895953e-02 1.14662044e-01 1.41399622e-01
 1.99090898e-01 3.86791229e-02 4.82465327e-02 2.51936972e-01
 5.91542013e-02 6.23424053e-02 1.56151175e-01 4.16120179e-02
 9.37648769e-03 3.32942754e-02 7.35686123e-02 3.41907740e-02
 3.53485532e-02 1.35548282e-02 6.87828287e-02 9.82465222e-02
 8.85963142e-02 5.00440318e-03 6.51131421e-02 2.92391852e-02
 1.00374497e-01 5.14363423e-02 1.64386760e-02 9.61147249e-04
 1.84013218e-01 2.15656459e-01 1.00581897e-02 4.27829117e-01
 7.26131797e-02 1.14461847e-01 3.45312029e-01 9.10008252e-02
 1.51682660e-01 9.47431028e-02 3.91782224e-02 9.07354802e-02
 6.37705252e-02 1.00977600e-01 2.36355007e-01 1.46272350e-02
 1.48363397e-01 1.15645893e-01 1.87458023e-02 2.38056034e-01
 1.92996636e-01 4.69901040e-02 3.71362604e-02 6.67917356e-02
 5.97630702e-02 4.31900248e-02 7.21357064e-03 2.65518039e-01
 3.93160507e-02 1.40213788e-01 8.46666992e-02 5.48610613e-02
 2.09987625e-01 1.34176031e-01 1.32929116e-01 7.48031884e-02
 1.33360848e-01 2.04063252e-01 1.58854172e-01 1.47640258e-01
 4.39703697e-03 5.17039783e-02 1.22561734e-02 3.48362373e-04
 2.12276410e-02 8.96184742e-02 1.68089159e-02 2.07306612e-02
 1.23641882e-02 1.16035612e-02 1.25228241e-01 1.09798409e-01
 5.94712561e-03 2.52148688e-01 2.89233141e-02 1.16100870e-02
 3.18891928e-02 7.41577102e-03 1.05674781e-01 4.04162854e-02
 2.29112029e-01 1.43648252e-01 5.14469333e-02 5.08249216e-02
 2.46752258e-02 1.77909266e-02 4.06241119e-02 1.38305351e-01
 1.23913758e-01 9.11626443e-02 4.83429506e-02 1.54361576e-02
 6.34857491e-02 1.75161570e-01 1.16423182e-01 8.90735239e-02
 1.04605585e-01 9.49102491e-02 4.39539179e-02 1.01296425e-01
 1.05278179e-01 1.33279458e-01 3.61203738e-02 1.90851688e-01
 3.34713720e-02 7.48178139e-02 6.92906231e-02 7.15211779e-02
 7.07854927e-02 6.92216232e-02 1.13105386e-01 4.99217808e-02
 1.02486024e-02 2.83809006e-01 5.95653988e-02 8.31987113e-02
 3.04078571e-02 1.34653430e-02 5.88126294e-02 8.41407850e-02
 3.65696475e-02 1.78240500e-02 2.06517175e-01 2.69148522e-03
 3.14021222e-02 2.39835866e-02 1.32878676e-01 3.12734470e-02
 8.64411294e-02 8.11883807e-02 9.20228735e-02 6.39623776e-02
 4.86282595e-02 6.83415867e-03 9.90824848e-02 7.79970512e-02
 1.13184571e-01 6.84345886e-02 3.51810679e-02 1.43033639e-01
 4.26130742e-02 3.24689895e-02 9.62334964e-03 7.63896555e-02
 6.75422251e-02 8.65099877e-02 1.26006100e-02 2.05971859e-02
 3.62479757e-03 9.81532186e-02 2.79941913e-02 5.37256785e-02
 2.23070127e-03 1.14036342e-02 4.25565289e-03 4.65868711e-02
 2.24141683e-02 9.50118303e-02 5.53244241e-02 1.05625927e-01
 6.87783062e-02 4.56296727e-02 9.14389640e-02 6.24215938e-02
 1.23969661e-02 6.11649379e-02 2.76789963e-02 3.19877341e-02
 4.06332687e-02 4.03875709e-02 2.17122287e-01 2.07418259e-02
 2.25429952e-01 8.02001171e-03 6.06494956e-02 7.82545805e-02
 1.19691983e-01 9.53869820e-02 5.55149764e-02 5.96569926e-02
 1.53761566e-01 8.32111612e-02 1.27374887e-01 1.57602672e-02
 8.92383531e-02 6.29131868e-02 1.91529378e-01 2.83720680e-02
 3.86930779e-02 1.44960582e-02 1.43528227e-02 4.89831120e-02
 4.52363379e-02 7.38406703e-02 1.37210218e-03 5.27507439e-02
 2.80218422e-02 4.21761610e-02 9.49502178e-03 1.52209227e-03
 1.07432015e-01 8.23909044e-02 2.88158152e-02 7.67005607e-02
 1.67530149e-01 8.56016278e-02 7.47351274e-02 4.83557656e-02
 5.16985916e-02 4.23963778e-02 1.01737119e-01 4.19269577e-02
 7.00212121e-02 2.58809358e-01 4.54186611e-02 1.76185429e-01
 8.20679069e-02 2.36250274e-02 1.17206266e-02 1.20167350e-02
 6.82062656e-02 8.43333006e-02 1.07687056e-01 4.06181365e-02
 1.40509121e-02 5.45549281e-02 1.04311079e-01 1.42932432e-02
 6.76309541e-02 1.45586357e-02 2.52247024e-02 3.76263559e-02
 1.26991719e-01 1.51313156e-01 1.29021764e-01 6.09355494e-02
 8.78683329e-02 9.26291645e-02 5.83104603e-02 5.80084622e-02
 4.19402979e-02 3.46177183e-02 5.81115745e-02 7.83703253e-02
 1.32688344e-01 3.74419726e-02 7.26405531e-02 7.13855773e-03
 3.25572044e-02 5.01298942e-02 3.94121781e-02 7.71067664e-02
 1.27807021e-01 1.75188072e-02 2.43108384e-02 7.80075490e-02
 1.04642045e-02 6.89628050e-02 1.00412615e-01 1.46556929e-01
 9.39274486e-03 9.01868194e-02 1.59491394e-02 8.13684911e-02
 2.21978724e-02 7.16110840e-02 6.54545892e-03 2.28934549e-02
 1.53387347e-02 1.53869763e-02 3.87886614e-02 3.86442766e-02
 3.51667125e-03 1.82890892e-02 6.94370270e-02 7.16731772e-02
 8.75868574e-02 5.84796257e-02 1.13254525e-01 1.02239192e-01
 3.83222313e-03 7.41900429e-02 9.78451893e-02 3.09122145e-01
 1.69039995e-03 9.87715349e-02 2.18350533e-02 1.13322385e-01
 1.69509090e-02 5.72714442e-03 1.96015403e-01 8.31029043e-02
 4.56707999e-02 2.34658215e-02 3.85005996e-02 8.94059539e-02
 6.20703883e-02 1.25131339e-01 3.99545766e-02 1.38201177e-01
 5.86138666e-02 1.83859155e-01 1.13906257e-01 7.49753565e-02
 5.96709847e-02 5.41080795e-02 2.51287576e-02 9.72698256e-03
 7.40348026e-02 1.10927811e-02 4.62502055e-02 5.75349517e-02
 1.06018998e-01 2.27076605e-01 2.16639061e-02 1.85878843e-01
 8.23509842e-02 9.35980156e-02 5.55739664e-02 1.07999466e-01
 2.13989150e-02 6.38666898e-02 2.98232976e-02 3.32921324e-03
 2.73585934e-02 5.19100949e-02 1.38668623e-02 4.42201123e-02
 4.61888500e-02 7.26309046e-03 2.47731321e-02 1.15418337e-01
 6.50080200e-03 1.53194740e-02 7.69535825e-02 7.07338378e-02
 5.81376255e-02 5.16192429e-03 1.41237043e-02 4.75893030e-03
 1.28604556e-02 5.00257723e-02 4.18204768e-03 1.39314502e-01
 1.47644784e-02 4.52865548e-02 5.12646772e-02 6.87429979e-02
 2.78478414e-02 6.01846492e-04 3.87645811e-02 4.65005524e-02
 3.71236168e-02 4.78617996e-02 1.35643249e-02 5.49231237e-03
 1.57983396e-02 7.14601800e-02 2.96684057e-02 3.24046947e-02
 1.24734640e-02 6.78145289e-02 5.28496467e-02 8.90310481e-02
 2.59766318e-02 2.16876585e-02 1.09108366e-01 4.08271663e-02
 1.80703402e-02 5.40103465e-02 5.07587269e-02 1.33663164e-02
 6.74475729e-02 1.55906444e-02 4.50381264e-02 1.24615859e-02
 4.55206856e-02 2.23003607e-03 1.95903517e-02 5.83159737e-02
 8.74806121e-02 3.66759934e-02 3.70212123e-02 2.01184928e-01
 7.59330485e-03 5.20077161e-02 4.05512676e-02 2.92055681e-02
 4.37882449e-03 1.81439579e-01 2.57092137e-02 7.96039253e-02
 9.92638022e-02 1.51665537e-02 7.88717642e-02 3.32946777e-02
 7.76775479e-02 2.88837049e-02 5.85948080e-02 7.64120445e-02
 2.59756297e-02 1.14723548e-01 2.88588237e-02 1.35071561e-01
 6.41300976e-02 1.39712989e-02 1.09003261e-02 4.87554818e-02
 4.03013490e-02 5.61085604e-02 6.03501573e-02 2.07926016e-02
 5.27928323e-02 2.04685610e-02 1.63196353e-03 1.23306841e-01
 2.35498965e-01 3.66766751e-02 2.87993420e-02 7.37297013e-02
 1.55633450e-01 4.54334170e-02 5.71268238e-02 1.60905793e-01
 2.93995328e-02 1.44300582e-02 1.18729251e-03 1.65800266e-02
 1.19623065e-03 8.86364877e-02 8.71570781e-02 8.10602382e-02
 3.42087261e-02 4.10209708e-02 5.83381578e-02 7.99474791e-02
 3.57505269e-02 3.92380729e-03 2.07669698e-02 1.31404549e-02
 1.40905365e-01 1.84021909e-02 8.36448669e-02 1.05593037e-02
 3.41152103e-04 3.32614128e-03 1.12319790e-01 3.77546325e-02
 2.47775316e-02 5.81865348e-02 1.54384077e-02 5.31521663e-02
 8.11446458e-02 1.98118165e-01 7.84564670e-03 1.25299588e-01
 8.54017138e-02 2.63160691e-02 4.40263785e-02 6.27755607e-03
 1.38136772e-02 3.37300062e-01 3.79597098e-02 5.36486395e-02
 6.43444657e-02 7.02461228e-02 2.02979948e-02 1.69436503e-02
 9.37766279e-04 8.45647976e-02 5.35653420e-02 1.02784395e-01
 5.40370606e-02 2.09634155e-02 6.15759641e-02 1.83330327e-02
 3.16925682e-02 7.40489066e-02 2.84676086e-02 3.45368236e-02
 8.54595006e-02 5.53645119e-02 1.72779739e-01 5.42825796e-02
 3.13323811e-02 2.07551327e-02 1.14821911e-01 4.27008793e-02
 7.80350668e-03 3.10112108e-02 5.36122434e-02 5.77383786e-02
 3.75799760e-02 1.75810624e-02 4.27495465e-02 1.91763858e-03
 1.07036196e-01 3.69796040e-03 7.29871541e-02 4.55772057e-02
 6.66314736e-02 3.90624702e-02 2.97820047e-02 6.37272671e-02
 9.97735094e-03 5.56439161e-02 2.43389010e-02 2.61206254e-02
 6.75810594e-03 3.59611176e-02 1.69938803e-02 1.09078176e-01
 4.34868596e-02 8.02737474e-02 4.01316881e-02 6.10349104e-02
 1.06460147e-01 8.53879785e-04 4.80882190e-02 4.83797267e-02
 2.51894798e-02 6.60615861e-02 2.95655243e-02 2.08362024e-02
 6.40599132e-02 6.85967430e-02 9.91360843e-03 1.45265490e-01
 3.69214304e-02 4.28015143e-02 6.54286072e-02 2.87186876e-02
 5.69876060e-02 1.51450425e-01 4.95386310e-02 6.08124323e-02
 7.79110417e-02 1.72271449e-02 2.56342534e-02 6.92717209e-02
 9.35519766e-03 1.40411220e-02 1.86142132e-01 1.34725496e-01
 5.10572381e-02 7.92550594e-02 4.10659872e-02 1.32805720e-01
 5.19232750e-02 3.18053290e-02 1.57288834e-01 3.76514383e-02
 8.12403206e-03 4.32678163e-02 2.12670080e-02 3.10149007e-02
 3.57557461e-02 1.15468949e-01 6.34910073e-03 1.88203141e-01
 1.87608215e-03 3.07952873e-02 2.06315339e-01 1.00518592e-01
 6.85013086e-02 2.19303500e-02 5.43068759e-02 1.27013981e-01
 6.77917972e-02 1.17925517e-02 7.93839172e-02 1.30132260e-03
 2.05929562e-01 2.17606165e-02 6.83463514e-02 5.89834675e-02
 1.83658898e-01 3.89114814e-03 1.63588487e-02 2.60010492e-02
 1.42064085e-02 4.72130105e-02 3.62029999e-01 1.74644202e-01
 2.93426160e-02 6.14197105e-02 7.26268142e-02 7.89265633e-02
 7.23748468e-03 8.51465687e-02 4.45583090e-02 1.93122383e-02
 2.52427291e-02 8.28035828e-03 3.03624328e-02 2.39201948e-01
 2.21039299e-02 1.49243191e-01 3.77450124e-05 4.22458611e-02
 8.29226598e-02 9.59449783e-02 2.24942535e-01 1.19266339e-01
 1.29594371e-01 6.15296587e-02 1.07157364e-01 1.51717573e-01
 5.55229094e-03 4.90880720e-02 1.51806638e-01 1.02118842e-01
 2.08236009e-01 6.96907789e-02 3.61162908e-02 2.88419109e-02
 3.09691634e-02 1.45052806e-01 3.04609776e-01 4.71518971e-02
 2.05424018e-02 2.48392642e-01 8.01427960e-02 1.82887521e-02
 1.84257478e-02 7.42435977e-02 1.44862041e-01 7.68521503e-02
 7.48337209e-02 6.65099025e-02 2.76755363e-01 6.31287172e-02
 2.88533345e-02 6.38648197e-02 2.27719769e-02 2.16467187e-01
 4.85124327e-02 5.07471114e-02 4.62256372e-02 2.04828773e-02
 9.73045751e-02 3.22946198e-02 8.75747874e-02 1.14745256e-02
 1.67425610e-02 1.38300985e-01 1.64682820e-01 8.16391408e-02
 1.52090192e-01 3.27482596e-02 4.74445596e-02 8.88404995e-02
 8.99098888e-02 3.41986306e-02 1.81816027e-01 4.40820195e-02
 1.87410071e-01 1.70862272e-01 8.79144147e-02 1.32361561e-01
 6.08478375e-02 8.12986400e-03 1.78868398e-01 1.17302863e-02
 5.25509231e-02 1.53390557e-01 9.95897572e-04 5.64170396e-03
 8.76357183e-02 8.96228775e-02 4.39601354e-02 1.26687855e-01
 7.49172317e-03 5.61877862e-02 5.13004977e-03 2.38853544e-01
 5.44797964e-02 4.05708775e-02 1.66222677e-01 2.49969214e-01
 9.53838378e-02 7.94093981e-02 9.05598402e-02 3.17485593e-02
 1.14305519e-01 8.71536061e-02 5.11798114e-02 1.07111596e-02
 5.30009158e-02 9.05726850e-03 4.80781272e-02 1.65207595e-01
 1.45282466e-02 9.12697762e-02 1.61818638e-01 4.35598716e-02
 2.24355191e-01 7.66933635e-02 1.85893178e-02 2.83908486e-01
 6.50276467e-02 1.48011953e-01 2.27853075e-01 1.65486559e-01
 1.79780915e-01 7.21575469e-02 6.12943731e-02 1.89495906e-02
 9.84451473e-02 1.19904213e-01 1.11044034e-01 7.53738061e-02
 2.13780910e-01 1.27114415e-01 1.14587054e-01 1.24730237e-01
 1.08335324e-01 3.07694338e-02 7.85106048e-02 7.90831149e-02
 1.46597549e-01 8.55519921e-02 8.75032619e-02 7.22950185e-03
 6.88500106e-02 2.31623258e-02 1.46051422e-02 1.16847038e-01
 8.58644322e-02 1.14060361e-02 5.64854518e-02 3.39899734e-02
 2.49269847e-02 2.69492678e-02 7.54901618e-02 5.45565113e-02
 7.04306960e-02 1.66822914e-02 1.33592606e-01 1.00369819e-01
 1.76757321e-01 2.58424673e-02 5.80498017e-02 1.06063902e-01
 3.20979431e-02 3.99792893e-03 8.00974444e-02 1.99308302e-02
 1.24404557e-01 2.44119540e-02 8.43286812e-02 1.72051147e-01
 2.46842839e-02 1.48257330e-01 1.65044572e-02 1.03757724e-01
 3.14258900e-03 8.76117311e-03 6.67480528e-02 1.40893459e-01
 7.01850876e-02 1.05820723e-01 5.44555970e-02 1.38540745e-01
 4.36043181e-02 6.42938167e-02 5.48562296e-02 7.19218031e-02
 2.11540684e-02 1.34640560e-02 5.77157885e-02 5.80384433e-02
 1.54908970e-01 4.18817401e-02 6.49830559e-03 1.96181685e-02
 5.22902161e-02 1.78486835e-02 5.34260534e-02 3.45005617e-02
 8.40433687e-02 4.55779172e-02 9.58101377e-02 5.75055294e-02
 2.97351778e-02 2.61065010e-02 9.02057532e-03 4.86110300e-02
 4.35646810e-02 4.14732173e-02 7.47318342e-02 3.69495377e-02
 7.27686435e-02 4.78855968e-02 2.88260411e-02 1.46868555e-02
 8.82938504e-02 3.94400209e-02 1.54322414e-02 6.04970381e-02
 6.50507435e-02 2.67103631e-02 8.06725696e-02 6.43091276e-02
 5.16401697e-03 6.47291914e-02 1.69437930e-01 1.62243657e-02
 1.01275174e-02 1.56999624e-03 6.31492510e-02 3.03355162e-03
 6.89219981e-02 5.27491309e-02 7.08494037e-02 2.36906707e-02
 6.70271292e-02 7.33891726e-02 8.65331814e-02 8.72255862e-03
 6.07200712e-03 1.05832957e-01 1.57954738e-01 6.46387052e-04
 3.11637092e-02 9.35940370e-02 3.33531126e-02 8.11025221e-03
 1.03644140e-01 7.96236247e-02 4.69238088e-02 2.66836025e-03
 7.67040104e-02 7.77555853e-02 2.16473676e-02 3.53021026e-02
 1.26806470e-02 4.91932705e-02 4.08200100e-02 1.85028799e-02
 7.19654337e-02 2.07678210e-02 1.84929613e-02 1.44274831e-01
 5.03046215e-02 8.28121603e-02 2.61658244e-02 3.20354067e-02
 8.62755403e-02 9.02742222e-02 3.86585295e-02 7.73487836e-02
 1.20424433e-02 8.01672712e-02 1.26271710e-01 8.98827240e-02
 4.00592424e-02 4.83913198e-02 2.14352366e-02 7.52961189e-02
 7.80802593e-02 3.32069956e-02 4.18921001e-02 6.28352985e-02
 4.85647060e-02 4.53802152e-03 8.82455483e-02 4.39005531e-02
 6.72112927e-02 8.22197087e-03 2.38237102e-02 6.43848255e-02
 1.83977522e-02 7.17515647e-02 1.55001888e-02 2.27012206e-02
 4.51017683e-03 3.74687500e-02 9.28391814e-02 7.38575906e-02
 4.12171632e-02 9.00377035e-02 6.82408735e-02 9.77833383e-03
 9.18214619e-02 1.03248162e-02 1.49664842e-02 2.34178361e-02
 5.57035543e-02 9.84425470e-02 2.16975156e-02 3.05468235e-02
 5.03842346e-02 5.37734181e-02 3.08995638e-02 2.89781634e-02
 3.93138900e-02 2.69941166e-02 1.28628910e-01 2.02487991e-03
 2.37375349e-02 6.60455078e-02 5.17858677e-02 2.10537598e-03
 2.78175785e-03 6.08306527e-02 3.82925160e-02 9.85286683e-02
 1.08290777e-01 4.15560305e-02 1.31517341e-02 9.52092186e-02
 1.63876303e-02 1.83906592e-02 2.10520104e-02 8.10920745e-02
 4.36266735e-02 1.90783050e-02 4.00392301e-02 2.45555863e-02
 5.06105162e-02 5.09263054e-02 1.33978864e-02 1.31612852e-01
 2.75561344e-02 2.72764545e-02 2.62019467e-02 5.38554462e-03
 2.38162484e-02 9.74202752e-02 5.56139741e-03 1.73550859e-01
 2.71039344e-02 1.70910228e-02 6.28315192e-03 1.48362434e-02
 9.17603821e-03 5.77136874e-02 8.52395035e-03 7.56845474e-02
 5.41419089e-02 6.87836856e-02 8.13036039e-03 6.72756657e-02
 8.55495259e-02 8.63813236e-02 3.57603878e-02 3.20125110e-02
 6.48585111e-02 1.09681614e-01 4.91767675e-02 3.94815393e-02
 4.44202647e-02 3.05056293e-02 1.26356810e-01 4.83442098e-02
 9.16949883e-02 1.68631345e-01 1.39844716e-02 3.03015057e-02
 9.16224569e-02 1.00569047e-01 6.47306442e-02 8.54479745e-02
 2.32164636e-01 1.24105506e-01 1.52082592e-01 2.62837023e-01
 2.08338127e-02 2.90484317e-02 1.63317159e-01 2.93866154e-02
 9.98692121e-03 1.88155562e-01 1.00647435e-01 3.16842692e-03
 6.88709542e-02 2.39312965e-02 5.81579357e-02 2.74253041e-02
 1.44718170e-01 6.14613155e-03 3.47277187e-02 4.21755314e-02
 3.18189375e-02 2.50004828e-01 4.75769192e-02 4.10007723e-02
 2.70417184e-02 3.03138904e-02 1.42651007e-01 3.43456008e-02
 2.28653736e-02 2.37715393e-02 8.42967704e-02 1.49907768e-01
 1.44689605e-01 1.19897753e-01 1.34987935e-01 1.98303647e-02
 4.16046828e-02 3.71722803e-02 6.67018592e-02 1.21204555e-01
 4.25120369e-02 5.97152635e-02 2.30403200e-01 2.03478038e-02
 3.19877416e-02 9.53861475e-02 8.45535025e-02 2.90594120e-02
 1.11207619e-01 2.92111970e-02 2.28895172e-02 3.17209482e-01
 4.98475321e-02 1.28882704e-02 3.05935517e-02 4.14023064e-02
 2.56581716e-02 7.03436434e-02 3.24048847e-02 1.00641482e-01
 8.52377415e-02 1.42272532e-01 3.87988500e-02 8.10456574e-02
 5.99222369e-02 4.79743183e-02 6.81128353e-02 5.98048232e-02
 1.05202720e-01 1.97865628e-02 1.17725223e-01 3.93514745e-02
 9.08726919e-03 5.08295512e-03 3.05052530e-02 1.86406933e-02
 8.11543539e-02 8.39239210e-02 3.53143476e-02 6.05032314e-04
 1.94325540e-02 7.03627914e-02 1.82891730e-02 9.42450985e-02
 9.44382325e-02 9.66523029e-03 3.08609549e-02 1.76769868e-01
 8.21274072e-02 7.97711760e-02 5.05398363e-02 1.57323631e-03
 2.89388150e-02 1.73713975e-02 2.42707990e-02 4.90795746e-02
 9.76874158e-02 1.45138502e-02 3.33328620e-02 1.31145408e-02
 5.85359372e-02 1.17962897e-01 5.26822396e-02 1.41143322e-01
 1.78610515e-02 7.83735588e-02 2.53167748e-02 5.42756775e-03
 2.04471070e-02 5.73066659e-02 1.89194176e-02 1.67570543e-02
 4.15990949e-02 2.02594325e-02 7.82169700e-02 1.08898290e-01
 4.92719375e-02 4.33820859e-02 4.25286032e-03 4.91318628e-02
 5.66251203e-02 6.15709089e-02 7.28199854e-02 3.04247122e-02
 1.15104020e-01 3.57482745e-03 1.32802710e-01 1.95648633e-02
 1.00243250e-02 7.92368799e-02 1.59835834e-02 1.02186305e-02
 3.74541730e-02 8.10745060e-02 1.65068940e-03 4.43852134e-02
 1.86394900e-01 1.75654903e-01 1.62621390e-03 4.97435872e-03
 1.09233074e-01 6.10113516e-02 9.66364518e-02 2.19371971e-02
 1.76240560e-02 4.61979806e-02 3.58782023e-01 1.17287315e-01
 1.09569356e-02 4.64636460e-02 2.20571295e-03 3.69632170e-02
 1.24867335e-01 1.71836447e-02 8.60108063e-02 1.32509479e-02
 1.14020286e-02 6.83674663e-02 3.47178578e-02 1.52153475e-02
 6.85355216e-02 7.76015744e-02 2.75026709e-02 4.58379835e-02
 1.05566485e-02 4.99813892e-02 1.63304061e-01 2.51054987e-02
 4.87944223e-02 2.27307621e-02 7.24161193e-02 6.46981224e-02
 1.18886344e-01 7.86493048e-02 4.18513156e-02 1.04709361e-02
 1.26292810e-01 5.86509630e-02 1.15998827e-01 3.29574533e-02
 1.04599863e-01 5.47663793e-02 7.37266708e-03 3.10762096e-02
 1.83889613e-01 1.39914174e-02 5.12256995e-02 6.76056221e-02
 2.14416170e-04 3.00293341e-02 1.11656643e-01 5.73730208e-02
 1.88043088e-01 6.80690706e-02 5.02132997e-02 7.42174610e-02
 8.62266943e-02 1.04926139e-01 3.65854055e-02 1.55296266e-01
 8.53079557e-03 9.23085362e-02 9.41135660e-02 2.98749423e-03
 3.69056538e-02 4.52916063e-02 1.08561039e-01 9.32062864e-02
 7.49695152e-02 6.37412146e-02 5.52292634e-03 5.67808002e-02
 2.72738710e-02 1.33978635e-01 1.11850403e-01 1.04167022e-01
 1.28990263e-01 8.00842866e-02 6.38164803e-02 7.34331533e-02
 1.48475558e-01 3.68671976e-02 2.20233500e-02 1.20883599e-01
 2.82324869e-02 4.72390093e-03 1.55533478e-01 1.00433610e-01
 1.91594977e-02 1.39748707e-01 7.37256557e-02 6.23986199e-02
 6.40900508e-02 4.11815532e-02 5.72823435e-02 1.16182797e-01
 6.57110214e-02 6.40753880e-02 7.40654394e-02 8.67321214e-05
 8.36678073e-02 6.86589256e-02 7.45485798e-02 8.08166414e-02
 5.43143377e-02 1.03055619e-01 2.58730296e-02 1.08932815e-01
 4.34952192e-02 1.37561813e-01 3.23771425e-02 4.49015852e-03
 4.04351167e-02 6.19213618e-02 2.15476140e-01 1.72013231e-02
 5.25221378e-02 7.40247741e-02 2.84796376e-02 3.32358815e-02
 9.41298995e-03 3.24623212e-02 2.66966354e-02 1.72514133e-02
 2.90148575e-02 6.81312457e-02 1.00060068e-01 7.91573226e-02
 8.50915462e-02 4.55012880e-02 4.07046899e-02 8.38689134e-02
 4.65123802e-02 1.01396687e-01 1.33104231e-02 5.41310571e-03
 6.25110194e-02 3.16252261e-02 2.30685532e-01 3.66336256e-02
 4.50981688e-03 1.04821529e-02 1.27346456e-01 4.51884307e-02
 1.26547609e-02 6.75699040e-02 1.26561478e-01 3.04041617e-02
 3.75065650e-03 1.15128141e-02 1.93727445e-02 2.66381893e-02
 3.29971761e-02 3.44117060e-02 1.05704986e-01 5.74446619e-02
 4.29456308e-02 3.01960595e-02 1.80570707e-02 6.07164092e-02
 4.64592576e-02 2.56426129e-02 8.66290033e-02 2.70864777e-02
 4.51143198e-02 5.47411852e-02 2.38156095e-02 1.23545177e-01
 5.54892235e-02 3.34742218e-01 2.45927926e-02 1.45393506e-01
 3.34276184e-02 2.09168494e-02 3.92844379e-02 1.23466281e-02
 1.34082377e-01 2.30685081e-02 2.63730139e-01 2.00961664e-01
 7.06903562e-02 2.19336967e-03 9.48043689e-02 4.34284657e-02
 5.67313880e-02 7.14784637e-02 1.26908913e-01 2.94915080e-01
 1.99046254e-01 9.84379277e-02 1.56688374e-02 1.12542503e-01
 3.12092394e-01 1.62150443e-01 7.72039071e-02 1.16948247e-01
 5.75418808e-02 6.41713664e-02 1.93854749e-01 1.55928224e-01
 2.65613884e-01 9.63258669e-02 5.07337749e-02 5.08567840e-02
 4.80056927e-02 8.17596465e-02 3.81702110e-02 6.98598698e-02
 7.59666935e-02 4.61640395e-02 1.45674661e-01 9.58266631e-02
 8.74640793e-02 6.07322529e-02 6.76365793e-02 5.97908981e-02
 5.26157878e-02 1.71214536e-01 7.82955959e-02 3.07726264e-02
 8.55628327e-02 1.74548000e-01 1.61648504e-02 7.76959062e-02
 5.24075218e-02 3.43545787e-02 1.54225826e-02 9.99364033e-02
 3.08218389e-03 1.15227558e-01 4.82762083e-02 1.11142337e-01
 5.92505522e-02 3.19194607e-02 4.01961282e-02 1.27897978e-01
 8.28146338e-02 7.34254718e-02 1.32279932e-01 1.07410572e-01
 1.12318531e-01 1.23683080e-01 1.44548163e-01 1.65937915e-01
 5.21374904e-02 1.91873107e-02 5.78635233e-03 5.05329333e-02
 1.96791306e-01 1.25999987e-01 7.74101764e-02 2.72675395e-01
 1.52466804e-01 6.46155253e-02 1.33247059e-02 1.31057099e-01
 2.15324387e-02 9.89756808e-02 4.98234779e-02 4.59934250e-02
 9.58001912e-02 1.89794436e-01 1.28404036e-01 4.97021414e-02
 2.60145729e-03 1.60025850e-01 1.74708620e-01 2.81774737e-02
 6.24786243e-02 5.09368964e-02 4.90404442e-02 1.02147959e-01
 5.86176999e-02 3.24218534e-03 4.44398783e-02 7.71166533e-02
 9.52939987e-02 4.85459156e-02 4.44066487e-02 7.17995390e-02
 1.65688936e-02 1.20411292e-01 2.94047408e-02 2.62853433e-03
 7.71689266e-02 1.65307328e-01 2.74250001e-01 5.63829467e-02
 8.52182275e-04 1.72798157e-01 4.23154458e-02 9.43430364e-02
 3.01809818e-03 1.05184816e-01 1.24699309e-01 3.25580128e-02
 1.87904313e-01 3.52761261e-02 4.26285230e-02 7.10797012e-02
 2.89464742e-02 7.26747960e-02 1.52548598e-02 2.56771268e-03
 3.24005559e-02 2.16474123e-02 2.36714944e-01 1.64664939e-01
 1.98010519e-01 1.52224535e-03 5.90413809e-02 1.08048897e-02
 5.81699982e-02 7.63283223e-02 1.52048441e-02 4.96422499e-02
 7.16398004e-03 1.96828663e-01 7.67120048e-02 9.40166600e-03
 8.52011368e-02 3.43576781e-02 6.24499377e-03 2.03279965e-02
 2.44138446e-02 1.24707744e-02 1.80056468e-02 7.87495694e-04
 6.30820096e-02 2.67946810e-01 1.28117040e-01 1.14966929e-01
 2.07108065e-01 3.16279456e-02 1.80628709e-02 1.42443612e-01
 9.33266878e-02 1.25059292e-01 6.73312973e-03 1.21226095e-01
 3.53981592e-02 6.21195845e-02 2.19598860e-02 8.42744187e-02
 1.40635937e-01 1.53475061e-01 1.37223229e-01 2.79620942e-03
 1.37884289e-01 2.07742184e-01 4.31990214e-02 6.16684631e-02
 1.62923068e-01 3.56925756e-01 9.51787606e-02 3.97804044e-02
 1.02495372e-01 1.37838334e-01 2.86991503e-02 2.77493298e-02
 4.96881008e-02 6.78368732e-02 6.11016760e-03 2.96282955e-02
 9.51555222e-02 2.61534095e-01 3.78222950e-02 1.06248774e-01
 1.12679815e-02 5.75375631e-02 1.29145961e-02 1.01224259e-01
 2.43609585e-02 1.50808021e-01 2.48528630e-01 3.86904627e-02
 6.28951490e-02 1.13035589e-01 3.74537967e-02 1.28414974e-01
 1.12917610e-01 8.19744617e-02 2.52192736e-01 1.08315289e-01
 1.17662847e-01 1.45929027e-02 7.66924722e-03 7.99840763e-02
 1.02136925e-01 6.37452528e-02 1.01680517e-01 1.89830214e-02
 1.57583021e-02 2.10121013e-02 4.38513100e-01 2.18220100e-01
 1.99258979e-02 1.27109364e-01 3.46904597e-03 1.85824901e-01
 1.85644671e-01 8.31136331e-02 8.48807693e-02 5.58286868e-02
 1.84358180e-01 2.89033726e-02 8.97451192e-02 8.62759911e-03
 1.60666704e-02 1.86835185e-01 2.59809047e-01 1.18138343e-01
 1.81382626e-01 3.04225646e-03 8.63329321e-02 1.04924120e-01
 1.19939670e-01 4.39762324e-02 6.63527697e-02 7.52155781e-02
 6.09184951e-02 6.88767657e-02 1.67496949e-01 1.57564908e-01
 2.00081140e-01 2.20489334e-02 1.36985734e-01 3.02048296e-01
 1.42764309e-02 7.34575987e-02 3.76609601e-02 1.82522446e-01
 4.36321236e-02 5.36563201e-03 1.00124277e-01 9.23270285e-02
 6.67612776e-02 1.98982144e-03 1.91959012e-02 3.22881192e-02
 7.42552429e-02 2.37315595e-02 8.28027353e-02 8.46599322e-03
 2.70654149e-02 1.08168229e-01 4.91422042e-02 1.36674503e-02
 4.54482064e-03 8.09450150e-02 5.39338849e-02 4.52918373e-03
 2.44169366e-02 9.49191153e-02 1.24123199e-02 6.54059201e-02
 8.94061923e-02 5.04402369e-02 5.73455617e-02 1.64429724e-01
 4.26778905e-02 1.20084122e-01 1.64420176e-02 1.40435640e-02
 1.35499895e-01 9.04707909e-02 6.49975911e-02 2.23186791e-01
 6.00667074e-02 4.12735306e-02 6.61991313e-02 3.71055193e-02
 1.05129845e-01 1.00367017e-01 9.22716334e-02 3.18021141e-02
 5.55616096e-02 6.71615377e-02 1.22868218e-01 1.87003205e-03
 1.96245182e-02 1.25917509e-01 1.59053449e-02 6.29058555e-02
 4.29131947e-02 2.82640308e-02 5.86836189e-02 3.45383100e-02
 3.30096204e-03 3.95025611e-02 3.28209177e-02 4.57066856e-02
 5.52762859e-02 4.63895909e-02 1.62030384e-02 3.15674730e-02
 5.02638286e-03 3.27575244e-02 1.36351138e-02 3.63077149e-02
 2.97115035e-02 1.18197024e-01 9.05894954e-03 1.24612920e-01
 6.78641200e-02 1.47763506e-01 1.77750061e-03 5.75495660e-02
 6.15311004e-02 2.68012588e-03 9.06515121e-02 8.96130279e-02
 2.58729849e-02 5.48107270e-03 1.88545659e-02 3.72685790e-02
 2.03633439e-02 5.02776429e-02 2.89369464e-01 5.59072644e-02
 4.62269671e-02 1.27162203e-01 3.28915715e-02 1.06024640e-02
 1.59196943e-01 6.33307546e-02 4.86205518e-02 1.33835906e-02
 5.41449385e-03 3.35254404e-03 1.11927927e-01 1.11015486e-02
 2.51228940e-02 5.73319616e-03 8.24947283e-02 5.40856645e-03
 6.32029176e-02 2.34449394e-02 5.76475449e-02 2.40734015e-02
 6.93916157e-02 1.56424776e-01 4.23666127e-02 1.08316373e-02
 7.84766674e-02 1.89173035e-02 1.92876428e-01 7.73679232e-03
 2.61130952e-03 1.41960099e-01 1.54380035e-02 4.81174551e-02
 3.25760082e-03 8.84309635e-02 1.68656893e-02 4.91025485e-02
 6.36912882e-02 4.36869310e-03 6.74034562e-03 6.28997833e-02
 6.38952572e-03 2.33830116e-03 1.19353622e-01 4.55652317e-03
 6.92638010e-03 3.26937363e-02 5.40203154e-02 4.37317602e-02
 3.04492116e-02 6.57689422e-02 5.00021130e-02 1.47537395e-01
 1.74181350e-02 4.80080768e-02 2.58218404e-02 6.69405013e-02
 1.45519786e-02 7.23884394e-03 1.88622661e-02 1.02968011e-02
 7.43347630e-02 1.08316215e-02 7.07018450e-02 5.66743389e-02
 2.38948196e-01 1.96577013e-02 6.18211068e-02 9.22082812e-02
 7.72157162e-02 4.69782464e-02 4.20979336e-02 4.21213880e-02
 4.26636776e-03 4.09308821e-02 1.56414863e-02 3.71793658e-02
 4.30039652e-02 2.05524445e-01 6.75597191e-02 7.94400498e-02
 9.47753266e-02 1.65445074e-01 1.24551188e-02 7.63085857e-02
 9.51365530e-02 1.10862426e-01 5.13031781e-02 1.96074345e-03
 7.44776204e-02 9.56258103e-02 2.44647618e-02 1.15542896e-02
 7.56589812e-04 8.59704614e-02 2.60095391e-02 2.53063161e-03
 7.04278722e-02 2.60816943e-02 7.94153437e-02 5.79703823e-02
 7.57846907e-02 8.67906660e-02 3.33101936e-02 5.52467965e-02
 2.06292607e-02 9.14975777e-02 1.71748605e-02 4.04092818e-02
 2.14712664e-01 2.10859496e-02 4.76259664e-02 6.10112995e-02
 1.38563719e-02 3.79860140e-02 8.12338516e-02 9.19071678e-03
 1.30432639e-02 9.77154672e-02 1.64720025e-02 9.08583310e-03
 5.33828512e-03 4.50183488e-02 1.40671730e-01 3.78062180e-03
 6.78000078e-02 9.72448140e-02 3.50515805e-02 1.61458671e-01
 5.32660931e-02 1.11065581e-02 3.80459465e-02 3.71140838e-02
 2.82237139e-02 5.01518212e-02 7.96314969e-04 4.16284101e-03
 1.32068815e-02 4.40228879e-02 4.27425932e-03 3.01464517e-02
 2.37333700e-02 4.76235114e-02 2.08686590e-02 3.43951309e-04
 1.89838000e-02 6.79465905e-02 6.89354725e-03 4.90317754e-02
 3.31118493e-03 1.40915010e-02 6.66041896e-02 5.92058823e-02
 3.51719148e-02 6.37736032e-03 2.71161571e-02 1.11445613e-01
 5.35908639e-02 2.15983484e-02 4.48317081e-02 7.90926740e-02
 1.28028423e-01 3.01497686e-03 2.99392305e-02 5.72163761e-02
 5.60870245e-02 8.71828105e-03 2.37096399e-02 1.32412091e-01
 1.06136546e-01 8.14775452e-02 4.15178277e-02 6.75690547e-02
 9.41600874e-02 6.45871088e-02 5.81225790e-02 1.23047851e-01
 3.27188000e-02 1.42367100e-02 7.19518811e-02 1.46220520e-01
 3.46847102e-02 7.24237710e-02 3.32886726e-02 1.18309751e-01
 1.50513440e-01 6.00430043e-03 4.19297852e-02 1.53509036e-01
 8.11167955e-02 8.43908861e-02 1.19879551e-01 8.34566168e-03
 7.30603039e-02 5.65152522e-03 6.28988892e-02 2.27462165e-02
 8.24734494e-02 8.53032917e-02 2.78013237e-02 9.05152857e-02
 1.12870522e-01 2.39551477e-02 6.61615580e-02 2.14441344e-01
 6.32184669e-02 1.85000747e-01 1.99455291e-01 2.20409613e-02
 2.94924676e-02 1.36575654e-01 4.53725792e-02 1.19977687e-02
 2.09274620e-01 1.68291926e-02 2.39574444e-02 5.33651672e-02
 8.99829790e-02 3.74992155e-02 7.69412667e-02 8.13879166e-03
 4.69430387e-02 1.08192347e-01 1.64280981e-01 1.07820481e-01
 2.43313750e-03 8.49821121e-02 1.29615918e-01 8.60976502e-02
 1.41030252e-01 8.73660222e-02 6.54961839e-02 3.08329873e-02
 1.02068812e-01 4.47443798e-02 1.11982845e-01 5.94732389e-02
 2.21804410e-01 1.01865031e-01 5.05351014e-02 1.82350427e-01
 2.86500677e-02 6.87670037e-02 5.67238545e-03 1.38056129e-01
 2.88847070e-02 9.72464606e-02 1.08849801e-01 3.14993441e-01
 1.46011502e-01 3.75432223e-02 4.21098135e-02 1.09568104e-01
 1.36831462e-01 2.31752023e-02 1.50217503e-01 4.16218042e-02
 9.57547352e-02 1.66723726e-03 2.32272506e-01 4.26131766e-03
 1.33762404e-01 2.94109783e-03 1.04799541e-02 4.76707295e-02
 3.88867080e-01 2.25191824e-02 2.06763353e-02 3.75914127e-02
 5.00509590e-02 7.22493082e-02 1.05987839e-01 2.77533293e-01
 2.46036738e-01 5.35956584e-03 1.09575456e-02 4.45455080e-03
 7.01642558e-02 7.44881108e-02 2.61966884e-01 2.39673600e-01
 1.02349252e-01 1.03929475e-01 3.05134356e-02 8.73482972e-02
 4.42299582e-02 4.01687436e-02 6.13101795e-02 2.08999768e-01
 4.34169872e-03 1.09731294e-01 7.82109126e-02 3.09291743e-02
 1.69847026e-01 3.03416625e-02 7.21164793e-02 6.61789477e-02
 7.38592446e-02 5.59444949e-02 6.00112900e-02 7.14957267e-02
 1.78976372e-01 7.44923875e-02 1.11330174e-01 2.24544611e-02
 1.27419038e-03 8.87969434e-02 2.69256923e-02 2.57756710e-02
 1.58376023e-01 2.58546472e-02 6.07336871e-02 1.03407115e-01
 9.64142010e-02 1.16790915e-02 3.90544906e-03 4.76810448e-02
 1.05438553e-01 1.23616755e-02 1.09741956e-01 5.21590374e-02
 2.94036195e-02 5.55715114e-02 8.02806392e-02 6.07072338e-02
 4.33402956e-02 7.71784186e-02 1.37954559e-02 1.39780389e-02
 6.25794157e-02 3.46450806e-02 7.15782959e-03 3.81118469e-02
 8.79430249e-02 4.15492523e-03 1.80875137e-02 4.51882750e-01
 3.29634063e-02 4.59959581e-02 5.77396117e-02 1.66759580e-01
 1.24432556e-01 4.81842533e-02 1.75546436e-03 2.37309635e-02
 9.17354524e-02 4.56971042e-02 9.41490456e-02 4.27054577e-02
 1.51888905e-02 8.61181021e-02 6.44332916e-02 5.97441662e-03
 9.69660953e-02 5.41554987e-02 4.73006144e-02 3.46646905e-02
 2.02998042e-01 6.06929734e-02 1.51157111e-01 1.31063014e-01
 3.15175578e-02 5.45282513e-02 2.35367879e-01 5.32313883e-02
 4.92032431e-02 3.69988568e-02 4.72411066e-02 1.27685741e-02
 1.56829972e-02 9.38592181e-02 2.94188946e-01 5.03953882e-02
 4.96500470e-02 1.15358002e-01 2.29429930e-01 8.19832310e-02
 1.79066777e-01 7.18515774e-04 7.79649690e-02 1.05897337e-01
 8.26085359e-02 9.33735669e-02 1.01943105e-01 7.87874311e-02
 3.35271005e-03 7.09698349e-03 7.15470314e-02 1.00434974e-01
 1.79917447e-03 4.87021133e-02 2.99543925e-02 6.53112754e-02
 8.26772079e-02 6.20722361e-02 1.25987634e-01 1.88269168e-01
 5.71152419e-02 6.26465827e-02 3.25614884e-02 1.02253314e-02
 2.14437339e-02 1.61330655e-01 8.44423622e-02 8.47736523e-02
 1.67297293e-02 1.16136529e-01 1.64656192e-01 1.65024087e-01
 2.52968222e-01 1.34415314e-01 1.33719221e-01 6.23125844e-02
 2.01438576e-01 1.68751583e-01 7.67083913e-02 3.23975831e-02
 2.99212784e-02 1.86301693e-02 9.76217464e-02 1.14209853e-01
 5.00010848e-02 2.25645393e-01 1.32251466e-02 1.88917387e-02
 1.02064095e-01 6.59939949e-04 1.24987088e-01 2.28774343e-02
 8.39831904e-02 1.14673622e-01 6.15296811e-02 4.90883961e-02
 8.30066502e-02 3.17586750e-01 1.39059454e-01 7.16741234e-02
 2.63707638e-02 1.41005963e-02 2.51846284e-01 2.13543698e-02
 1.13857333e-02 1.19838700e-01 5.52512631e-02 1.03958333e-02
 1.32956088e-01 1.11195870e-01 7.57667888e-03 9.76333767e-02
 1.20661438e-01 2.45770663e-02 3.31236161e-02 1.68742593e-02
 7.48860314e-02 4.87007760e-02 1.41608521e-01 9.66889411e-02
 7.86778331e-02 4.53429669e-02 4.42721741e-03 5.48822805e-02
 1.40322119e-01 2.12884322e-01 7.95020536e-02 3.57693173e-02
 8.68094862e-02 2.71714367e-02 9.73109249e-03 1.19539611e-01
 1.48102432e-01 4.01828950e-03 2.30142958e-02 1.06048204e-01
 2.66702380e-02 4.27396484e-02 2.88594030e-02 1.76713355e-02
 1.90582827e-01 1.42018303e-01 7.53593445e-02 6.85574487e-02
 2.17273906e-02 4.31866944e-02 2.98387022e-03 6.39093220e-02
 1.01862147e-01 1.35550320e-01 5.07767089e-02 6.15664646e-02
 6.35153353e-02 1.11922726e-01 3.24019372e-01 1.68975834e-02
 1.35745108e-01 7.32038766e-02 8.21615104e-03 1.44190982e-01
 4.81618941e-01 5.83949089e-02 5.14399819e-02 5.12263626e-02
 2.34059915e-02 7.25217210e-03 2.13735774e-01 5.79212010e-02
 2.24921610e-02 1.24177970e-02 1.24615557e-01 7.22404793e-02
 8.99058282e-02 1.01133578e-01 3.88568901e-02 2.32763931e-01
 3.47757600e-02 7.83030167e-02 5.80217652e-02 4.28742245e-02
 8.41264352e-02 9.71467420e-02 7.71397427e-02 1.10402092e-01
 1.28154323e-01 8.40293095e-02 1.73421770e-01 8.54132697e-02
 5.09488918e-02 1.14510562e-02 1.14841223e-01 4.87433746e-02
 5.53270876e-02 6.43482432e-02 1.38183385e-02 2.17919759e-02
 5.27273072e-03 8.83441195e-02 3.58221829e-02 2.91430131e-02
 6.60205036e-02 9.39704254e-02 8.93360935e-03 1.22136384e-01
 1.07089125e-01 2.08234638e-01 4.19935398e-02 4.38821539e-02
 1.51370943e-01 1.92702249e-01 7.70021528e-02 3.55510302e-02
 9.95824561e-02 3.89129715e-03 4.10492122e-02 2.81822365e-02
 8.67648795e-02 1.17301293e-01 7.14104399e-02 4.37537096e-02
 2.43447889e-02 2.35826839e-02 2.03417465e-02 4.35202792e-02
 1.03655256e-01 1.15967430e-01 6.64727688e-02 8.61423686e-02
 6.18357398e-02 1.07623480e-01 6.83091115e-03 3.09527032e-02
 9.74475145e-02 5.14152981e-02 1.72171712e-01 1.80557206e-01
 1.38944924e-01 1.78360924e-01 1.00879051e-01 4.30091247e-02
 6.16270341e-02 7.01751262e-02 8.09378922e-02 8.46469924e-02
 6.96802931e-03 4.61495183e-02 1.52426943e-01 1.56779468e-01
 1.82897821e-01 2.11717878e-02 1.78986669e-01 1.68704286e-01
 2.33593937e-02 4.33423003e-04 8.58871937e-02 6.49918336e-03
 5.24710007e-02 6.21995963e-02 2.20903987e-03 1.42396972e-01
 2.21008331e-01 2.54600227e-01 1.89434707e-01 7.39656538e-02
 8.73311237e-02 1.72509313e-01 5.00655890e-01 7.92578980e-02
 9.66410562e-02 1.77655950e-01 2.23720055e-02 1.17638912e-02
 1.15925148e-01 2.63102781e-02 9.21164975e-02 2.31967345e-02
 4.90239486e-02 1.05381735e-01 1.70424748e-02 4.78574336e-02
 1.01775981e-01 1.17409481e-02 1.75804645e-01 2.57218014e-02
 3.65688354e-02 5.93749397e-02 4.97644348e-03 4.74880822e-02
 3.08238678e-02 4.32975665e-02 8.04464370e-02 1.28394648e-01
 1.92656219e-01 2.15213653e-02 9.88513231e-02 9.19811949e-02
 3.38161327e-02 2.34826386e-01 1.04721054e-01 6.76287264e-02
 2.36380696e-01 6.69996589e-02 1.44931441e-02 8.18675011e-02
 2.17432771e-02 5.38496673e-02 1.58898562e-01 1.59077212e-01
 1.22469790e-01 6.03595190e-02 1.03159539e-01 7.68735036e-02
 4.02069986e-02 5.50750643e-02 1.27647787e-01 7.25753978e-02
 4.29529175e-02 1.00424662e-01 2.18108818e-01 5.46314716e-02
 5.59268929e-02 6.52094111e-02 2.09115475e-01 4.11959924e-03
 9.75380838e-03 8.39026943e-02 8.71426538e-02 1.53093591e-01
 1.69161439e-01 2.70217787e-02 7.78551325e-02 2.25693628e-01
 1.56044606e-02 7.27192983e-02 7.23484606e-02 2.62388773e-02
 1.14635266e-02 7.62417093e-02 3.33231613e-02 3.47255692e-02
 1.04177371e-01 1.86301414e-02 5.64583875e-02 3.65745910e-02
 2.23372534e-01 7.45200813e-02 6.22486062e-02 3.17727476e-02
 2.10584663e-02 2.38860715e-02 7.59835541e-02 1.78906441e-01
 3.22234966e-02 9.38849989e-03 8.58339891e-02 8.65008868e-03
 4.74454537e-02 2.15208977e-01 1.34318411e-01 1.69558618e-02
 1.84344500e-01 1.68295249e-01 1.00792438e-01 7.75433779e-02
 8.01106617e-02 3.35770249e-02 7.74679780e-02 1.05693661e-01
 4.66054305e-02 1.36303931e-01 6.16509914e-02 9.01964158e-02
 1.36638761e-01 1.35545552e-01 9.10137072e-02 3.51495966e-02
 7.70031512e-02 4.77121621e-02 4.87181656e-02 9.81302187e-02
 1.50181696e-01 5.81108369e-02 1.95530821e-02 1.73451871e-01
 7.20115453e-02 2.00819626e-01 8.09334442e-02 7.71877095e-02
 5.64775313e-04 2.60051768e-02 1.60187483e-02 3.63081135e-02
 2.12804615e-01 1.76615827e-02 3.85517851e-02 4.00872566e-02
 4.76417691e-03 2.55871676e-02 1.76595396e-03 3.08926832e-02
 6.81274235e-02 9.93668288e-03 5.52251353e-04 8.04820508e-02
 9.73954424e-02 2.03279555e-01 5.62073998e-02 1.54828867e-02
 6.00402318e-02 7.10240901e-02 4.56118770e-02 5.20949475e-02
 9.26634222e-02 1.37515711e-02 1.58046678e-01 7.19338208e-02
 3.31788287e-02 2.99917087e-02 1.48375988e-01 3.12999189e-02
 1.06465630e-01 7.54747391e-02 6.11275509e-02 1.32344633e-01
 5.29729761e-02 2.74230372e-02 6.65604696e-02 2.04793930e-01
 1.94427911e-02 9.02866796e-02 2.93260999e-02 1.80625655e-02
 4.84513789e-02 1.55617610e-01 8.10158029e-02 7.24527240e-02
 2.63454113e-02 4.21231166e-02 1.90236151e-01 5.87843508e-02
 3.00048366e-02 6.40076548e-02 1.49030611e-02 1.42595902e-01
 1.27037033e-01 4.89016399e-02 2.64256801e-02 9.58448723e-02
 6.83955988e-03 6.53185397e-02 1.21526897e-01 5.82442619e-02
 5.69423214e-02 7.44760707e-02 1.02064963e-02 8.44351724e-02
 3.71035077e-02 5.78281134e-02 7.12779835e-02 3.71107571e-02
 2.39612311e-02 4.18998152e-02 1.52721973e-02 1.07440010e-01
 2.02372894e-02 3.72463539e-02 1.06260747e-01 2.48645116e-02
 3.15794647e-02 5.90788536e-02 7.73783866e-03 5.83343580e-02
 7.33535290e-02 1.56210318e-01 2.25291312e-01 2.64276210e-02
 7.37689286e-02 1.08229682e-01 1.54057935e-01 1.43949538e-01
 8.44218582e-02 2.99460534e-02 6.42512068e-02 1.15665965e-01
 7.22929463e-02 1.74398020e-01 1.22368649e-01 1.28161728e-01
 3.08252007e-01 1.89955890e-01 1.45120636e-01 7.38781616e-02
 4.21350327e-04 7.03990683e-02 6.75419718e-02 2.23907121e-02
 5.84079921e-02 1.71530731e-02 3.06563526e-02 1.46955466e-02
 1.70595959e-01 1.94147408e-01 3.73167247e-02 9.10336450e-02
 1.31240383e-01 8.07886347e-02 2.18305618e-01 2.11863786e-01
 8.50777403e-02 1.30429193e-01 6.86969981e-02 5.60308173e-02
 9.73454192e-02 1.69216394e-02 9.60489884e-02 6.10513613e-02
 8.26180205e-02 1.19086660e-01 1.11708529e-01 5.32812297e-01
 1.50304183e-01 5.74207306e-02 1.17532030e-01 2.39433393e-01
 1.11899406e-01 1.88236870e-02 1.64243594e-01 9.31670740e-02
 2.29416966e-01 3.57378349e-02 1.14380293e-01 1.61922462e-02
 3.19967195e-02 1.72468260e-01 1.19837537e-01 8.93084630e-02
 2.94370741e-01 2.49199173e-03 8.50317627e-02 1.44017130e-01
 2.19901819e-02 1.56647824e-02 2.17834078e-02 9.34452638e-02
 7.74265900e-02 1.28820255e-01 1.30349100e-01 2.25547507e-01
 1.20679393e-01 1.25697836e-01 6.71131164e-02 7.96144605e-02
 3.39334309e-02 2.80704368e-02 1.04914546e-01 1.83586814e-02
 2.54219444e-03 7.52898455e-02 3.45256254e-02 1.44714221e-01
 4.82019112e-02 6.30457029e-02 3.12613770e-02 4.89496551e-02
 9.51859653e-02 1.88797846e-01 1.01096466e-01 1.55804515e-01
 2.71155704e-02 4.65341397e-02 7.83794373e-02 3.16287167e-02
 1.45154931e-02 9.22145098e-02 5.17998002e-02 9.75414962e-02
 7.71977678e-02 1.31959304e-01 1.08142994e-01 2.35802263e-01
 1.80678055e-01 5.00101075e-02 3.58491205e-02 7.08601773e-02
 1.90065391e-02 2.48986520e-02 1.01544056e-02 1.20036460e-01
 1.67750686e-01 3.29918563e-02 4.84966766e-03 1.10276684e-01
 1.65355399e-01 1.90406710e-01 1.20065384e-01 2.80650165e-02
 3.59734036e-02 1.17945313e-01 1.84603572e-01 1.34110257e-01
 7.55593926e-02 7.45662674e-02 4.97359931e-02 2.00458333e-01
 2.63900552e-02 1.46092549e-01 1.84114426e-01 8.29572305e-02
 1.64674014e-01 9.30165350e-02 3.83456908e-02 6.73033297e-02
 1.28309682e-01 1.23142697e-01 1.40066385e-01 3.13188806e-02
 2.04076488e-02 5.31199053e-02 9.94043127e-02 3.24287079e-02
 1.79570839e-02 1.25220949e-02 2.68923528e-02 1.39274359e-01
 1.01177488e-02 3.77696641e-02 5.05697504e-02 1.00603558e-01
 9.26246215e-03 1.36336163e-01 1.12695238e-02 8.67904443e-03
 8.91537070e-02 3.86433229e-02 1.27237421e-02 4.92600538e-02
 5.35822660e-02 8.28535035e-02 1.70427072e-03 7.73761198e-02
 8.82001892e-02 9.59119236e-04 1.86996702e-02 4.20733616e-02
 1.11565366e-01 1.91791449e-02 3.49707082e-02 5.34562245e-02
 8.67879689e-02 1.57482084e-02 1.57843512e-02 3.08488570e-02
 5.88045903e-02 6.39180765e-02 7.14968890e-02 3.07465494e-02
 7.46820634e-03 3.09348777e-02 3.26033756e-02 2.26610042e-02
 7.20296847e-03 5.94215505e-02 9.81123745e-02 5.05933687e-02
 1.05321936e-01 1.48562929e-02 1.11014592e-02 1.56514328e-02
 3.74896303e-02 3.85137333e-04 4.69538420e-02 2.35600874e-01
 7.32050836e-02 3.59849520e-02 3.49479578e-02 3.80903557e-02
 1.47205153e-02 1.65880084e-01 5.87667041e-02 1.07984334e-01
 1.09951347e-02 1.73445746e-01 1.37164881e-02 9.49725136e-02
 3.59732807e-02 2.66713351e-02 3.11899465e-03 8.28730837e-02
 2.64617242e-03 4.94225025e-02 3.81112359e-02 6.61644414e-02
 4.60179970e-02 7.44963996e-03 4.15716507e-02 6.99914917e-02
 5.18768914e-02 1.18015101e-02 7.88520798e-02 5.93105592e-02
 1.13795577e-02 4.31500897e-02 2.30275746e-02 1.40809380e-02
 4.83135544e-02 7.03676278e-03 1.87671348e-01 1.44836798e-01
 2.36172915e-01 2.59467196e-02 1.19596697e-01 1.11370329e-02
 4.14594263e-02 6.57750741e-02 3.70299630e-02 7.07138777e-02
 1.42184019e-01 4.02095318e-02 5.56109995e-02 1.00773849e-01
 1.16044857e-01 5.32153398e-02 2.59564608e-01 2.31978655e-01
 2.21758947e-01 2.63809618e-02 7.37921372e-02]

*************************************************************

