THIS FILE CONTAINS  cv_cross_val_predict() predictions FOR THIS CURRENT CONFIGURATION.
		 It can be used to verificate obtained results.





---------------------------------------------------------------------------------------------------------
FINAL y_pred (clipped).  FINAL PREDICTIONS USED TO CALCULATE SCORE METRICS
			 (mean over several cross_val_predict() executions)
---------------------------------------------------------------------------------------------------------
[16.6274402  14.6475234  16.2258706  16.5962956  16.7017792  13.6554426
 13.6724344  14.2070088  13.0165542  14.827375   14.8579899  16.1059872
 15.344084   15.8265228  25.1264802  19.7892964  20.5198914  20.7873596
 26.458308   28.8917372  23.0014462  25.893292   24.0584052  23.9858952
 20.3651546  10.4585126  11.2281652  11.3886802   9.86914192 26.127905
 22.5612952  24.9153368  20.55846    17.7387166  17.4983196  17.3463302
 17.9899526  13.575701   12.9974102  13.7087911  14.3124118  12.9343352
 12.8384772  11.9003124  18.667901   21.0134794  17.5488048  18.4676812
 26.3633684  26.1769736  26.4681082  27.3425146  31.5843936  31.270921
 27.890554   23.3682408  25.041275   24.7036132  25.5819702  20.3437826
 23.9125502  13.4042844  12.8541423  13.8762873  13.7158504  15.008863
 12.9044727  12.8026604  12.9181866  12.1669662  25.0706004  14.4603302
 14.6701838  13.7051984  13.7555525  20.9724418  23.6870326  19.484449
 26.2105624  23.3378248  25.2406296  23.0490008  25.8319664  26.9108472
 12.920763   15.0896442  14.0915702  14.5529784  14.5182954  12.4933404
 13.7004694  13.1836286  13.5335622  12.3233112  12.2280872  13.8863006
 17.4687126  16.3379262  18.3023436  17.8762942  19.1427166  27.5631008
 12.506322   13.0535334  12.2538398  12.8961438  19.0401712  26.1361426
 22.0321034  24.9753952  26.5366716  22.7543418  22.6962426  24.999415
 13.6463448  12.4280564  28.8721598  26.2050192  24.0714242  20.7079676
 15.2622122  21.4521392  18.009346   14.0643604  18.9190222  18.8871946
 17.2798672  30.7625458  24.2123598  31.1277974  23.0973988  17.1144522
 15.5765372  17.3221954  14.7698983  13.3630894  14.1492838  13.6030722
 13.7764741  25.3150426  28.9772324  26.0420694  34.0098742  30.7504018
 28.3928416  27.2854958  25.7204472  22.9989228  24.3686596  28.1560814
 19.33109    17.9897494  18.029489   18.6859694  14.029781   14.1242468
 14.047922   14.157402   15.3459134  16.3607726  15.9366536  16.5590464
 19.2401038  17.1478888  17.392646   27.4232296  23.185725   19.4975392
 22.7590342  21.823197   27.0519826  23.2160696  21.826063   28.654645
 18.832012   22.7882072  21.1983736  21.2955402  21.5001856  32.2988818
 24.9150856  26.779913   25.2986422  27.593613   26.8004044  15.0550615
 15.1983469  16.9862886  15.2387382  19.6783194  19.0922784  20.5262938
 18.9926242  27.7512278  27.1669622  29.5798688  33.3335436  18.1207128
 18.0182264  18.010763   18.5091636  30.1778646  30.1671308  28.79047
 27.1133716  20.2012564  15.8337936  20.8636032  21.5528728  17.0870312
 14.255164   15.792028   16.3871766  15.8934586  31.2644206  29.6365542
 32.6835762  27.581725   31.0947522  16.2750104  17.8364096  16.1957086
 16.2447248  18.9206256  19.1817458  18.648073   18.481063   15.7227926
 16.2823364  15.259407   15.2277152  29.5882944  24.1370748  29.4207492
 24.5413426  30.7488398  29.4535118  31.4026852  28.1609908  23.077205
 24.0437698  24.0394224  34.9180786  33.5860512  36.171465   32.1970578
 33.9200572  19.019402   17.439564   17.7284336  18.8956778  20.5981366
 22.6784048  26.23397    19.7034266  20.6561206  19.8182894  22.124797
 19.0069118  19.658309   17.9181866  17.4959258  19.39978    16.7959864
 31.3848656  25.4993312  26.1753584  30.71232    26.0194638  23.2435926
 23.5763274  26.591229   22.6235764  19.4583124  21.6340438  17.729606
 31.5011472  31.3034242  20.9458836  22.5352268  24.9237098  21.3423494
 20.4513522  18.67389    18.8062304  18.3689696  18.2541024  16.191429
 18.2018232  19.0292614  17.3961078  33.6554174  33.5805886  32.8086434
 28.1889772  24.1301756  17.3598468  29.608997   23.5015656  32.2713228
 31.8754358  34.944552   31.7752234  25.5419406  24.4535114  24.1435216
 27.489853   32.2566376  36.1269398  33.7456334  34.8185836  25.8202464
 24.65005    23.3375776  22.400869   32.0410064  27.7772026  30.7440912
 29.0430368  32.371487   34.6118278  25.019576   35.0089946  38.0270624
 36.8045782  30.9148388  28.9335738  34.9561006  34.3964522  36.2693264
 21.0250666  29.4827398  28.2638854  32.7568428  29.2479648  27.5459544
 28.0925424  27.2314104  31.2552992  38.6257674  35.62856    38.3205588
 35.8620962  38.1569372  36.2897894  36.1374384  34.1052254  35.2939844
 33.5088886  34.3872096  34.1024296  33.3892288  29.1802358  33.2019458
 28.803929   29.6488426  25.2895588  26.15792    20.761793   21.6817024
 24.502815   23.3755026  30.068261   28.9598726  29.6716374  29.6553546
 29.7512604  26.9709794  27.221612   35.7317402  38.3496108  38.1329838
 35.3148866  33.8069816  33.814689   35.1043424  36.2697974  37.5463436
 37.7750356  37.2092232  23.3218582  24.3172456  28.8857042  25.217193
 30.3978186  31.5577088  25.4565642  28.2982962  41.9186718  31.787501
 29.998382   28.3915976 ]



*************************************************************
MODEL ERRORS (of CLIPPED predictions): 
 
[1.37255979e+00 3.52476597e-01 1.77412939e+00 5.96295595e-01
 2.98220813e-01 1.34455740e+00 3.27565610e-01 2.07008794e-01
 9.83445823e-01 1.72625005e-01 1.42010093e-01 2.10598731e+00
 3.44083995e-01 1.82652283e+00 1.12648022e+00 2.21070361e+00
 2.51989150e+00 2.12640405e-01 5.41692019e-01 2.89173722e+00
 1.99855375e+00 1.89329195e+00 9.41594779e-01 2.01410484e+00
 6.34845376e-01 4.58512604e-01 1.22816515e+00 3.88680190e-01
 8.69141936e-01 8.72094989e-01 5.43870497e+00 8.46631974e-02
 1.55846000e+00 1.73871660e+00 4.98319596e-01 1.65366983e+00
 1.00474004e-02 4.24299002e-01 1.00258982e+00 2.91208893e-01
 3.12411785e-01 9.34335172e-01 1.61522806e-01 1.09968758e+00
 6.67900980e-01 9.86520588e-01 1.45119524e+00 4.67681199e-01
 3.36336851e+00 1.82302642e+00 3.53189182e+00 2.65748549e+00
 5.84393620e-01 3.72907901e+00 8.90554011e-01 2.63175917e+00
 1.04127502e+00 2.96386808e-01 2.58197021e+00 3.43782604e-01
 2.91255021e+00 4.04284388e-01 1.14585769e+00 1.12371266e+00
 2.84149587e-01 1.99113703e+00 1.90447271e+00 1.97339594e-01
 9.18186605e-01 8.33033800e-01 6.07060051e+00 5.39669812e-01
 1.67018378e+00 7.05198407e-01 2.44447500e-01 2.97244191e+00
 1.68703258e+00 1.51555097e+00 2.10562393e-01 1.33782482e+00
 2.75937033e+00 4.90007997e-02 2.16803360e+00 8.91527981e-02
 7.92369992e-02 1.08964419e+00 1.09157026e+00 5.52978396e-01
 4.81704593e-01 4.93340403e-01 7.00469375e-01 1.83628604e-01
 4.66437787e-01 6.76688790e-01 2.28087202e-01 8.86300623e-01
 5.31287372e-01 3.37926209e-01 3.02343607e-01 1.23705797e-01
 3.85728335e+00 1.56310081e+00 1.50632203e+00 1.05353343e+00
 7.46160209e-01 8.96143794e-01 1.04017115e+00 6.13614273e+00
 1.03210342e+00 2.97539520e+00 8.53667164e+00 3.75434184e+00
 1.69624257e+00 1.00058496e+00 1.35365522e+00 3.57194352e+00
 1.27840206e-01 2.20501924e+00 4.07142401e+00 1.70796764e+00
 2.62212187e-01 2.54786086e+00 1.99065399e+00 3.06436038e+00
 1.08097780e+00 1.12805396e-01 2.27986717e+00 2.37454206e-01
 1.78764021e+00 8.72202575e-01 1.90260124e+00 1.11445224e+00
 4.23462808e-01 6.77804589e-01 1.23010170e+00 3.63089412e-01
 1.49283797e-01 3.96927804e-01 2.23525897e-01 3.68495750e+00
 2.97723246e+00 4.20694016e-02 3.00987411e+00 1.24959815e+00
 3.92841607e-01 3.28549576e+00 2.79552788e-01 1.00107718e+00
 1.63134038e+00 2.84391856e+00 3.31090003e-01 1.02506001e-02
 3.02948904e+00 3.68596935e+00 1.97021902e+00 8.75753224e-01
 1.95207798e+00 1.57401994e-01 1.65408659e+00 3.60772610e-01
 9.36653614e-01 1.44095361e+00 1.75989616e+00 2.85211110e+00
 4.39264584e+00 1.57677042e+00 1.85725003e-01 5.02460778e-01
 2.40965798e-01 2.17680311e+00 2.05198264e+00 7.83930421e-01
 3.82606292e+00 3.45355004e-01 1.67988002e-01 2.11792797e-01
 1.80162644e+00 7.04459786e-01 3.49981451e+00 7.01118171e-01
 3.08491445e+00 1.77991295e+00 2.98642188e-01 1.59361303e+00
 1.99595600e-01 2.44493842e+00 8.01653087e-01 1.48628855e+00
 7.38738179e-01 2.32168055e+00 2.90772152e+00 3.47370625e+00
 3.50737572e+00 1.24877214e+00 2.66696215e+00 5.79868793e-01
 3.33543599e-01 1.87928724e+00 1.82264000e-02 4.89237010e-01
 1.00916362e+00 6.77864611e-01 1.83286917e+00 7.90470004e-01
 6.13371611e-01 2.01256394e-01 2.83379364e+00 1.86360323e+00
 2.55287290e+00 5.87031186e-01 2.24483609e+00 2.79202795e+00
 3.38717651e+00 2.89345860e+00 2.35579401e-01 3.63445789e-01
 3.31642389e+00 2.08172488e+00 2.40524769e+00 1.22498965e+00
 8.36409628e-01 6.95708573e-01 1.24472475e+00 1.42062557e+00
 1.31825423e+00 3.51927012e-01 1.89369991e-02 2.77207404e-01
 7.82336414e-01 2.40593001e-01 7.72284806e-01 5.88294387e-01
 3.62925202e-01 3.42074919e+00 9.58657384e-01 2.48839796e-01
 4.04648829e+00 1.40268517e+00 2.33900928e+00 1.07720494e+00
 2.54376984e+00 2.53942251e+00 8.18192101e+00 2.51394892e+00
 3.37146497e+00 7.20294237e+00 2.17994285e+00 8.80598009e-01
 1.96043599e+00 2.47156644e+00 3.04322213e-01 9.81365964e-02
 2.47840476e+00 1.13397002e+00 7.96573400e-01 1.25612056e+00
 7.81710625e-01 1.32479703e+00 4.06911790e-01 1.55830896e+00
 1.28181338e+00 2.04074204e-01 1.29978001e+00 7.04013586e-01
 1.38486564e+00 2.00066876e+00 1.02464163e+00 1.87680006e-01
 4.91946363e+00 4.35925983e-02 2.23672599e-01 2.69122910e+00
 2.32357645e+00 2.45831251e+00 3.40438001e-02 1.52960598e+00
 1.14720000e-03 1.80342424e+00 5.54116428e-01 2.73522687e+00
 2.62370992e+00 1.14234936e+00 1.48647800e-01 1.67388999e+00
 1.20623040e+00 1.86896956e+00 5.41023985e-02 7.08571017e-01
 2.70182323e+00 1.70738593e-01 1.10389221e+00 1.75541735e+00
 5.19411385e-01 2.89135671e+00 7.88977206e-01 1.26982439e+00
 5.64015341e+00 2.40899706e+00 3.98434401e-01 1.92867720e+00
 2.62456417e+00 3.14455199e+00 5.52477646e+00 2.85805941e+00
 4.34648848e+00 2.65647840e+00 6.01014709e+00 9.24336243e+00
 1.97306025e+00 1.64563346e+00 2.38141632e+00 2.17975354e+00
 1.74995005e+00 9.62422371e-01 3.30086899e+00 2.25899363e+00
 2.02279735e+00 5.55908799e-01 7.95696306e+00 1.71487004e-01
 1.19881725e+01 2.88042402e+00 5.79100561e+00 6.27293777e+00
 6.59542179e+00 5.48516130e+00 1.06642616e+00 9.64389896e+00
 5.96452177e-01 6.46932650e+00 1.16749334e+01 5.78273964e+00
 6.73611450e+00 3.56842786e-01 2.04796481e+00 9.45954382e-01
 2.29254246e+00 3.73141050e+00 1.25529921e+00 4.74232614e-01
 3.37143993e+00 3.22055888e+00 3.56209612e+00 1.15693724e+00
 1.41021061e+00 2.03743839e+00 5.94774604e-01 8.93984377e-01
 3.60888863e+00 1.38720965e+00 4.02429610e-01 9.89228785e-01
 3.71976423e+00 1.60194576e+00 7.03929007e-01 1.05115736e+00
 1.10441200e-01 1.95791996e+00 1.63820696e+00 4.91829777e+00
 4.30281496e+00 5.77550268e+00 2.06826091e+00 1.95987260e+00
 4.32836246e+00 1.34464538e+00 7.51260400e-01 2.90206000e-02
 3.22161198e+00 2.68259794e-01 1.34961081e+00 7.13298368e+00
 2.68511343e+00 2.19301844e+00 2.18531108e+00 8.95657599e-01
 2.26979733e+00 4.53656405e-01 5.77503538e+00 7.90776789e-01
 1.67814183e+00 1.36827545e+01 2.88570428e+00 3.21719289e+00
 1.60218143e+00 4.44229126e+00 1.54343581e+00 1.29829621e+00
 2.08132815e+00 2.12498993e-01 1.99838197e+00 2.60840249e+00]

*************************************************************

