THIS FILE CONTAINS  cv_cross_val_predict() predictions FOR THIS CURRENT CONFIGURATION.
		 It can be used to verificate obtained results.





---------------------------------------------------------------------------------------------------------
FINAL y_pred (clipped).  FINAL PREDICTIONS USED TO CALCULATE SCORE METRICS
			 (mean over several cross_val_predict() executions)
---------------------------------------------------------------------------------------------------------
[25.2985032  22.0118692  32.1705184  32.0252364  32.2277072  23.3659206
 20.3742444  17.675834   15.6435936  19.3092622  22.2093214  20.0685138
 22.5049572  19.719906   18.1851028  18.97406    20.9458674  17.3079334
 17.3624394  18.0446778  14.1559868  16.7085826  16.0054576  14.5112558
 15.780768   15.0603272  15.7674152  15.885868   18.265613   20.0812038
 14.1737645  16.5405576  14.0285644  15.3026222  15.3389357  22.2538402
 21.3350708  21.717472   23.2082748  28.6211556  37.4871534  30.9179312
 24.1839052  24.8838238  22.006825   20.8843792  22.316385   19.5386368
 14.977989   18.3697404  20.4261834  20.8900652  25.9390664  21.7970542
 18.5689562  34.0204264  22.7929198  29.5080356  22.6086694  20.8298806
 18.1248206  17.8003902  23.5969098  26.061955   29.2194494  24.6221184
 20.1905998  20.7072868  18.6306892  20.2246886  24.4358048  21.9107636
 23.2219278  23.9267706  25.040971   22.468797   20.5235284  21.7962472
 20.9208278  20.7302224  27.897179   23.696038   23.4948634  21.8094114
 24.6769264  26.1984662  21.9723466  23.8007558  29.0658712  31.7490534
 25.5584746  24.7233224  25.452083   25.9725718  21.368004   26.3690212
 23.2231446  40.9435096  45.0836414  34.3562604  22.9809984  26.2383694
 19.70361    19.6040444  20.5603794  19.4369826  18.4884274  20.4580472
 21.4950838  19.0483042  21.703476   23.3293616  19.2769244  18.1172946
 21.7362764  19.0289714  19.6148066  19.3919392  20.0973216  19.7048384
 22.6418796  21.5122594  20.1436964  17.5420442  19.9146138  21.3251926
 18.5039722  15.8761527  18.2468316  15.4186103  20.3773764  19.7576852
 20.0502224  16.7963918  14.3537506  16.8625702  17.083735   19.471155
 15.2476436  16.1403933  14.7107368  10.9991252  14.3410452  15.1913159
 14.9607434  16.0731564  16.6370202  14.886034   14.1060294  16.5018656
 19.7622654  17.9877012  17.681752   17.5893862  17.3556098  15.2596024
 15.6734077  39.7824514  27.3689996  26.2532956  34.9833902  47.7571074
 46.5421786  49.566243   20.2134224  21.118317   49.0915918  19.6817624
 24.3227478  26.2283888  20.9292018  21.6107054  21.690503   27.2752826
 23.6408956  29.862766   24.146344   23.5723326  29.618537   35.164105
 36.5350422  25.8756188  34.2275018  28.5713902  22.1560016  24.8197152
 42.8743006  30.1363166  28.4317886  34.6296756  28.8106148  26.6952198
 35.241689   30.3747926  27.5080244  47.1497044  37.1715398  30.2285918
 34.2359476  31.911342   35.4111902  21.5980154  43.815402   49.0008462
 49.958502   23.0724598  23.2464738  18.6825856  21.602243   18.8087848
 19.663599   19.791171   23.106394   24.9324472  21.4719246  23.2539578
 22.7216544  25.6984758  21.644218   22.5410314  31.1827494  22.8860924
 27.5964608  26.1272372  43.4263488  45.407005   41.249435   31.8690728
 43.9871606  30.31333    22.1932832  34.4719508  45.662448   43.4839878
 26.808654   22.7335646  25.3426326  34.165717   24.9947972  24.7110054
 26.6736744  20.257324   21.8981342  25.306023   16.5675042  15.8860879
 21.019802   20.0751832  22.6468636  26.5540956  25.11158    24.7136526
 28.7659116  36.0691526  20.7149624  19.1357366  38.9929848  50.
 37.2569532  32.443368   35.1313978  38.9559848  47.8311192  32.7890116
 35.5988732  25.5502944  29.134347   49.0018852  47.2289644  23.432653
 21.0812076  24.3963098  25.0117462  37.9975898  34.0518834  32.7421646
 34.2675152  31.4830826  26.2925068  36.4959634  44.77985    35.2215288
 42.7933552  49.0228526  31.8532586  22.7547134  21.770311   22.265812
 22.4265234  23.8917172  32.9207114  33.5459954  29.0269676  24.1150936
 22.1471808  27.6509946  24.8805182  19.503337   23.9955582  33.8747008
 26.8425144  24.872836   25.969116   33.3096462  36.39811    28.4316572
 34.8475796  31.0814588  25.7591644  19.9391406  20.2416158  23.595161
 19.6661808  20.6619468  21.7245086  17.9910544  18.7100812  19.0680142
 22.277903   21.8531592  23.4291442  23.4142524  21.3738794  18.0690494
 24.4820734  25.3657918  24.0236602  20.825015   19.5100056  22.5495154
 20.3554728  18.297524   20.5078228  23.6065026  23.6673952  22.0677602
 20.5979216  19.0325968  22.301106   21.4941782  20.4374012  32.1996324
 22.0271246  24.1101008  30.0930536  19.035798   17.7188142  24.1826032
 25.987724   28.9412532  23.784009   23.8391716  19.1562008  27.2685056
 19.6239512  21.3902158  13.7140608  20.6854056  22.7512326  18.9440508
 25.3325002  18.2406862  25.243378   23.02504    47.8743928  33.2262068
 17.3111642  20.2699002  43.4787892  49.5989296  49.6380508  30.5862164
 40.2144612  10.6349726  10.2181306  19.4702552  11.3888552  14.953585
 10.1752318  11.6656524   8.1054674  12.9385608  11.3602108  11.6068311
 11.140092    9.5499723   9.06383548 10.006704   10.0649614  12.6130579
 15.2620257  15.658319   11.4437463  18.4890432  15.3396484  15.6663644
 15.920598   13.3630027   5.66704566 12.0176268   8.6457502  12.6180867
 13.5804194  11.3863805   7.99068306  6.33713342 13.5599643  29.9437494
 13.8577457  13.826612   21.8436076  14.757957    9.04024194 12.3370284
  7.4705234   9.3517982  10.5167518  10.9323753   6.83922188 11.5414178
 17.1207258  16.7823522  20.8971422  12.982341   14.292959   11.0224698
 14.2023079  10.7921606  12.6649534  11.7258502  15.9367312  16.2800794
 24.1469588  14.5973665  13.6342537  10.5590349  11.533328    8.0183764
  7.26775246 10.536124    9.6408685  12.6409118  15.3702973  13.7195242
 10.8361484   9.4102178  15.0611004  15.2182556  13.7803346  15.0253657
 12.8296808  16.1717874  16.1977838  16.3204462  10.8466166  12.8475212
 11.6850159  10.1942694  16.720788   17.578517   17.7030386  19.3705738
 18.6789416  22.2818     20.6952346  19.5379646  10.8630793  15.1133678
 15.5579236  19.3432176  18.8068176  24.878206   21.2661814  23.1524372
 16.8317784  15.1185594  17.0732302  12.028306   15.5847942  22.9709594
 22.8249794  29.9096764  29.2331764  22.4406604  21.3674912  22.3116138
 18.7695888  23.251345   14.3215134  11.8107792   9.7966395  15.5982059
 19.1049696  20.712272   22.2066148  21.8660754  17.8664744  19.1063308
 21.017189   19.4617818  19.3889968  22.3651584  19.6769406  26.6674588
 24.1752048  20.1191106 ]



*************************************************************
MODEL ERRORS (of CLIPPED predictions): 
 
[1.2985032e+00 4.1186920e-01 2.5294816e+00 1.3747636e+00 3.9722929e+00
 5.3340793e+00 2.5257556e+00 9.4241657e+00 8.5640639e-01 4.0926221e-01
 7.2093215e+00 1.1685138e+00 8.0495721e-01 6.8009400e-01 1.4897200e-02
 9.2593998e-01 2.1541326e+00 1.9206659e-01 2.8375607e+00 1.5532219e-01
 5.5598682e-01 2.8914175e+00 8.0545759e-01 1.1255800e-02 1.8076800e-01
 1.1603272e+00 8.3258480e-01 1.0858680e+00 1.3438700e-01 9.1879618e-01
 1.4737645e+00 2.0405576e+00 8.2856441e-01 2.2026222e+00 1.8389357e+00
 3.3538401e+00 1.3350708e+00 7.1747202e-01 1.4917252e+00 2.1788445e+00
 2.5871534e+00 4.3179312e+00 1.1160948e+00 1.8382379e-01 8.0682498e-01
 1.5843792e+00 2.3163850e+00 2.9386368e+00 5.7798898e-01 1.0302596e+00
 7.2618341e-01 3.9006519e-01 9.3906641e-01 1.6029458e+00 3.3104381e-01
 1.3795736e+00 1.9070802e+00 2.0919645e+00 6.9133061e-01 1.2298806e+00
 5.7517940e-01 1.8003902e+00 1.3969098e+00 1.0619550e+00 3.7805507e+00
 1.1221184e+00 7.9059982e-01 1.2927132e+00 1.2306892e+00 6.7531139e-01
 2.3580480e-01 2.1076360e-01 4.2192781e-01 5.2677059e-01 9.4097102e-01
 1.0687970e+00 5.2352840e-01 9.9624717e-01 2.7917221e-01 4.3022239e-01
 1.0282100e-01 2.0396200e-01 1.3051366e+00 1.0905886e+00 7.7692640e-01
 4.0153381e-01 5.2765340e-01 1.6007558e+00 5.4658713e+00 3.0490534e+00
 2.9584746e+00 2.7233224e+00 2.5520830e+00 9.7257179e-01 7.6800400e-01
 2.0309789e+00 1.8231446e+00 2.2435095e+00 1.2836415e+00 1.1562604e+00
 4.5190015e+00 2.6163059e-01 1.1036100e+00 3.0404440e-01 4.6037939e-01
 6.3017398e-02 1.0115726e+00 5.8047201e-02 1.6950839e+00 3.5169581e-01
 3.4759999e-03 5.2936161e-01 4.7692439e-01 5.8270538e-01 3.2362764e+00
 7.2897142e-01 1.5851934e+00 1.9193920e-01 3.0267841e-01 4.0483841e-01
 6.4187962e-01 1.2122594e+00 3.5630360e-01 2.4204420e-01 1.1146138e+00
 7.4807398e-02 2.8039722e+00 3.2384729e-01 2.4683160e-01 1.1186103e+00
 1.1773764e+00 1.5768521e-01 2.9497776e+00 1.6036083e+00 1.2462494e+00
 1.2374299e+00 3.1626499e-01 2.3711550e+00 1.9476436e+00 1.6596067e+00
 7.1073681e-01 3.4008749e+00 9.4104522e-01 4.0868410e-01 3.1607435e+00
 2.2731564e+00 1.0370202e+00 2.8603399e-01 3.6939707e+00 1.1018656e+00
 1.7377346e+00 1.6122988e+00 2.3817520e+00 1.8106138e+00 3.5560980e-01
 3.4039760e-01 2.5734076e+00 1.5175486e+00 3.0689995e+00 2.9532957e+00
 7.9833903e+00 2.2428925e+00 3.4578214e+00 4.3375701e-01 2.4865775e+00
 3.8816831e+00 9.0840822e-01 4.1182375e+00 5.2274781e-01 3.9283888e+00
 3.5292017e+00 2.5107055e+00 1.4094970e+00 3.6752827e+00 1.0408956e+00
 4.6276599e-01 9.4634402e-01 1.0276674e+00 2.8146300e-01 2.0358951e+00
 3.2649579e+00 1.0324381e+01 3.6724982e+00 3.9286098e+00 4.2439985e+00
 4.7802849e+00 7.1256995e+00 1.8636833e+00 1.3682114e+00 2.7032441e-01
 8.1893854e+00 3.8047802e+00 1.1583110e+00 7.2520739e-01 1.5919756e+00
 2.8502955e+00 3.8715398e+00 7.1408197e-02 3.6405241e-01 2.9886580e+00
 2.5111902e+00 2.5019846e+00 1.5154020e+00 5.0084621e-01 4.1498002e-02
 4.7245979e-01 1.1535262e+00 3.8174143e+00 2.7977569e+00 1.1912152e+00
 2.0364010e+00 4.9117100e-01 7.0639402e-01 3.1675527e+00 2.2280755e+00
 1.7460423e+00 5.7834560e-01 3.0015242e+00 1.4421800e-01 4.5896861e-01
 4.4827495e+00 1.1860924e+00 9.6460797e-02 3.9727628e+00 1.3736511e+00
 4.5929952e+00 3.6494350e+00 2.6907280e-01 2.7128394e+00 1.1866699e+00
 2.1067169e+00 2.7719507e+00 3.9624479e+00 4.8160124e+00 2.1913459e+00
 1.2664354e+00 2.4263260e-01 2.6657169e+00 1.2947972e+00 1.4110054e+00
 4.6736746e+00 1.5732400e-01 3.0186579e-01 1.6060230e+00 1.0324959e+00
 2.6139121e+00 3.2801981e+00 4.2481679e-01 1.8531364e+00 3.5409561e-01
 7.1157998e-01 8.6347401e-02 8.3408839e-01 6.7308474e+00 1.1850376e+00
 1.7642634e+00 5.0070152e+00 0.0000000e+00 1.2569532e+00 2.3433681e+00
 1.3313978e+00 4.1440153e+00 9.6888077e-01 1.7890116e+00 9.0112680e-01
 2.7502944e+00 1.5656530e+00 9.9811482e-01 3.7289643e+00 2.7326529e+00
 1.8792400e-02 8.0369020e-01 6.1174619e-01 2.7975898e+00 1.6518834e+00
 7.4216461e-01 1.0675153e+00 1.6169174e+00 2.8074932e+00 1.3959634e+00
 6.2015003e-01 1.7847119e-01 3.2066448e+00 9.7714740e-01 3.4674141e-01
 7.5471342e-01 1.6703110e+00 9.3418801e-01 1.2652341e-01 9.0828282e-01
 4.4207115e+00 3.7540047e+00 1.1269675e+00 2.1509360e-01 4.4718081e-01
 9.4900542e-01 2.2194817e+00 7.9666299e-01 1.4955581e+00 4.8747010e+00
 2.0425143e+00 2.8728361e+00 4.3088400e-01 2.0964620e-01 2.9811001e-01
 3.1657200e-02 1.4475796e+00 2.8814588e+00 2.9591644e+00 3.6085939e-01
 4.1416159e+00 1.4951611e+00 2.6618081e-01 9.3805319e-01 2.0754914e+00
 1.7910544e+00 9.1008121e-01 7.3198581e-01 8.2209700e-01 8.5315919e-01
 3.7085581e-01 3.1425241e-01 9.7387940e-01 4.3095061e-01 5.1792657e-01
 7.6579177e-01 1.0236602e+00 1.3749850e+00 2.1000560e-01 5.0484601e-02
 5.5547279e-01 1.1975240e+00 1.1078228e+00 1.4065026e+00 2.9673953e+00
 9.6776021e-01 1.0979216e+00 5.3259683e-01 1.7011060e+00 2.4941783e+00
 1.7374012e+00 5.0036758e-01 5.5271244e+00 2.1010080e-01 1.1069463e+00
 1.5357980e+00 5.1881421e-01 1.0826032e+00 1.4877239e+00 2.3412533e+00
 8.8400900e-01 2.6082841e-01 5.5620080e-01 2.8314943e+00 1.4239511e+00
 7.9021579e-01 4.0859394e+00 1.0145944e+00 5.1232599e-02 3.6559491e+00
 3.3250019e-01 1.6593138e+00 4.4433780e+00 6.2250400e+00 2.5974392e+01
 5.7262068e+00 4.5888357e+00 2.8300998e+00 6.5212107e+00 4.0107039e-01
 3.6194921e-01 1.9413784e+01 9.7855387e+00 3.1650274e+00 3.5818694e+00
 4.4702554e+00 2.5111449e+00 1.6535850e+00 2.9247682e+00 1.4656523e+00
 2.2945325e+00 2.0385609e+00 6.0210802e-02 6.9316888e-01 2.3400919e+00
 2.3499722e+00 1.4361645e+00 2.6067040e+00 1.3503860e-01 1.1130579e+00
 1.6202570e-01 7.5416808e+00 1.7437463e+00 4.6890430e+00 2.6396484e+00
 2.5663643e+00 3.4205980e+00 4.8630028e+00 6.6704565e-01 5.7176266e+00
 3.0457501e+00 5.4180865e+00 1.4804194e+00 3.0863805e+00 5.0931692e-01
 1.3371334e+00 1.6599643e+00 2.0437493e+00 3.3422544e+00 1.3673388e+01
 6.8436074e+00 2.4420431e+00 8.8597584e+00 3.9629717e+00 4.7052339e-01
 2.1517982e+00 3.0167518e+00 5.3237528e-01 1.9607781e+00 3.1414177e+00
 4.2072579e-01 2.5823522e+00 9.7142197e-02 4.1765901e-01 2.5929589e+00
 2.7224698e+00 4.0023079e+00 1.0783940e-01 1.6649534e+00 2.2258501e+00
 1.4367312e+00 2.1800795e+00 8.0469589e+00 2.9736650e-01 1.9342537e+00
 2.8409650e+00 1.9333280e+00 6.8162358e-01 1.1322476e+00 2.2638760e+00
 8.5913152e-01 4.4590883e+00 3.0297027e+00 1.6804758e+00 3.6148399e-02
 2.3897822e+00 1.6110040e-01 2.6182556e+00 3.1966540e-01 2.0253656e+00
 5.7031918e-01 9.7178739e-01 9.7783796e-02 1.4795538e+00 4.0533834e+00
 1.2524788e+00 1.0149841e+00 3.3057306e+00 1.8207880e+00 2.4214830e+00
 1.3030386e+00 1.6705738e+00 8.2105839e-01 2.0818000e+00 7.0476538e-01
 3.6203539e-01 8.1369209e+00 3.9866321e+00 3.5420763e+00 7.5678241e-01
 1.0931824e+00 5.2782059e+00 1.9338186e+00 6.6475630e+00 3.0317783e+00
 1.8185594e+00 3.7323019e-01 2.8306000e-02 9.8479420e-01 1.5709594e+00
 1.7502061e-01 6.2096763e+00 4.2331762e+00 6.4066041e-01 7.6749122e-01
 1.1116138e+00 3.3041120e-01 2.6513450e+00 8.7848657e-01 4.8107791e+00
 1.6966395e+00 1.9982059e+00 9.9503040e-01 1.0877280e+00 2.2933853e+00
 1.2339246e+00 1.8335257e+00 8.0633080e-01 1.8281101e-01 1.9617819e+00
 2.5889969e+00 3.4841601e-02 9.2305940e-01 2.7674589e+00 2.1752048e+00
 8.2191105e+00]

*************************************************************

