THIS FILE CONTAINS  cv_cross_val_predict() predictions FOR THIS CURRENT CONFIGURATION.
		 It can be used to verificate obtained results.





---------------------------------------------------------------------------------------------------------
FINAL y_pred (clipped).  FINAL PREDICTIONS USED TO CALCULATE SCORE METRICS
			 (mean over several cross_val_predict() executions)
---------------------------------------------------------------------------------------------------------
[-0.68431567 -0.57961094 -0.70218411 -0.65961132 -0.72093282 -0.61522137
 -0.64484513 -0.90269786 -0.76919178 -0.76665611 -0.66081809 -0.52010176
 -0.5928964  -0.63827609 -0.70271376 -0.68437506 -0.72599647 -0.5341049
 -0.6200401  -0.63699893 -0.61324727 -0.7963635  -0.87563411 -0.82990753
 -0.82018584 -0.70283381 -0.62589722 -0.81299388 -0.66273205 -0.70735339
 -0.65761183 -0.54806148 -0.60032826 -0.63512108 -0.74690576 -0.82405244
 -0.70454054 -0.66055047 -0.75628622 -0.71212939 -0.99365605 -0.79502373
 -0.59466569 -0.81624842 -0.75727835 -0.63913031 -0.70157532 -0.78802246
 -0.66378758 -0.59923235 -0.77717049 -0.74705567 -0.64441209 -0.62639001
 -0.7975068  -0.6825755  -0.89243961 -0.72308181 -0.72094969 -0.66340255
 -0.83606699 -0.76503819 -0.86797908 -0.77703378 -0.50061602 -0.58712397
 -0.69222091 -0.83651186 -0.79183707 -0.84602543 -0.65901942 -0.73182394
 -0.82349707 -0.68194955 -0.59820731 -0.78126505 -0.77470397 -0.89165912
 -0.81608052 -0.60390582 -0.81895396 -0.67673037 -0.5697813  -0.47589872
 -0.64281376 -0.52913129 -0.53660489 -0.4182898  -0.46729605 -0.563468
 -0.71787307 -0.60219125 -0.51382528 -0.47165061 -0.66314263 -0.58722204
 -0.74542577 -0.65290612 -0.81640353 -0.70297719 -0.55307627 -0.66127113
 -0.6167036  -0.71042746 -0.55318113 -0.46519923 -0.6594736  -0.55557987
 -0.64950732 -0.57752102 -0.57887423 -0.59302396 -0.6059913  -0.45071596
 -0.69024056 -0.73614238 -0.5999337  -0.53192013 -0.60056428 -0.64314451
 -0.64605464 -0.58543575 -0.57983534 -0.63560668 -0.50101894 -0.43322593
 -0.66746459 -0.87556373 -0.67466756 -0.46939196 -0.54445514 -0.46408025
 -0.61259961 -0.44164972 -0.82149474 -0.52540859 -0.77789045 -0.56929835
 -0.68497572 -0.59399247 -0.64018678 -0.59694437 -0.76232554 -0.62757432
 -0.53058337 -0.48963954 -0.69305918 -0.52842117 -0.45996978 -0.50260847
 -0.63958409 -0.46989731 -0.75490477 -0.71491542 -0.66299456 -0.58731201
 -0.68871674 -0.25214276 -0.46210689 -0.59016009 -0.46300117 -0.61976406
 -0.56567514 -0.51952626 -0.50353118 -0.77737237 -0.62892794 -0.56829529
 -1.0257249  -0.52987233 -0.78267283 -0.86669886 -0.49828596 -0.55064293
 -0.82259616 -0.75644581 -0.54973273 -0.49152724 -0.51244735 -0.80489481
 -0.36875553 -0.57721328 -0.78055612 -0.59861972 -0.4456167  -0.74782148
 -0.51498151 -0.44502242 -0.76591839 -0.61722016 -0.82807212 -0.685633
 -0.79872004 -0.79565453 -0.7244185  -0.7362492  -0.62103974 -0.78390904
 -0.69378744 -0.65375154 -0.49020134 -0.30733212 -0.44228084 -0.62044965
 -0.57469903 -0.73408612 -0.69461208 -0.52407382 -0.39873026 -0.82282175
 -0.5242936  -0.71500895 -0.7482601  -0.732846   -0.5950307  -0.57679473
 -0.48353458 -0.34231516 -0.39210827 -0.49539087 -0.59235002 -0.44965069
 -0.26197523 -0.40080567 -0.39577062 -0.36837712 -0.32716836 -0.17727389
 -0.41640102 -0.62135427 -0.23187506 -0.42990428 -0.60103055 -0.34666862
 -0.59159369 -0.52615151 -0.57419367 -0.22470915 -0.45781289 -0.75196428
 -0.09732009 -0.47163125 -0.3563959  -0.5136669  -0.30113065 -0.40170832
 -0.57299554 -0.60357531 -0.56513657 -0.53560613 -0.37717945 -0.59135364
 -0.51762833 -0.09235629 -0.49429386 -0.48663333 -0.51066328 -0.60879163
 -0.5384614  -0.21622097 -0.29818691 -0.3702425  -0.59833969 -0.51581048
 -0.58878721 -0.4931152  -0.49422104 -0.50720965 -0.40387809 -0.16226678
 -0.32149616 -0.380182   -0.67373557 -0.32219856 -0.37794138 -0.63034752
 -0.43594869 -0.50154369 -0.55316528 -0.50548963 -0.51194068 -0.57941367
 -0.57191407 -0.54467543 -0.62080339 -0.73837946 -0.63865558 -0.71340984
 -0.96971606 -0.81279246 -0.70751094 -0.76087686 -0.73289711 -0.64915002
 -0.52775899 -0.49371991 -0.57520824 -0.69767296 -0.61694979 -0.73681484
 -0.79125367 -0.72725755 -0.56233219 -0.82466432 -0.66656668 -0.64197158
 -0.50037995 -0.78182162 -0.48588092 -0.47515622 -0.50026631 -0.59117748
 -0.71020474 -0.73251578 -0.58760275 -0.66307327 -0.72486423 -0.53879188
 -0.68685356 -0.66412906 -0.60699736 -0.483622   -0.64412013 -0.63626917
 -0.87767836 -0.61264132 -0.48285725 -0.6661073  -0.61378253 -0.67958957
 -0.63628943 -0.64174749 -0.7784544  -0.68644418 -0.71397953 -0.76656692
 -0.72841859 -0.66168126 -0.58814589 -0.59989518 -0.7429528  -0.70357595
 -0.7561603  -0.75432856 -0.57609368 -0.49657448 -0.66204804 -0.6981507
 -0.66730603 -0.67069117 -1.12583034 -0.69292824 -0.50775447 -0.53027055
 -0.48764768 -0.7704945  -0.64231639 -0.69846237 -0.65261824 -1.05628382
 -0.68784288 -0.866114   -0.87820036 -0.79989716 -0.77919674 -0.98262351
 -0.81192994 -0.6353902  -0.73601257 -0.74301104 -1.08486716 -0.89894385
 -0.90065282 -0.69801833 -0.72869807 -0.80687064 -0.906928   -0.73232345
 -0.66995462 -0.94906363 -1.91165964 -0.77636022 -0.80363628 -1.2409227
 -0.54539846 -0.84413214 -0.75237691 -0.74846001 -0.84709473 -0.81881649
 -0.75424538 -0.74585253 -0.87657763 -0.7157376  -0.88904134 -0.7143053
 -0.57366795 -0.76219764 -0.76314081 -0.7542149  -0.75655694 -1.0346901
 -0.79171777 -0.73535165 -0.41796689 -0.7847581  -0.78084107 -0.85255539
 -0.7673448  -0.6411677  -0.65125095 -0.94011773 -0.7789235  -0.74226931
 -0.89683176 -0.703      -0.63524382 -0.87630937 -0.82647782 -0.70775791
 -0.69845264 -0.70852424 -0.82316913 -0.91680931 -0.74534038 -0.76017754
 -0.72862357 -0.76812758 -0.64316981 -0.81039516 -0.85679897 -0.73585599
 -0.85039102 -0.73547871 -0.77289913 -0.85011096 -0.77233822 -0.72251877
 -0.746706   -0.78497879 -0.64977907 -0.92521491 -0.744999   -1.31783874
 -0.70415142 -0.64365191 -0.92515709 -0.83106796 -0.82935276 -0.6476157
 -0.81288032 -0.73172676 -0.60857094 -0.81033874 -0.60112452 -0.84428327
 -0.84240984 -0.73850051 -0.76875998 -0.78917484 -0.9059255  -0.89170047
 -0.73016894 -0.67895609 -0.7916031  -0.89021124 -0.72734055 -0.70564145
 -0.72468162 -0.83106995 -0.72892    -0.74060913 -0.43661648 -0.67055502
 -0.76302651 -1.00346916 -0.73890493 -0.49189855 -0.80803435 -0.60239807
 -0.97859328 -0.80475926 -0.60761675 -0.9323384  -0.66004954 -0.50866407
 -0.93691802 -0.7234958  -0.70359138 -0.82611658 -0.81416134 -0.91098652
 -0.91718653 -0.6247005  -0.70407549 -0.94470343 -0.80073303 -0.72693413
 -0.61799219 -0.87345557 -0.8208472  -0.91214784 -0.85177822 -0.69092863
 -0.88364428 -0.85401491 -0.56661417 -0.59562638 -0.68388394 -0.95729082
 -0.66013966 -0.73778349 -0.73926297 -0.78303679 -0.44987309 -0.26660074
 -0.48031383 -0.27212114 -0.43319617 -0.43539398 -0.37683801 -0.22722646
 -0.36515475 -0.44245211 -0.37023391 -0.25391832 -0.08397691 -0.53641799
 -0.37478449 -0.43666716 -0.20013656 -0.45112699 -0.2032413  -0.5886215
 -0.2422612  -0.30366248 -0.39539578 -0.3733218  -0.41520718 -0.37474503
 -0.44787407 -0.44044139 -0.63315749 -0.30504034 -0.2879424  -0.21760765
 -0.70627377 -0.48545316 -0.51132477 -0.13107283 -0.42190274 -0.40864459
 -0.34899981 -0.53434594 -0.17979281 -0.51239503 -0.27911862 -0.34420161
 -0.52929786 -0.55677377 -0.49347775 -0.46627582 -0.3784657  -0.46218243
 -0.43880301 -0.44382999 -0.4431832  -0.70562751 -0.46949569 -0.43640569
 -0.43404812 -0.54780347 -0.65459111 -0.51929107 -0.43481934 -0.41896955
 -0.6525769  -0.46367143 -0.4663313  -0.37169026 -0.46877085 -0.3879973
 -0.50028438 -0.48471858 -0.43232865 -0.52556269 -0.47293846 -0.50505756
 -0.45826836 -0.50896031 -0.45030667 -0.46186865 -0.47326441 -0.40664707
 -0.45322118 -0.49636126 -0.83418973 -0.45175479 -0.52035753 -0.52343395
 -0.43346533 -0.46204896 -0.50510987 -0.5672755  -0.43792867 -0.48839941
 -0.44089433 -0.50464087 -0.45410593 -0.48793693 -0.55186972 -0.54177545
 -0.65648672 -0.40690666 -0.59411136 -0.51366876 -0.48095828 -0.54946911
 -0.50473801 -0.42710497 -0.45221083 -0.49775216 -0.42737286 -0.44796463
 -0.52099516 -0.46770556 -0.54537307 -0.48194535 -0.46579275 -0.50244739
 -0.489421   -0.43816545 -0.45101484 -0.53061453 -0.46650071 -0.37971701
 -0.60086169 -0.47511859 -0.51552653 -0.61916195 -0.53599479 -0.5081964
 -0.41911929 -0.44157459 -0.44655601 -0.38214226 -0.44577424 -0.47917244
 -0.5352965  -0.52499952 -0.50000115 -0.50861052 -0.48907225 -0.46279848
 -0.52147435 -0.49737753 -0.51222247 -0.55333115 -0.45569935 -0.44616224
 -0.52579957 -0.53452486 -0.56290428 -0.43821446 -0.45946649 -0.48578476
 -0.43134498 -0.46547514 -0.47893862 -0.62520859 -0.43806203 -0.54135884
 -0.48158077 -0.4940478  -0.58338428 -0.54904651 -0.4962454  -0.64253333
 -0.6123428  -0.51660977 -0.58695853 -0.61904905 -0.46749678 -0.58620647
 -0.43190526 -0.51619532 -0.59371985 -0.44736315 -0.45711447 -0.49010765
 -0.50074468 -0.46315911 -0.55273441 -0.53833033 -0.52619706 -0.53848855
 -0.55740154 -0.5012811  -0.61219718 -0.55224202 -0.56252836 -0.56299055
 -0.49940803 -0.55061068 -0.56042773 -0.52979642 -0.52931612 -0.56809681
 -0.62722386 -0.48742864 -0.46359503 -0.53852189 -0.8089678  -0.50757271
 -0.54578652 -0.45387469 -0.52176876 -0.54380119 -0.47368781 -0.42918257
 -0.40302234 -0.53898135 -0.45874303 -0.47267088 -0.52321068 -0.43302128
 -0.56624392 -0.52872785 -0.54804878 -0.56399792 -0.48395707 -0.56061074
 -0.55691302 -0.55632417 -0.50729206 -0.48616197 -0.41372847 -0.5099739
 -0.73731453 -0.48802439 -0.50652371 -0.65790943 -0.40818692 -0.59405694
 -0.54738422 -0.44263249 -0.49790413 -0.51996764 -0.58913734 -0.50069166
 -0.4568775  -0.46275449 -0.40584138 -0.36738135 -0.39343926 -0.42555908
 -0.40784373 -0.44122291 -0.47012279 -0.4502733  -0.44154142 -0.42272127
 -0.46135916 -0.4040373  -0.4397714  -0.5002134  -0.47066691 -0.45870692
 -0.40950055 -0.44301146 -0.39661062 -0.40494148 -0.42103056 -0.43911248
 -0.44792089 -0.4710122  -0.42513006 -0.43105123 -0.49267756 -0.44015763
 -0.46195937 -0.3606658  -0.47909055 -0.41846805 -0.40135203 -0.39541675
 -0.40396711 -0.46042456 -0.41287507 -0.4310018  -0.41243338 -0.4332304
 -0.40964966 -0.44310655 -0.45709127 -0.47440148 -0.3996012  -0.40849075
 -0.42071023 -0.4672554  -0.45376953 -0.4483309  -0.48873623 -0.5999287
 -0.47459861 -0.39789208 -0.42257148 -0.49241292 -0.42596827 -0.40469534
 -0.41055619 -0.42917626 -0.42751961 -0.49434108 -0.52657308 -0.44464244
 -0.51231165 -0.37830113 -0.43071981 -0.42098503 -0.46654885 -0.48782327
 -0.42733071 -0.39758708 -0.53110573 -0.40996745 -0.48956901 -0.41792629
 -0.48819391 -0.52333241 -0.51446482 -0.37491811 -0.44662325 -0.49505643
 -0.47281634 -0.50322869 -0.65714019 -0.43723156 -0.40703171 -0.4428982
 -0.36585197 -0.45528073 -0.44408553 -0.46667607 -0.38927471 -0.46182995
 -0.39033173 -0.49951838 -0.48443472 -0.35834902 -0.43414164 -0.50983157
 -0.49016172 -0.58603685 -0.44374937 -0.56220158 -0.5465189  -0.50048896
 -0.5484527  -0.43105825 -0.43450452 -0.51795817 -0.36286837 -0.31519523
 -0.4385974  -0.47248556 -0.51444895 -0.31196802 -0.58024842 -0.59587314
 -0.41168906 -0.48622183 -0.50132864 -0.81392834 -0.36099953 -0.37895768
 -0.67724587 -0.38326987 -0.60368025 -0.58165706 -0.57338014 -0.8642321
 -0.33749935 -0.39253395 -0.52672482 -0.49117546 -0.29538484 -0.45095017
 -0.28653853 -0.4383497  -0.60557017 -0.41664387 -0.32346475 -0.43469911
 -0.46667207 -0.32332796 -0.46037708 -0.42437983 -0.50647718 -0.39332789
 -0.51930239 -0.32006986 -0.64169453 -0.36207071 -0.46144541 -0.34834095
 -0.66693528 -0.58568774 -0.5129428  -0.48124576 -0.37186906 -0.54972863
 -0.43361989 -0.56943571 -0.43900683 -0.35284452 -0.4780983  -0.52276185
 -0.38992049 -0.4083123  -0.46973573 -0.36609536 -0.37323151 -0.42862181
 -0.39765509 -0.48033564 -0.4788084  -0.37331814 -0.5770064  -0.37831635
 -0.478645   -0.93620961 -0.4147273  -0.36927079 -0.46177039 -0.56106812
 -0.39222067 -0.58259657 -0.58931671 -0.55710112 -0.33855376 -0.41985161
 -0.33863373 -0.35213763 -0.37336316 -0.37638442 -0.53099157 -0.50109485
 -0.41709502 -0.43954259 -0.25458988 -0.45658596 -0.41512755 -0.45781701
 -0.4454256  -0.64870091 -0.62498847 -0.65332211 -0.57867292 -0.43823941
 -0.73746228 -0.64026494 -0.83087051 -0.61815465 -0.72089299 -0.66892265
 -0.67190767 -0.61352556 -0.73548608 -0.57444442 -0.61074039 -0.5913085
 -0.56721652 -0.70861765 -0.72699736 -0.43689699 -0.65154153 -0.64964535
 -0.59755978 -0.90506399 -0.7068994  -0.76037461 -0.57827187 -0.48716228
 -0.62158184 -0.6565935  -0.54639712 -0.5840292  -0.64535273 -0.80329745
 -0.62187517 -0.74579716 -0.69167535 -0.61281302 -0.61806018 -0.62650348
 -0.58191863 -0.60336396 -0.59893175 -0.59814797 -0.63070833 -0.4934075
 -0.84303442 -0.84055222 -0.68339767 -0.62906219 -0.65057385 -0.56319105
 -0.5041016  -0.67265902 -0.60842333 -0.6347176  -0.74462943 -0.68778525
 -0.71599219 -0.7178547  -0.74240501 -0.56053292 -0.71221536 -0.68811442
 -0.59963294 -0.72321386 -0.71029435 -0.65806999 -0.64023162 -0.45636007
 -0.68800799 -0.5638089  -0.60146963 -0.66839525 -0.52261334 -0.91652771
 -0.66958092 -0.62468226 -0.49735456 -0.68878079 -0.72851921 -0.73666452
 -0.52643081 -0.61843019 -0.58251852 -0.65718711 -0.6665109  -0.65503904
 -0.64573261 -0.59658518 -0.64245477 -0.60159416 -0.60455698 -0.58420579
 -0.54464225 -0.60820092 -0.77797528 -0.80721187 -0.63965785 -0.71985609
 -0.568782   -0.60316825 -0.84513376 -0.57692265 -0.72882762 -0.69199451
 -0.66154594 -0.65084168 -0.65560276 -0.61948244 -0.56230967 -0.53410276
 -0.63647417 -0.81331511 -0.62458126 -0.65422698 -0.54664292 -0.77211857
 -0.64552598 -0.65493594 -0.69434182 -0.5670175  -0.53039356 -0.56855405
 -0.60780287 -0.58897937 -0.56299654 -0.70912346 -0.74188389 -0.7244682
 -0.49128333 -0.5132153  -0.50010265 -0.61075288 -0.54628419 -0.6674086
 -0.66692171 -0.5842339  -0.60572119 -0.64997373 -0.54740179 -0.5105106
 -0.66731929 -0.63571776 -0.54238986 -0.64544027 -0.6330404  -0.69249191
 -0.68616558 -0.50121222 -0.84281403 -0.51361017 -0.57241604 -0.61731354
 -0.69610373 -0.88445223 -0.71303281 -0.59414177 -0.59356351 -0.72774063
 -0.55394062 -0.59990994 -0.58127385 -0.59653664 -0.53715572 -0.38233681
 -0.56580169 -0.53712216 -0.69690238 -0.59856206 -0.68402708 -0.54170029
 -0.63484207 -0.50624048 -0.61709296 -0.56579525 -0.62533847 -0.85997327
 -0.5456347  -0.69847612 -0.57216765 -0.47131729 -1.04451331 -0.53009807
 -0.57821966 -0.47538704 -0.4443565  -0.44124388 -0.41735996 -0.48071883
 -0.4244927  -0.38173348 -0.46576848 -0.45907541 -0.41421703 -0.46036285
 -0.46243905 -0.42891481 -0.4202585  -0.44382675 -0.70987043 -0.69416972
 -0.69806255 -0.66971696 -0.72242319 -0.71549616 -0.72531829 -0.65336343
 -0.81804257 -0.70954784 -0.67978013 -0.67326458 -0.57831076 -0.72482707
 -0.5630703  -0.69953763 -0.69967784 -0.74364548 -0.72797188 -0.71102402
 -0.77301754 -0.76727447 -0.76312    -0.88236516 -0.37604032 -0.56405522
 -0.66745972 -0.3822125  -0.49190946 -0.53382735 -0.5496264  -0.6280989
 -0.47779377 -0.27073583 -0.43012632 -0.42493508 -0.67071544 -0.57227195
 -0.34149533 -0.32051236 -0.45264668 -0.5007179  -0.3711648  -0.43811952
 -0.30045704 -0.44811001 -0.51057694 -0.32096645 -0.51538346 -0.52953522
 -0.51742428 -0.4812493  -0.40047841 -0.40283741 -0.52141191 -0.43118953
 -0.45789791 -0.33320697 -0.38193495 -0.33386766 -0.48973908 -0.42961265
 -0.53571915 -0.42655876 -0.29680284 -0.42115946 -0.49780071 -0.51614365
 -0.45796907 -0.52367798 -0.64997574 -0.54693669 -0.52595545 -0.29098223
 -0.72954889 -0.52090966 -0.57058906 -0.35044616 -0.47807985 -0.18353246
 -0.28113813 -0.53853875 -0.33858358 -0.53503283 -0.4477352  -0.34961759
 -0.37073916 -0.50026828 -0.41180286 -0.45924923 -0.40533412 -0.68614293
 -0.34308913 -0.45212672 -0.34850147 -0.5763117  -0.46264931 -0.30725051
 -0.4384237  -0.42276362 -0.44573043 -0.39268742 -0.40562034 -0.29289877
 -0.38387903 -0.31991151 -0.39686298 -0.48996246 -0.42166144 -0.34616657
 -0.52500053 -0.5403566  -0.4944876  -0.5412692  -0.36251319 -0.51129192
 -0.53263321 -0.47658207 -0.69584937 -0.53262545 -0.41807219 -0.26299061
 -0.31950295 -0.3531951  -0.38823965 -0.38664545 -0.293945   -0.47855434
 -0.41196346 -0.32555235 -0.3903092  -0.26740284 -0.35339163 -0.32450716
 -0.45817689 -0.30227927 -0.26318348 -0.36671386 -0.32372911 -0.32088663
 -0.35346957 -0.3664277  -0.39740571 -0.38500985 -0.40586504 -0.36759018
 -0.29169482 -0.29545922 -0.39044808 -0.2835532  -0.34847371 -0.31509979
 -0.39580495 -0.31926074 -0.40085125 -0.26337793 -0.33496033 -0.33036606
 -0.33126505 -0.24485336 -0.3510225  -0.30204199 -0.44203733 -0.37686966
 -0.2832321  -0.31345621 -0.4105694  -0.34789958 -0.34705492 -0.36195423
 -0.37717977 -0.35675486 -0.4476148  -0.43485683 -0.31054433 -0.3427224
 -0.36825103 -0.34840623 -0.32275486 -0.36488889 -0.37432136 -0.30646707
 -0.41157537 -0.31281983 -0.3774304  -0.37104733 -0.45084713 -0.39972502
 -0.32078151 -0.30986181 -0.36626486 -0.35790116 -0.36950899 -0.45540001
 -0.38547233 -0.40860115 -0.32175641 -0.34946337 -0.29025694 -0.36419088
 -0.31596544 -0.38531215 -0.309876   -0.3865955  -0.32035696 -0.45971007
 -0.34620875 -0.36228185 -0.59210801 -0.70499084 -0.41317827 -0.53108377
 -0.52143399 -0.79289848 -0.52990123 -0.47295071 -0.58622356 -0.44833987
 -0.55744112 -0.50080502 -0.65551242 -0.81367049 -0.55049773 -0.44054321
 -0.64141383 -0.68784088 -0.3742847  -0.42376654 -0.34192232 -0.64597898
 -0.47761082 -0.66605088 -0.65594196 -0.55848489 -0.67355691 -0.45910945
 -0.61248319 -0.57080131 -0.44141548 -0.41617325 -0.42800422 -0.61625498
 -0.46135081 -0.82984274 -0.47587034 -0.70802671 -0.43894968 -0.45581261
 -0.70416061 -0.90518393 -0.51870475 -0.80807622 -0.66711249 -0.49341781
 -0.68680191 -0.65115061 -0.50631361 -0.53599368 -0.48730364 -0.55829666
 -0.86678862 -0.64417261 -0.48160373 -0.38313156 -0.51282668 -0.58568499
 -0.65689994 -0.62588434 -0.57398949 -0.55292745 -0.6887771  -0.48770924
 -0.43894916 -0.44610448 -0.81536022 -0.64121798 -0.70987103 -0.58677728
 -0.64205651 -0.87341462 -0.61111992 -0.43197303 -0.66058294 -0.78151845
 -0.49381971 -0.51403276 -0.4170097  -0.534199   -0.54571568 -0.66205829
 -0.65870913 -0.49552128 -0.52341186 -0.50112832 -0.5109508  -0.50147423
 -0.54143202 -0.47094821 -0.48999117 -0.73451141 -0.61149326 -0.62767827
 -0.43528246 -0.61354626 -0.46978352 -0.67616474 -0.49289271 -0.46867063
 -0.56117549 -0.46552103 -0.4700672  -0.49798673 -0.41467279 -0.56762976
 -0.49708849 -0.62349199 -0.50871338 -0.51831289 -0.45330081 -0.47460123
 -0.45342514 -0.45204355 -0.5492905  -0.49732437 -0.68739169 -0.62533341
 -0.48355742 -0.41717633 -0.63822552 -0.44995357 -0.4221491  -0.53719383
 -0.41189445 -0.39510005 -0.51855848 -0.53066103 -0.51389512 -0.49364036
 -0.62428231 -0.57879621 -0.78904881 -0.37428901 -0.51748508 -0.57677568
 -0.51847031 -0.45217793 -0.49372904 -0.44141989 -0.51179393 -0.49709016
 -0.4434397  -0.48760856 -0.47017411 -0.51062935 -0.38849995 -0.47793545
 -0.66743381 -0.47575845 -0.44317395 -0.45811779 -0.45665377 -0.68920861
 -0.55683294 -0.61078662 -0.44760016 -0.51617658 -0.45223374 -0.77770434
 -0.51644782 -0.57011285 -0.71026498 -0.48620494 -0.54776751 -0.54492601
 -0.99553927 -0.40534263 -0.43378798 -0.54175643 -0.52568052 -0.47867725
 -0.51642497 -0.52443464 -0.49974942 -0.51220541 -0.55417716 -0.44141992
 -0.58395747 -0.37656654 -0.38360909 -0.64097347 -0.47751623 -0.40413983
 -0.57421983 -0.42825892 -0.42341907 -0.48028604 -0.51621903 -0.54261566
 -0.50346486 -0.54536144 -0.52574988 -0.54806109 -0.36252339 -0.53192263
 -0.79121832 -0.40049319 -0.52687241 -0.44783016 -0.27337115 -0.35753903
 -0.20542235 -0.52321277 -0.37954217 -0.45571323 -0.23323207 -0.41489614
 -0.47297863 -0.32554575 -0.39966746 -0.46085395 -0.60092828 -0.24239076
 -0.48120838 -0.14941682 -0.23544061 -0.57190137 -0.34928662 -0.29877003
 -0.42115021 -0.46676084 -0.33856916 -0.46647873 -0.2234996  -0.28629813
 -0.34323762 -0.30468357 -0.54201697 -0.28782031 -0.40543127 -0.18713861
 -0.35279811 -0.44505291 -0.31433376 -0.43192565 -0.20595467 -0.3766685
 -0.44689228 -0.42045512 -0.45901242 -0.37198897 -0.33186068 -0.475075
 -0.32131022 -0.30415732 -0.39691146 -0.39634691 -0.2538343  -0.41819195
 -0.24899602 -0.23035582 -0.51047578 -0.56340291 -0.34648722 -0.2740137
 -0.26487156 -0.25021124 -0.43122356 -0.55586971 -0.28958374 -0.33340049
 -0.62974366 -0.4279818  -0.46922997 -0.49541063 -0.43217159 -0.32188901
 -0.44865    -0.43838954 -0.44712812 -0.45326164 -0.4889581  -0.45607437
 -0.50079991 -0.52992413 -0.52859765 -0.32260129 -0.37643419 -0.52649868
 -0.52673469 -0.38798009 -0.45176824 -0.39607898 -0.41926037 -0.34943855
 -0.56799283 -0.39413658 -0.36219409 -0.3507757  -0.30181932 -0.31374393
 -0.53061943 -0.50148666 -0.34511154 -0.2934628  -0.34022027 -0.43511117
 -0.23832118 -0.4085223  -0.48065276 -0.40569563 -0.48004492 -0.45568933
 -0.29397859 -0.41510876 -0.40553318 -0.61883486 -0.5377057  -0.23326589
 -0.27275315 -0.26291085 -0.56438011 -0.46995609 -0.41908226 -0.38448329
 -0.5122387  -0.42199603 -0.50358783 -0.3640625  -0.34310402 -0.48428319
 -0.40225935 -0.51583608 -0.38392687 -0.47428858 -0.4868251  -0.34055159
 -0.5332141  -0.52642903 -0.48122666 -0.54044619 -0.62139024 -0.45680565
 -0.38074935 -0.34368182 -0.41794131 -0.45060877 -0.25417685 -0.51225133
 -0.39863915 -0.50899814 -0.53942552 -0.37146607 -0.31353725 -0.54614806
 -0.50021399 -0.69730502 -0.49352309 -0.56490814 -0.19148356 -0.28495668
 -0.5216883  -0.5105675  -0.33395933 -0.46103611 -0.47836709 -0.49461318
 -0.45096271 -0.21059234 -0.55292071 -0.40440895 -0.59312736 -0.4856556
 -0.4041355  -0.51985602 -0.52878816 -0.53876601 -0.45426146 -0.48736861
 -0.38125204 -0.55724927 -0.51988549 -0.69059647 -0.52140777 -0.59041677
 -0.66116976 -0.64892993 -0.77122934 -0.73084588 -0.66339297 -0.92305857
 -0.52146891 -0.6717496  -0.64684408 -0.53999322 -0.51054814 -0.58678083
 -0.71635528 -0.6830883  -0.51772533 -0.49153832 -0.61753561 -0.63534694
 -0.67998354 -0.37562363 -0.7508936  -0.52187044 -0.70457114 -0.34816929
 -0.93238286 -0.76228234 -0.71276561 -0.4972695  -0.22679091 -0.65184347
 -0.82118808 -0.50277358 -0.39537015 -0.63859075 -0.89118749 -0.42598205
 -0.7711574  -0.50641356 -0.58138428 -0.67532932 -0.5731387  -0.69696195
 -0.64870928 -0.61953732 -0.48644815 -0.6005984  -0.49958491 -0.45221394
 -0.42260063 -0.53465568 -0.58549254 -0.72519161 -1.1229926  -0.63083534
 -0.66327033 -0.65103821 -0.63069318 -0.63709893 -0.61341015 -0.67214594
 -0.60981828 -0.72950316 -0.64170728 -0.56307647 -0.5758489  -0.54900163
 -0.61586249 -0.60454128 -0.6097767  -0.60648099 -0.36792585 -0.58829684
 -0.61020183 -0.94811465 -0.57016414 -0.70757492 -0.65672329 -0.61184256
 -0.63074742 -0.48460211 -1.13109786 -0.60212838 -0.60805723 -0.60240636
 -0.59836726 -0.62704838 -0.61914922 -0.62820108 -0.66577237 -0.48313381
 -0.72185697 -0.62334717 -0.59331766 -0.49883481 -0.63659142 -0.49831363
 -0.49847438 -0.65971367 -0.57668838 -0.64310503 -0.62686288 -0.49634286
 -0.6642677  -0.57112687 -0.73905083 -0.6067996  -0.54676945 -0.58331314
 -0.60056769 -0.54339022 -0.68427052 -0.62179383 -0.81473949 -0.73556532
 -0.62872347 -0.78755089 -0.66141555 -0.66610739 -0.79317605 -0.77930401
 -0.76204677 -0.76745207 -0.76653355 -0.8488262  -0.84193727 -0.80721842
 -0.6428397  -0.79032578 -0.77663187 -0.8255359  -0.74251981 -0.65549701
 -0.76012191 -0.55430593 -0.88042681 -0.85213695 -0.90712855 -0.96439874
 -0.62517635 -0.65457028 -0.864334   -0.70074079 -0.79736962 -0.89192002
 -0.93469877 -0.79997478 -0.87461546 -0.93815963 -0.70579566 -0.61001533
 -0.92466606 -0.88963079 -0.81677712 -0.88145094 -0.91406795 -0.76615071
 -0.70109654 -0.84982714 -0.79971901 -0.63900205 -0.82029273 -0.86845647
 -0.85467634 -0.73659692 -0.76786803 -0.92736272 -0.79686549 -0.73307101
 -0.64323548 -0.74265125 -0.87742925 -0.78722683 -0.6518426  -0.7679202
 -0.75949606 -0.87664404 -0.86024025 -0.81837592 -1.14505188 -0.97564964
 -0.64881016 -0.87569156 -0.72135284 -0.69601939 -0.81243893 -0.99106905
 -0.65944257 -0.81731298 -0.81618866 -0.93624806 -0.8342147  -0.83453254
 -0.82320988 -0.86144415 -0.89190128 -0.80136233 -0.72968955 -0.78453471
 -0.64301795 -0.70996238 -0.5687151  -0.85434097 -0.87893962 -0.81273757
 -0.7909676  -0.75876687 -0.89850424 -0.90546106 -0.79779076 -0.96751633
 -0.71474479 -0.66880891 -0.27058465 -0.41338529 -0.37102739 -0.29740383
 -0.33310567 -0.29091472 -0.2286912  -0.4814522  -0.4523737  -0.30553481
 -0.34469777 -0.2793921  -0.34458136 -0.2813466  -0.32167626 -0.32529904
 -0.24377921 -0.51310467 -0.2633063  -0.2514417  -0.29486138 -0.22520913
 -0.28557143 -0.24607908 -0.31231042 -0.31435329 -0.38544607 -0.37856195
 -0.41432368 -0.45204544 -0.31267956 -0.25552093 -0.27821132 -0.30369964
 -0.3391726  -0.38534126 -0.29138527 -0.21033026 -0.48191783 -0.44796689
 -0.26622128 -0.25708684 -0.49497446 -0.16851164 -0.51568677 -0.26692937
 -0.41228484 -0.27956899 -0.38153381 -0.35972452 -0.46749943 -0.32727513
 -0.44919246 -0.61917339 -0.57656545 -0.62161408 -0.62095775 -0.80496872
 -0.56172734 -0.65483601 -0.64515193 -0.68221283 -0.62986215 -0.60217265
 -0.63256307 -0.66281126 -0.64905791 -0.63572191 -0.6189274  -0.60479826
 -0.59113611 -0.57159261 -0.55907168 -0.60099475 -0.58887768 -0.58952446
 -0.69451467 -0.67490327 -0.5439411  -0.68518293 -0.53518221 -0.62402183
 -0.6519505  -0.68753409 -0.53324959 -0.64784016 -0.60861401 -0.56788828
 -0.61823789 -0.61633334 -0.76854609 -0.58924514 -0.64412286 -0.6723093
 -0.64173119 -0.55524766 -0.65827424 -0.61443176 -0.5550491  -0.61531753
 -0.56082315 -0.71895952 -0.63207345 -0.60260944 -0.54272264 -0.58779741
 -0.59567055 -0.57615762 -0.58569343 -0.56645218 -0.54663444 -0.55663297
 -0.63862613 -0.54845278 -0.55990135 -0.51003775 -0.60610312 -0.70983841
 -0.65460835 -0.67280081 -0.57403926 -0.56143258 -0.61150624 -0.70487832
 -0.57273357 -0.68198093 -0.60937025 -0.60048518 -0.58844102 -0.58347917
 -0.59853684 -0.62470347 -0.59613148 -0.50225908 -0.5724783  -0.66351252
 -0.63449399 -0.66189492 -0.51603319 -0.66505487 -0.58310824 -0.61128643
 -0.4372798  -0.64273135 -0.42002933 -0.63171801 -0.57784769 -0.69346594
 -0.69057413 -0.55699455 -0.69066981 -0.66135468 -0.61950366 -0.34258133
 -0.70207917 -0.5267382  -0.80604558 -0.51396617 -0.55779579 -0.65092217
 -0.74452374 -0.5199792  -0.45651092 -0.43948064 -0.59093257 -0.68407908
 -0.67460422 -0.38523467 -0.53648777 -0.48262987 -0.40911922 -0.55867138
 -0.5672379  -0.70620639 -0.58976411 -0.56700743 -0.59301832 -0.55263822
 -0.54722805 -0.57694463 -0.67809467 -0.56747755 -0.63049892 -0.56382852
 -0.60579871 -0.68040715 -0.56852125 -0.5292495  -0.56588836 -0.58767476
 -0.61269455 -0.68668571 -0.5494337  -0.55782383 -0.56247735 -0.62756306
 -0.66784154 -0.59381152 -0.60247342 -0.52967404 -0.88709376 -0.65598114
 -0.69773595 -0.66873182 -0.54920933 -0.4973927  -0.61661557 -0.65447973
 -0.64843941 -0.66684434 -0.55539664 -0.62891112 -0.5922103  -0.58951925
 -0.5267193  -0.61935297 -0.57047991 -0.60124042 -0.40507772 -0.59105107
 -0.47438054 -0.4821318  -0.49826632 -0.52213785 -0.4432213  -0.45686568
 -0.40465189 -0.50907527 -0.21743172 -0.35043444 -0.41524304 -0.51360811
 -0.47779993 -0.44088758 -0.44016311 -0.46529824 -0.37694343 -0.52594226
 -0.44531356 -0.47985796 -0.46611975 -0.52650824 -0.41923502 -0.57722394
 -0.48912994 -0.25014823 -0.44668227 -0.49715936 -0.45102607 -0.28755568
 -0.45247997 -0.49711913 -0.13497879 -0.4995061  -0.74054778 -0.59948911
 -0.66882305 -0.65208358 -0.67470949 -0.65097149 -0.65076067 -0.6587643
 -0.59278904 -0.63445344 -0.71706718 -0.51173882 -0.66311606 -0.84283997
 -0.60027759 -0.75799812 -0.65360288 -0.72114963 -0.70860893 -0.63587037
 -0.64735436 -0.66159327 -0.60250671 -0.6688597  -0.59916217 -0.69214926
 -0.44866772 -0.70582598 -0.61535933 -0.71791493 -0.71743731 -0.74158136
 -0.67299123 -0.67038387 -0.64560691 -0.68438783 -0.66349119 -0.70121781
 -0.64564066 -0.67116125 -0.68393729 -0.66654997 -0.63628167 -0.71401061
 -0.64701359 -0.60152561 -0.68119515 -0.64475447 -0.66958793 -0.68239827
 -0.6844621  -0.54531566 -0.61990095 -0.65706573 -0.74596738 -0.67553734
 -0.49908276 -0.60564135 -0.68418965 -0.77371831 -0.65582938 -0.65672275
 -0.66707092 -0.60827077 -0.59636973 -0.60485023 -0.66084798 -0.57748622
 -0.50675139 -0.55873098 -0.67344061 -0.56816797 -0.78393967 -0.87449925
 -0.79467278 -0.88681799 -0.86768073 -0.84291394 -1.04980522 -0.91372553
 -0.73242237 -1.05103377 -0.84658631 -0.81588955 -0.83988376 -0.89723333
 -0.84762774 -0.89319122 -0.95057208 -0.84837613 -0.82361975 -0.80550446
 -0.93666669 -0.89126991 -0.87213265 -0.90228378 -0.82963594 -0.89206049
 -0.74305702 -0.79709335 -0.87758797 -0.94168015 -0.83037019 -0.82408815
 -0.6879101  -0.89797847 -0.88910237 -0.83835958 -0.84021118 -0.99758086
 -0.94808883 -0.98212459 -0.75666532 -0.90017355 -1.00889657 -0.81300516
 -0.87264176 -0.89316935 -0.28929163 -0.41427879 -0.40587621 -0.41986858
 -0.56580887 -0.42654722 -0.30678214 -0.4954899  -0.39276826 -0.18660034
 -0.40536655 -0.23906179 -0.71130459 -0.40280524 -0.42857412 -0.41991728
 -0.47435032 -0.30197514 -0.2346624  -0.48646367 -0.33035892 -0.26652942
 -0.49976343 -0.21162639 -0.31228937 -0.33833652 -0.26441839 -0.23693418
 -0.29251782 -0.27089258 -0.25972388 -0.42561778 -0.3497109  -0.18156783
 -0.45271574 -0.25190689 -0.23457878 -0.27584367 -0.41723877 -0.50000485
 -0.39420557 -0.34389157 -0.32305535 -0.28230824 -0.28959093 -0.531326
 -0.3820432  -0.25090003 -0.47327485 -0.32268798 -0.52954385 -0.2826475
 -0.25849363 -0.36530539 -0.21541077 -0.78478173 -0.36898972 -0.29596903
 -0.23875249 -0.5835337  -0.3903619  -0.34249468 -0.40330817 -0.30908514
 -0.52167434 -0.42550781 -0.72972774 -0.79180477 -0.58155029 -0.70478928
 -0.77089122 -0.8828654  -0.7382145  -0.62015827 -0.66703159 -0.72901946
 -0.66121831 -0.70992023 -0.70740627 -0.5619969  -0.75941492 -0.78947986
 -0.60329273 -0.69950009 -0.7773666  -0.58570352 -0.66483896 -0.68399937
 -0.75021077 -0.72930329 -0.6165194  -0.78857525 -0.70714588 -0.74681894
 -0.66386081 -0.75666086 -0.65221821 -0.76497955 -0.80755916 -0.5608861
 -0.73054625 -0.66398488 -0.70811093 -0.74401857 -0.6645882  -0.63567159
 -0.6754426  -0.56323339 -0.63838265 -0.61154164 -0.73910934 -0.61237592
 -0.76955896 -0.76854803 -0.74432797 -0.77110153 -0.62907716 -0.75756332
 -0.73022765 -0.79390439 -0.62318424 -0.66967189 -0.76055666 -0.75777032
 -0.76241953 -0.7763621  -0.63596335 -0.7576189  -0.80039069 -0.5365468
 -0.69201643 -0.64994312 -0.6602432  -0.51478222 -0.49902575 -0.66863665
 -0.8553466  -0.75965808 -0.73987274 -0.72491902 -0.85888603 -0.727664
 -0.64854097 -0.73539964 -0.67998132 -0.68697319 -0.53679667 -0.74460462
 -0.69787785 -0.73874403 -0.71973492 -0.66577493 -0.63475973 -0.54731714
 -0.71536226 -0.83703541 -0.63599728 -0.75640268 -0.66959082 -0.65964968
 -0.70330305 -0.78801829 -0.72143459 -0.74250449 -0.57619366 -0.56673388
 -0.35362809 -0.75785927 -0.67392097 -0.68782776 -0.4747523  -0.73388403
 -0.54873833 -0.81632041 -0.93102291 -0.88628053 -0.49553924 -0.37883359
 -0.64475422 -0.683752   -0.75143477 -1.1222614  -0.6931849  -0.42944515
 -0.6163357  -0.7519786  -0.6536309  -0.66764928 -0.80469228 -0.67667823
 -0.59364709 -0.91628273 -0.57868904 -0.50518634 -0.63798118 -0.70187858
 -0.5820737  -0.73363922 -0.57479041 -0.62467588 -0.63741089 -0.49388064
 -0.67596726 -0.61360619 -0.48766247 -0.70534266 -0.7180216  -0.67131235
 -0.49099528 -0.70146744 -1.08750304 -0.57619918 -0.56991146 -0.62366811
 -0.72471588 -0.57943678 -0.50509553 -0.70174945 -0.79707749 -0.73778151
 -0.51832278 -0.72059371 -0.72278427 -0.50475602 -0.71922669 -0.5268684
 -0.68294943 -0.72762042 -0.85302276 -0.37366794 -0.78649585 -0.90259917
 -0.76166402 -0.71104551 -0.69846867 -0.7309081  -0.63481925 -0.71400314
 -0.4507991  -0.66949799 -0.52534253 -0.62676639 -0.75680767 -0.72875669
 -0.72976693 -0.67142285 -0.64460862 -0.45199627 -0.5209284  -0.75784049
 -0.62595875 -0.74287087 -0.7293166  -0.64822827 -0.78753315 -0.84283445
 -0.539647   -0.59238318 -0.50110874 -0.6043887  -0.6022371  -0.67739201
 -0.69553415 -0.40627049 -0.66236578 -1.0361891  -0.61828634 -0.70632987
 -0.93052713 -0.75673984 -0.81382571 -0.61242039 -0.69604    -0.7339883
 -0.82220928 -0.60672814 -0.78399861 -0.61441288 -0.34536807 -0.60020098
 -0.63903232 -0.61293701 -0.42645667 -0.68832977 -0.57656694 -0.80912268
 -0.7384179  -0.71562989 -0.69102987 -0.75761646 -0.57262491 -0.89683883
 -0.36586034 -0.72055712 -0.49665067 -0.35549211 -0.46326548 -0.88325104
 -0.59828112 -0.72817312 -0.75018251 -0.61404297 -0.61542535 -0.70811452
 -0.61543497 -0.55451907 -0.67865658 -0.71942021 -0.42728173 -0.6183504
 -0.58654782 -0.13603837 -0.85829516 -0.73180786 -0.63995859 -0.88554084
 -0.19527909 -0.72231849 -0.51752789 -0.66906289 -0.47079643 -0.70886137
 -0.96543146 -0.78178036 -0.40665968 -0.73629951 -0.73498619 -0.51113744
 -0.66798848 -0.69326372 -0.66393114 -0.64272169 -0.61631185 -0.38010939
 -0.87250561 -0.75878958 -0.51986102 -0.7421131  -0.89764154 -0.5700823
 -0.37635038 -0.66281992 -0.72095192 -0.61200151 -0.72445203 -0.68277334
 -0.80368234 -0.65183566 -0.76881419 -0.66414201 -0.50431092 -0.61738504
 -0.61964876 -0.42362129 -0.61067822 -0.82060609 -0.6426594  -0.26366333
 -0.68279802 -0.54198163 -0.71806889 -0.66969964 -0.47650493 -0.54380661
 -0.52535332 -0.78335553 -0.53198399 -0.47017876 -0.72755373 -0.53738004
 -0.64614946 -0.50341306 -0.70660265 -0.55305266 -0.72310882 -0.62950722
 -0.40475783 -0.46313056 -0.58244512 -0.65643007 -0.7187653  -0.84979515
 -0.37024579 -0.74444197 -0.38230606 -0.64725996 -0.89766838 -0.90272416
 -0.54518018 -0.55978649 -0.65383259 -0.59771883 -0.80173868 -0.93437043
 -0.68610369 -0.77918302 -1.0007052  -0.75645193 -0.67499256 -0.74841766
 -0.96261438 -0.76803054 -0.57395581 -0.78895335 -0.7318436  -0.72356822
 -0.72346634 -0.69615676 -0.66932616 -0.73028934 -0.68190046 -0.6926803
 -0.73617456 -0.48439285 -0.8046836  -0.227064   -0.44889451 -0.54881852
 -0.61292822 -0.22189706 -0.47667756 -0.42045251 -0.44533616 -0.27073802
 -0.41606683 -0.45670897 -0.28964472 -0.18612261 -0.29008704 -0.29747668
 -0.05688643 -0.26001546 -0.53133206 -0.53700355 -0.34109412 -0.36126596
 -0.4091029  -0.55722348 -0.53146534 -0.65869962 -0.34340764 -0.46786114
 -0.16836186 -0.5070979  -0.57829756 -0.54172257 -0.52163007 -0.52752878
 -0.30718144 -0.56307934 -0.32313218 -0.48473047 -0.52066112 -0.51604351
 -0.56307447 -0.5309382  -0.55838192 -0.48753779 -0.77183744 -0.84212124
 -0.64021899 -0.66766251 -0.80679078 -0.67480079 -0.68941419 -0.72682604
 -0.70244757 -0.69309524 -0.60458316 -0.63970263 -0.77690497 -0.73372574
 -0.68087472 -0.73017511 -0.70868172 -0.68247253 -0.63726137 -0.69615717
 -0.61088411 -0.65874682 -0.54995867 -0.77699263 -0.63936516 -0.7113341
 -0.82570507 -0.65694173 -0.54237671 -0.78278409 -0.62413739 -0.65732436
 -0.74729151 -0.71833063 -0.61873606 -0.66240473 -0.74203322 -0.67282817
 -0.65043131 -0.70615526 -0.7966631  -0.70008876 -0.68454525 -0.76782137
 -0.55972593 -0.76964171 -0.72406569 -0.62305777 -0.63604102 -0.64358064
 -0.60264881 -0.72575806 -0.62114138 -0.68919736 -0.69459692 -0.65961733
 -0.58103411 -0.82918356 -0.60009026 -1.00776687 -0.68035464 -0.59814735
 -0.78378253 -0.60013229 -0.75054448 -0.71935815 -0.6999417  -0.67703322
 -0.82415252 -0.74712335 -0.87513439 -0.9766057  -0.61439805 -0.74659053
 -0.7122945  -0.61165047 -0.65582927 -0.67580132 -0.75211891 -0.7329804
 -0.72126735 -0.71325847 -0.77840836 -0.88084251 -0.68502766 -0.67298087
 -0.70419845 -0.75608923 -0.74036281 -0.72205896 -0.76168867 -0.64867618
 -0.77067635 -0.70855957 -0.74151472 -0.69248061 -0.69236823 -0.7644634
 -0.66011738 -1.00158441 -0.78314988 -0.6280209  -0.66574835 -0.68397676
 -0.86490034 -0.7965623  -0.65165652 -0.60686844 -0.76478904 -0.96956394
 -0.67615244 -0.82804815 -1.12806404 -0.81240445 -0.98732502 -0.82736633
 -0.63866471 -0.61992305 -0.79533569 -0.83343814 -1.01670828 -0.62533113
 -0.90189939 -0.50046893 -0.89025466 -0.98477817 -0.91466681 -0.78047361
 -0.79891182 -0.68204401 -0.78587814 -0.85056846 -0.6796098  -0.7016818
 -1.48903818 -0.87488211 -0.52508711 -0.44691696 -0.52631926 -0.55492235
 -0.52428946 -0.50446309 -0.24502323 -0.53066392 -0.46187208 -0.37656527
 -0.56687589 -0.27026042 -0.51323937 -0.54674732 -0.48833981 -0.42386017
 -0.5597362  -0.53274415 -0.5987645  -0.48209608 -0.50485251 -0.41087095
 -0.46888324 -0.47191689 -0.45511516 -0.35948311 -0.58326585 -0.35207369
 -0.50639894 -0.42534592 -0.54216777 -0.51201881 -0.39517765 -0.4895677
 -0.37337226 -0.524128   -0.55338301 -0.75174075 -0.60677858 -0.63429853
 -0.75204945 -0.75338134 -0.61183503 -0.70343472 -0.70887043 -0.60865768
 -0.65869733 -0.54443651 -0.72122957 -0.68252272 -0.60697173 -0.68714108
 -0.60004696 -0.69048452 -0.62793346 -0.66055977 -0.6420779  -0.76771821
 -0.65748727 -0.69466076 -0.68401453 -0.78178098 -0.77233816 -0.66906234
 -0.67650999 -0.64987312 -0.71083012 -0.6856116  -0.77391157 -0.80524657
 -0.5764529  -0.60027335 -0.64990968 -0.72582153 -0.61432388 -0.61374947
 -0.63246162 -0.70265365 -0.60937765 -0.6989189  -0.7478343  -0.56805691
 -0.61541158 -0.69728247 -0.61061918 -0.605864   -0.56273192 -0.69789774
 -0.69412032 -0.63078247 -0.64862967 -0.53356222 -0.63913663 -0.71527339
 -0.36261881 -0.33853371 -0.36740752 -0.28156739 -0.3982565  -0.38742224
 -0.29403264 -0.4351935  -0.39548637 -0.3864479  -0.39806705 -0.4112119
 -0.45626207 -0.46667968 -0.38727695 -0.38432768 -0.49056029 -0.42515062
 -0.24876399 -0.40880858 -0.35259423 -0.49024463 -0.45155298 -0.39612758
 -0.40458754 -0.28276043 -0.37065175 -0.47788617 -0.37939229 -0.50880303
 -0.4245037  -0.44820549 -0.43390551 -0.37238354 -0.40077901 -0.42340316
 -0.38450957 -0.37170038 -0.33649436 -0.39155608 -0.50284853 -0.41471547
 -0.37560378 -0.34188118 -0.39116263 -0.42029367 -0.35740985 -0.45264065
 -0.33607855 -0.49898113 -0.30890467 -0.5040266  -0.41691069 -0.42788791
 -0.33522299 -0.3734256  -0.42081368 -0.31601788 -0.40386493 -0.44806341
 -0.40777035 -0.39278534 -0.39839287 -0.30044019 -0.48669798 -0.29952934
 -0.42611291 -0.3759082  -0.39949375 -0.35221115 -0.42557151 -0.3898662
 -0.72130987 -0.44063181 -0.58645847 -0.57159115 -0.55092913 -0.35711197
 -0.55019241 -0.47584122 -0.44798144 -0.45718745 -0.51021028 -0.41352202
 -0.50227632 -0.37975369 -0.49392642 -0.4890126  -0.50864655 -0.3368445
 -0.56521985 -0.54230922 -0.499462   -0.45656028 -0.41608056]



*************************************************************
MODEL ERRORS (of CLIPPED predictions): 
 
[2.27568299e-02 7.12480173e-02 8.50696191e-02 2.05412433e-02
 2.06592511e-02 3.88854355e-01 7.16642961e-02 2.28237547e-02
 6.28144145e-02 3.36939692e-02 3.76787446e-02 3.51767219e-03
 5.74856736e-02 1.32194608e-01 3.32654342e-02 1.75401997e-02
 6.67456761e-02 3.10655013e-02 1.13681573e-02 4.30186391e-02
 2.68627293e-02 1.20816343e-01 9.28911790e-02 1.59753710e-01
 1.11931309e-01 1.55298710e-02 1.62688345e-01 1.47985831e-01
 1.15312114e-02 7.06816912e-02 8.57852995e-02 1.01439483e-01
 6.09137118e-02 4.48050611e-02 4.83044870e-02 9.44747552e-02
 7.42070526e-02 3.50287966e-02 8.48081987e-03 1.18858121e-01
 3.94968875e-02 6.74853176e-02 1.88262761e-01 4.73989174e-02
 2.13998859e-03 1.01705089e-01 1.95250548e-02 6.39658496e-02
 9.67031345e-02 1.09460138e-01 5.20457961e-02 1.51071558e-02
 2.28979453e-01 5.31440340e-02 9.20742676e-02 2.57531763e-03
 7.99889397e-03 4.50995890e-03 4.73765098e-02 2.30940253e-01
 4.25780714e-02 7.83441886e-02 3.29287089e-02 3.03682499e-02
 5.04186261e-04 3.52178693e-01 9.43305716e-02 1.63689643e-01
 1.67198166e-01 1.94775924e-01 2.30394360e-02 1.20778486e-01
 1.96476132e-01 1.19626559e-01 1.24226555e-01 6.18522689e-02
 4.27591130e-02 7.12368414e-02 7.64852986e-02 2.65819803e-02
 2.54095942e-01 9.40385982e-02 1.44964501e-01 1.29049405e-01
 1.38047365e-02 7.52227455e-02 1.67726949e-01 1.85871080e-01
 1.24329859e-02 1.27339184e-01 6.89541996e-02 1.16413563e-01
 1.07442975e-01 1.19871534e-01 8.24142341e-03 2.01947048e-01
 1.29194967e-02 1.86910406e-02 9.62826516e-03 2.20799297e-02
 6.01225533e-02 1.00603856e-01 8.97760391e-02 3.78440507e-02
 6.95184916e-02 8.05281550e-02 7.71532729e-02 1.04736956e-02
 5.47849797e-02 8.06569457e-02 1.18243480e-02 3.70580703e-02
 5.39359972e-02 5.70613611e-03 5.62264137e-02 4.71386826e-03
 9.94283035e-02 8.20336416e-02 4.79418114e-02 5.88843524e-02
 2.62149453e-01 3.78509164e-02 1.17348954e-01 5.63313141e-02
 1.68471649e-01 7.69955060e-03 3.25469859e-02 1.30501762e-03
 2.97481543e-03 1.96042494e-03 2.19585914e-02 1.72377005e-01
 2.87525430e-02 1.46063576e-02 1.36545435e-01 7.24162012e-02
 7.05202818e-02 8.81881826e-03 1.58318207e-02 8.51908419e-03
 1.15740590e-01 9.48525965e-02 1.37544796e-01 1.78067491e-03
 1.24686018e-01 6.54645860e-02 8.12084600e-02 5.82936257e-02
 7.28381351e-02 1.31414039e-02 7.03008622e-02 2.73042452e-02
 9.33213718e-03 2.93488745e-02 4.25882898e-02 4.04881090e-02
 4.37340792e-03 3.20098281e-01 3.40785421e-02 7.40946308e-02
 4.35867682e-02 2.40012761e-02 6.29589632e-02 1.01602562e-01
 5.36555722e-02 2.81635337e-02 3.69792730e-02 5.76626547e-02
 5.15305763e-03 2.70266347e-02 4.21923697e-02 8.53164122e-02
 3.37259173e-02 9.63849500e-02 1.97491478e-02 1.29178381e-02
 8.60168636e-02 7.35398158e-02 1.68920532e-02 9.16101560e-02
 6.31892085e-02 6.83415011e-02 9.40452442e-02 6.59030676e-02
 5.97242452e-02 1.58086106e-01 1.28875198e-02 5.86273195e-03
 8.87942910e-02 4.09776568e-02 3.93397510e-02 8.27726051e-02
 1.39335841e-01 9.51474300e-04 2.09021028e-02 1.77762076e-01
 9.95659083e-03 2.22493023e-01 1.87304672e-02 1.43266290e-01
 6.33040965e-02 5.63349156e-03 9.85014141e-02 8.65091980e-02
 1.14239799e-02 6.20454401e-02 8.25081859e-03 7.12465867e-02
 2.68461909e-02 2.60336082e-02 6.55512288e-02 6.78329319e-02
 2.06436709e-01 1.59272850e-01 8.41565952e-02 3.73840705e-02
 1.13211367e-02 7.83327743e-02 3.48391458e-02 9.19188038e-02
 1.00544363e-01 1.01637609e-01 5.62545732e-02 1.08442917e-01
 2.30129957e-02 8.67143944e-02 7.53505677e-02 1.06566325e-01
 9.08199772e-02 2.20368039e-02 1.00391813e-01 8.10296014e-02
 1.83002073e-02 3.30569893e-02 1.52763113e-01 2.73719970e-02
 2.48487554e-02 2.86859404e-02 1.92892514e-02 2.00835109e-01
 1.97403550e-01 6.57264814e-02 1.49051666e-01 4.50809970e-02
 6.75157979e-02 3.08718737e-02 1.08346693e-01 1.01045623e-01
 1.65751278e-02 1.63581908e-01 4.81540663e-03 6.08034134e-02
 5.22466153e-02 1.59698606e-01 9.32671800e-02 1.27102256e-01
 3.02955750e-02 2.27405149e-02 2.96400432e-02 7.43976533e-02
 1.06876660e-02 3.85150835e-02 1.49817690e-01 1.42081343e-02
 6.25761673e-02 1.23554980e-02 2.27979608e-02 1.21129468e-01
 1.75409168e-01 1.17735825e-01 6.58303052e-02 5.55730946e-02
 1.97437212e-01 8.90943334e-02 6.78338856e-02 1.31418496e-01
 6.44293949e-02 3.03315371e-02 7.68772513e-02 1.03566952e-01
 1.08981118e-01 6.59332499e-02 7.90822040e-03 2.50458624e-02
 1.12055071e-01 8.50346982e-02 1.00796781e-01 7.32693821e-02
 1.55655697e-01 8.86787623e-02 1.19506530e-02 7.21088648e-02
 1.60700381e-01 2.28874199e-02 2.16302685e-02 5.40413447e-02
 1.98516771e-02 8.92935172e-02 5.93363158e-02 2.09045573e-03
 6.50070459e-02 6.38721585e-02 1.15346024e-02 8.99845585e-02
 3.61296460e-02 2.33060032e-01 4.94437031e-02 3.22212167e-02
 1.26702845e-01 1.11886010e-01 9.73759070e-02 3.73274125e-02
 1.71356305e-01 7.15361834e-02 1.23351611e-01 7.77831580e-03
 1.05304718e-01 1.46931615e-02 6.22528717e-02 7.32399232e-04
 5.91453910e-02 1.03341661e-01 2.53675450e-02 1.09572366e-01
 2.16057003e-01 2.22316831e-02 1.06733292e-01 6.88059255e-02
 3.10817733e-02 1.21271729e-01 1.14612237e-01 2.01914355e-01
 6.11842014e-02 4.26434539e-02 7.93699622e-02 1.14413790e-01
 3.12969014e-02 7.71815330e-02 9.58501175e-03 6.36325851e-02
 4.65899333e-02 1.11122439e-02 6.20043837e-02 1.23158013e-02
 4.61741863e-03 2.26040762e-02 8.11263099e-02 7.03478679e-02
 6.86988160e-02 1.69141602e-03 7.08522350e-02 5.32980077e-04
 3.65095511e-02 1.76470596e-02 3.87660675e-02 5.98264523e-02
 4.64615524e-02 6.60385145e-03 1.73227862e-01 4.25286256e-02
 6.86326176e-02 1.92238074e-02 6.29335493e-02 2.01887533e-01
 2.75107827e-02 1.91139176e-01 3.71658546e-03 9.76428576e-03
 2.34738633e-01 2.86076069e-02 1.86848100e-02 2.21838951e-02
 1.28772818e-02 9.03590918e-02 3.20683271e-02 2.90209595e-02
 9.46431905e-02 1.04991011e-01 4.61124852e-02 3.09675839e-02
 1.14538538e+00 1.15689613e-01 2.90627927e-01 1.64344788e-01
 1.31091818e-01 1.32941812e-01 9.04659107e-02 4.11248244e-02
 1.58128709e-01 1.56622812e-01 4.63375598e-02 1.44814104e-01
 7.27443174e-02 4.92895097e-02 5.04852924e-03 5.69052249e-02
 2.41690464e-02 2.38083199e-01 3.02457735e-02 1.69394210e-01
 4.61411104e-02 1.17881000e-01 1.27518475e-01 1.09343305e-01
 2.32787251e-01 2.31713187e-02 2.19605886e-03 4.44553904e-02
 1.95225962e-02 2.33565271e-02 4.55719978e-02 4.98274714e-02
 1.26135826e-01 4.69209142e-02 9.25763845e-02 1.41213953e-01
 2.12932542e-01 6.11231886e-02 5.29924966e-02 2.52163470e-01
 6.97516426e-02 7.75591657e-02 1.66323274e-01 3.70401703e-02
 3.02837677e-02 1.19792866e-02 6.90440312e-02 3.63942049e-02
 3.38604562e-02 1.38062323e-02 7.50549734e-02 1.02719620e-01
 8.35018307e-02 8.87118280e-03 6.83399439e-02 4.93249893e-02
 1.08265057e-01 4.78644148e-02 2.16090698e-02 1.07429009e-02
 1.88482717e-01 2.15241313e-01 7.11507397e-03 4.08323437e-01
 6.14350922e-02 9.36717689e-02 3.62056047e-01 1.02001801e-01
 1.61515623e-01 9.11440477e-02 3.58884670e-02 8.57445896e-02
 7.20902681e-02 9.09214243e-02 2.42967308e-01 2.85741920e-03
 1.40909836e-01 1.09487891e-01 2.32100729e-02 2.35280380e-01
 2.03070939e-01 5.37544563e-02 5.19017838e-02 7.74485916e-02
 3.22449170e-02 3.72355990e-02 1.30786421e-02 2.73553312e-01
 4.02993038e-02 1.50109619e-01 8.24843943e-02 7.51706362e-02
 2.11318359e-01 1.19981080e-01 1.16504930e-01 5.67983203e-02
 1.52218267e-01 2.24479005e-01 1.62541926e-01 1.41872093e-01
 3.72645096e-04 4.22396883e-02 2.65665036e-02 1.51051804e-02
 2.97483020e-02 8.72540846e-02 1.95771605e-02 2.51730103e-02
 5.25595434e-03 1.66598000e-02 1.25224471e-01 1.19407259e-01
 2.04828605e-02 2.67242819e-01 9.07976832e-03 2.06291955e-02
 4.13584039e-02 1.92902953e-04 9.66676250e-02 1.94331389e-02
 2.13018984e-01 1.40368178e-01 7.28626773e-02 3.73296589e-02
 2.08078139e-02 2.23847572e-02 5.23900688e-02 1.40485629e-01
 1.20977126e-01 5.62051199e-02 5.09071983e-02 2.59561688e-02
 6.64225072e-02 1.60193443e-01 1.16696097e-01 7.83226117e-02
 9.28605273e-02 7.82785043e-02 5.65707609e-02 9.12855566e-02
 9.51423496e-02 1.14633225e-01 1.98676884e-02 1.71787784e-01
 5.16507924e-02 6.40708581e-02 3.07044461e-02 8.24307129e-02
 6.37392402e-02 6.54836148e-02 1.20571755e-01 4.08857800e-02
 2.72079348e-03 2.76110917e-01 3.07639036e-02 8.77408385e-02
 3.66447493e-02 7.55747547e-03 5.69782369e-02 9.83772650e-02
 4.73014154e-02 9.63617489e-03 2.38494545e-01 1.71176028e-02
 4.74158637e-02 2.18614470e-03 1.41009003e-01 5.85333072e-02
 1.00285798e-01 5.86341210e-02 1.07225701e-01 5.65627739e-02
 2.99966633e-02 7.13413535e-03 9.29297209e-02 7.90340379e-02
 8.72664228e-02 6.24805614e-02 4.38117348e-02 1.32812232e-01
 3.00677679e-02 5.26963174e-02 2.17677024e-03 5.63766398e-02
 5.58107607e-02 7.92104006e-02 2.29354966e-02 1.56447534e-02
 1.84842627e-02 7.86812156e-02 6.71181548e-03 4.93247770e-02
 1.93608776e-02 4.20085117e-02 2.72356868e-02 3.72930653e-02
 1.45174544e-02 1.06701732e-01 6.45947829e-02 1.15389369e-01
 6.40351325e-02 5.24825156e-02 6.84699863e-02 4.56209779e-02
 1.13688840e-03 5.58612868e-02 3.02620269e-02 4.87801358e-02
 6.21459745e-02 3.24175954e-02 2.16226086e-01 2.83010770e-02
 2.38753468e-01 1.05250282e-02 5.92060685e-02 6.21491186e-02
 1.14804544e-01 9.70954224e-02 4.22776639e-02 3.87911983e-02
 1.64193302e-01 7.26699904e-02 1.03117257e-01 1.28705529e-02
 1.07335806e-01 5.46445362e-02 1.79523706e-01 2.53907945e-02
 5.53185083e-02 3.07473540e-02 3.13691758e-02 3.75425816e-02
 5.24714664e-02 8.56689364e-02 7.72013236e-03 3.29851694e-02
 1.32891666e-02 2.38579866e-02 9.16670822e-03 1.43119623e-03
 1.15929179e-01 7.68223554e-02 2.39577983e-02 6.81646466e-02
 1.56811208e-01 6.80742785e-02 6.75749928e-02 5.50879687e-02
 6.99128732e-02 4.00286652e-02 1.07478909e-01 3.62026729e-02
 5.84156811e-02 2.65903026e-01 5.31784445e-02 1.57863095e-01
 7.39533678e-02 1.55214975e-02 9.17484518e-03 1.89993270e-02
 5.85275628e-02 1.03255682e-01 1.04996167e-01 5.00123911e-02
 4.43153753e-04 5.72572760e-02 1.09994367e-01 9.30912886e-03
 5.61974086e-02 1.45549458e-02 2.98306458e-02 4.02224213e-02
 1.17499806e-01 1.31932452e-01 1.20871134e-01 6.73335642e-02
 7.34559298e-02 8.87467116e-02 6.30575120e-02 4.22265492e-02
 3.58959138e-02 9.42858215e-03 5.64181544e-02 7.61941597e-02
 1.44898981e-01 1.25704473e-02 7.37564862e-02 2.91781244e-03
 1.90549754e-02 5.39220870e-02 2.05353983e-02 6.97986260e-02
 1.46813467e-01 3.00607067e-02 1.76091362e-02 6.27582446e-02
 1.76773057e-03 6.35075942e-02 1.14986584e-01 1.44663602e-01
 1.31461548e-03 9.31415930e-02 5.57889557e-03 6.96319193e-02
 2.78200153e-02 6.05897307e-02 2.02294905e-02 2.94472766e-03
 7.90470093e-03 2.84560397e-03 2.73184199e-02 5.56863397e-02
 9.76186246e-03 2.84408126e-02 7.48852640e-02 6.87672347e-02
 8.70929211e-02 5.93416393e-02 1.11817919e-01 9.53818113e-02
 3.54719092e-03 5.57735935e-02 1.04669906e-01 3.05722862e-01
 1.26784900e-02 1.02584288e-01 2.25719828e-02 1.13012597e-01
 6.96844310e-02 2.00399477e-02 1.98665082e-01 1.06359325e-01
 5.94621152e-02 3.15020010e-02 4.11309116e-02 1.00646466e-01
 8.01144019e-02 1.47190586e-01 3.55007276e-02 1.48934543e-01
 6.39006793e-02 1.77859187e-01 1.20812871e-01 8.36561322e-02
 4.56065424e-02 6.02016151e-02 3.93810272e-02 5.05531626e-03
 6.50473163e-02 1.59324035e-02 4.87751476e-02 6.54568374e-02
 8.51616487e-02 2.18307540e-01 1.22879799e-02 1.88667938e-01
 1.02902524e-01 1.05898641e-01 7.74785876e-02 1.07609205e-01
 1.96511392e-02 9.34870914e-02 3.89379300e-02 1.39374880e-03
 3.77929471e-02 3.96562479e-02 2.57775411e-02 3.73516157e-02
 6.33578971e-02 1.93209350e-02 1.66779850e-02 1.14342272e-01
 1.07375737e-02 2.12849472e-02 7.25135058e-02 8.79976451e-02
 5.44823296e-02 1.13358581e-03 2.99874600e-02 2.35906579e-02
 2.48306594e-03 5.98594807e-02 6.28756185e-04 1.52248845e-01
 1.41225988e-02 2.88114473e-02 4.70719598e-02 6.66338503e-02
 4.50578369e-02 1.58888358e-03 4.68883477e-02 5.61540574e-02
 4.76600192e-02 3.93012650e-02 1.62249152e-02 2.44244356e-02
 4.33103330e-02 6.96469471e-02 2.33476534e-02 3.44542973e-02
 2.21723244e-02 7.04462677e-02 5.00955097e-02 8.60484019e-02
 4.60071377e-02 2.21124627e-02 1.13803715e-01 4.41360176e-02
 1.89825315e-02 5.19767255e-02 5.27527146e-02 1.57146696e-02
 6.36111349e-02 2.89111752e-02 3.89941782e-02 1.22873913e-02
 4.75459509e-02 5.27957978e-04 2.26218291e-02 7.16768131e-02
 1.00512043e-01 1.55400969e-02 2.92156059e-02 2.05791861e-01
 5.67411678e-03 5.66155352e-02 2.71613020e-02 3.54902484e-02
 5.10863448e-03 1.93436131e-01 1.63849089e-02 7.08757043e-02
 9.73510444e-02 8.94461107e-03 6.36126101e-02 2.26363353e-02
 8.67304876e-02 2.51154955e-02 5.98413050e-02 6.94247112e-02
 2.98018530e-02 1.25138134e-01 3.34012322e-02 1.39231682e-01
 6.03730753e-02 8.92365351e-03 2.16431636e-02 4.97281253e-02
 6.38438091e-02 7.29432330e-02 6.76768571e-02 2.73897629e-02
 5.05074933e-02 7.03094155e-03 6.29345747e-03 9.52022225e-02
 2.30590090e-01 4.05019373e-02 1.98512748e-02 7.62220845e-02
 1.54493421e-01 6.31343126e-02 2.99590286e-02 1.65588319e-01
 2.70152912e-02 4.44723759e-03 2.46147439e-03 3.40895988e-02
 2.04390883e-02 7.98310563e-02 8.33220407e-02 7.74624720e-02
 2.93196794e-02 3.41201797e-02 5.76127805e-02 6.98093250e-02
 3.74728888e-02 1.79981848e-03 9.57361981e-03 1.17543293e-02
 1.33631915e-01 1.07615571e-02 7.03560114e-02 7.67549779e-03
 5.32994419e-03 1.63359456e-02 1.18481278e-01 4.87286784e-02
 1.45680569e-02 5.07793725e-02 1.03807235e-02 8.05292502e-02
 7.93821737e-02 1.92534819e-01 1.00006303e-02 1.13518804e-01
 9.42991152e-02 3.21354754e-02 4.94455062e-02 1.42047997e-03
 2.33606696e-02 3.50093037e-01 4.17235196e-02 5.22269532e-02
 4.45075333e-02 5.59309982e-02 2.29728892e-02 1.21100331e-02
 1.22288766e-03 7.80412704e-02 5.16797192e-02 1.13081411e-01
 3.91721688e-02 3.45646031e-02 6.53546453e-02 1.40216912e-03
 2.50907931e-02 6.28947690e-02 3.86394709e-02 2.64684074e-02
 9.51283500e-02 6.41364828e-02 2.04702348e-01 5.22584580e-02
 2.93975156e-02 1.94282904e-02 7.55965635e-02 3.89404260e-02
 8.94337893e-03 2.12560166e-02 6.24064244e-02 6.24015927e-02
 3.14488411e-02 3.02677099e-02 5.08476309e-02 2.20459746e-03
 1.01139270e-01 8.52891989e-03 7.55112171e-02 3.46979499e-02
 8.16234201e-02 4.27153520e-02 3.21204849e-02 5.94045557e-02
 2.79793097e-03 6.05985448e-02 2.55904626e-02 1.31809860e-02
 1.81164537e-02 2.72151623e-02 1.10913860e-02 1.48572192e-01
 4.43920866e-02 8.13943371e-02 4.91936766e-02 4.45522591e-02
 1.03352748e-01 1.33022387e-02 4.93952595e-02 5.06672114e-02
 2.32468285e-02 7.34507591e-02 3.49725261e-02 2.58476064e-02
 8.19156542e-02 7.11872280e-02 8.99687782e-03 1.41734317e-01
 2.80398596e-02 4.14404646e-02 7.26005882e-02 2.54112482e-02
 6.19061552e-02 1.51513770e-01 3.69497873e-02 5.05052954e-02
 9.20349136e-02 1.24550462e-02 3.06636132e-02 7.35789239e-02
 1.88317951e-02 2.98275379e-03 1.76477566e-01 1.52323931e-01
 4.94807474e-02 5.25604449e-02 5.59124760e-02 1.09980598e-01
 4.53260019e-02 4.14884724e-02 1.56929299e-01 3.38137373e-02
 4.49837232e-03 3.02905459e-02 3.58893648e-02 1.65159442e-02
 2.92094257e-02 1.21983074e-01 1.74099463e-03 2.05149129e-01
 2.43345887e-04 1.12591824e-03 2.08437696e-01 9.60765034e-02
 7.25471750e-02 1.32347718e-02 5.89467622e-02 1.20653160e-01
 6.62408322e-02 5.02671860e-02 7.56655857e-02 1.02317426e-02
 2.01107502e-01 2.10559256e-02 4.25807871e-02 5.98968826e-02
 1.87383547e-01 1.51432399e-03 1.16129713e-02 3.55778784e-02
 4.40471480e-03 4.25328538e-02 3.58437657e-01 1.80526927e-01
 2.54968256e-02 7.19363764e-02 9.29345712e-02 7.60332718e-02
 8.37184116e-03 8.24794844e-02 6.22813106e-02 1.02191083e-02
 1.39168352e-02 1.32548157e-02 1.06757814e-02 2.22002611e-01
 3.26811820e-02 1.37427330e-01 5.95912291e-03 3.44932154e-02
 7.51888752e-02 7.01819211e-02 2.40740076e-01 1.16677113e-01
 1.25026688e-01 5.90955429e-02 1.04576789e-01 1.50676072e-01
 1.39548592e-02 3.60786170e-02 1.37932688e-01 9.59048718e-02
 1.90088749e-01 7.71956071e-02 6.50008991e-02 2.10092999e-02
 2.76872981e-02 1.39931381e-01 2.68018097e-01 4.58982289e-02
 1.69491954e-02 2.42077738e-01 9.03905705e-02 1.57110617e-02
 1.50318677e-02 9.96841788e-02 1.33120775e-01 6.83121234e-02
 7.93998316e-02 5.02866395e-02 2.75466830e-01 5.32809980e-02
 2.06181984e-02 6.96906894e-02 1.72691531e-02 2.31275156e-01
 7.24756867e-02 5.32293878e-02 1.59793254e-02 1.77348047e-04
 1.03357367e-01 2.32307781e-02 9.06255171e-02 2.80681942e-02
 2.07329355e-02 1.26978099e-01 1.71353951e-01 6.44029081e-02
 1.66474625e-01 4.04335745e-02 6.93795905e-02 9.77642909e-02
 1.00001447e-01 3.65509652e-02 1.68638781e-01 2.36804914e-02
 1.78461120e-01 1.61761522e-01 6.79992512e-02 1.35156900e-01
 6.33146614e-02 4.07031784e-03 1.75364316e-01 1.88518632e-02
 6.32669926e-02 1.56100318e-01 1.01003386e-02 7.29901996e-03
 9.66283157e-02 8.48589912e-02 3.28910016e-02 1.26968697e-01
 1.45400455e-02 5.16194999e-02 3.62322368e-02 2.33664751e-01
 4.42171022e-02 3.98776270e-02 1.54992476e-01 2.16365337e-01
 9.94304121e-02 6.08748607e-02 7.39548579e-02 2.95770783e-02
 1.13901012e-01 8.09309781e-02 2.76200511e-02 1.30999452e-02
 4.72204722e-02 6.88110059e-03 3.24230306e-02 1.35986283e-01
 1.87766384e-02 7.71047026e-02 1.50145173e-01 3.55874263e-02
 2.10957050e-01 6.77221715e-02 2.02132352e-02 2.72143930e-01
 6.42138720e-02 1.24039397e-01 2.20685557e-01 1.51401967e-01
 1.77836120e-01 6.36018440e-02 2.78408341e-02 3.32240993e-03
 8.23713616e-02 1.17560104e-01 1.31181538e-01 8.67814571e-02
 2.06249624e-01 1.56271905e-01 1.02903627e-01 1.34732187e-01
 9.80450734e-02 3.26784104e-02 8.88158828e-02 7.58869722e-02
 1.52078584e-01 1.37494579e-01 5.87755404e-02 1.37126623e-02
 5.13818376e-02 1.35617247e-02 1.69640668e-02 1.16444170e-01
 7.46340752e-02 4.30434430e-03 3.66055705e-02 3.46899666e-02
 7.57522823e-04 2.18781345e-02 9.88636836e-02 6.21647723e-02
 5.81621453e-02 4.75341594e-03 1.25897095e-01 8.43686610e-02
 1.71596244e-01 8.89726076e-03 6.01390004e-02 9.73583609e-02
 4.90320139e-02 1.20931584e-02 7.95864239e-02 4.31277603e-03
 1.14106491e-01 2.80380547e-02 9.56521928e-02 1.86354533e-01
 1.06065590e-02 1.66648224e-01 1.32908905e-02 1.07378140e-01
 1.66768376e-02 7.03501515e-03 4.68110666e-02 1.07167743e-01
 5.58764525e-02 1.03518434e-01 7.27220848e-02 1.32051632e-01
 4.50166240e-02 7.44033605e-02 3.64369638e-02 3.99349108e-02
 7.88267050e-03 6.99558184e-02 3.38529311e-02 4.74978052e-02
 1.84794664e-01 4.89380471e-02 1.06851337e-02 6.72557112e-03
 6.56049103e-02 2.02054139e-02 5.88601008e-02 2.27459185e-02
 1.00833759e-01 2.98801400e-02 8.86281729e-02 5.09608090e-02
 4.11467478e-02 2.06888355e-02 1.38280336e-02 7.12982416e-02
 4.94132936e-02 3.69225889e-02 7.89917633e-02 2.59730965e-02
 6.34691343e-02 5.56484945e-02 3.28691825e-02 1.27237290e-02
 7.58298486e-02 3.84230390e-02 2.77295168e-02 4.01817597e-02
 7.35895261e-02 2.98795458e-02 7.64220655e-02 5.81593886e-02
 1.10232681e-01 7.23340958e-02 1.68415815e-01 2.59540714e-02
 1.17918579e-02 6.70523243e-03 5.41788712e-02 1.89161021e-02
 8.33811834e-02 4.38139699e-02 6.10541813e-02 2.87587680e-02
 6.40041754e-02 6.54981211e-02 1.05982684e-01 2.71815318e-03
 1.20224711e-02 1.43070921e-01 1.60682246e-01 5.84740099e-03
 2.71089487e-02 1.33402869e-01 3.13008167e-02 1.82641372e-02
 1.00426234e-01 5.72300069e-02 5.84085137e-02 9.72550828e-03
 6.53029606e-02 7.79975206e-02 3.54775414e-02 2.83073932e-02
 2.30258075e-03 4.91901450e-02 4.52857651e-02 2.12554559e-02
 7.45438412e-02 3.32373194e-02 3.49051319e-02 1.40092179e-01
 5.04371822e-02 9.81359929e-02 3.05643473e-02 1.18566835e-02
 9.51517746e-02 1.04345217e-01 3.89596298e-02 7.49126151e-02
 1.06810909e-02 9.35114771e-02 1.49868026e-01 8.51178616e-02
 2.80141775e-02 3.03486306e-02 4.50063944e-02 7.00791106e-02
 4.21047099e-02 2.34226510e-02 2.05677319e-02 6.97027147e-02
 4.26439680e-02 4.55043418e-03 8.49019215e-02 4.58399160e-03
 7.20560402e-02 1.43628689e-02 2.79459059e-02 6.40875548e-02
 1.15498742e-02 6.77852109e-02 1.29500590e-02 1.73813831e-02
 1.45857567e-02 4.28954735e-02 8.88103768e-02 6.47575557e-02
 2.61239037e-02 7.30468854e-02 8.70738178e-02 4.18228358e-02
 9.16761905e-02 1.41796600e-02 1.44358082e-02 2.96668299e-02
 5.84837012e-02 8.48720819e-02 2.18736790e-02 4.02512290e-02
 4.83624451e-02 6.39572889e-02 4.29699756e-02 4.74430509e-02
 3.42349894e-02 3.46031860e-02 1.14087984e-01 9.80655011e-03
 2.49995999e-02 4.58262451e-02 3.59420441e-02 3.00019910e-05
 4.12090821e-03 4.85435352e-02 1.48068070e-02 1.02481134e-01
 9.98558328e-02 3.35489251e-02 5.37265232e-03 1.17585383e-01
 6.42068218e-03 2.57392712e-02 2.58978978e-02 7.18153194e-02
 4.10361737e-02 4.58674273e-03 3.44353393e-02 1.33858761e-02
 3.93833891e-02 4.73498926e-02 1.63960047e-02 1.27566278e-01
 8.89729429e-03 3.53743620e-02 2.11748835e-02 9.74002876e-04
 2.05713082e-02 8.29386786e-02 1.28472932e-02 1.66976735e-01
 3.91804166e-02 1.81591604e-02 1.66911893e-02 1.49698611e-02
 2.91452999e-03 5.54030687e-02 1.08067840e-02 7.59144276e-02
 4.26436625e-02 6.08305112e-02 8.02840479e-03 7.14406446e-02
 6.84766173e-02 9.82417092e-02 1.24696130e-02 2.00390313e-02
 6.67202771e-02 1.12110846e-01 6.43990338e-02 2.56423727e-02
 5.01183234e-02 4.34146598e-02 1.46644130e-01 4.04702947e-02
 8.68254676e-02 1.53650269e-01 2.54949182e-02 4.35620248e-02
 1.02786042e-01 1.14429593e-01 4.80513982e-02 8.86087939e-02
 2.50903547e-01 1.09485604e-01 1.40858740e-01 2.72541076e-01
 1.05297742e-02 1.03758801e-04 1.42928660e-01 2.38522124e-02
 8.87483358e-03 1.92469060e-01 1.05207101e-01 3.34166624e-02
 5.91362603e-02 2.63251550e-02 4.12009321e-02 5.82836792e-02
 1.44796729e-01 2.20649783e-02 3.30050699e-02 6.21469803e-02
 3.22429910e-02 2.17278987e-01 3.32091339e-02 5.87699004e-02
 8.27467535e-03 1.43607715e-02 1.31356195e-01 4.67649810e-02
 4.41947915e-02 3.17863077e-02 9.16430503e-02 1.40368298e-01
 1.27654105e-01 1.08599812e-01 1.42232835e-01 2.83362921e-02
 6.22093268e-02 4.00656164e-02 6.80780932e-02 1.26180634e-01
 4.71319258e-02 6.52404204e-02 2.12709472e-01 3.78772728e-02
 4.43723276e-02 1.19043469e-01 1.10717796e-01 1.64949745e-02
 9.48395133e-02 2.29556467e-02 2.88077891e-02 2.98713714e-01
 4.64843810e-02 1.99489817e-02 1.43603897e-02 3.76131944e-02
 3.79949883e-02 6.75419420e-02 4.60575428e-03 9.63027626e-02
 8.62288550e-02 1.23927407e-01 5.38349263e-02 8.89917836e-02
 6.45622686e-02 3.89931537e-02 6.77475184e-02 6.16548322e-02
 1.03052713e-01 1.99422482e-02 1.25919551e-01 3.75734940e-02
 1.15319211e-02 1.72920581e-02 3.67827155e-02 2.39432976e-02
 7.22881481e-02 8.79300907e-02 3.01696844e-02 2.44091777e-03
 3.08066290e-02 7.10907727e-02 1.88135654e-02 8.16872790e-02
 8.59180093e-02 1.34626040e-02 2.27342937e-02 1.75968856e-01
 8.00132304e-02 9.25961882e-02 6.24111518e-02 4.34992556e-03
 3.13100517e-02 1.92420799e-02 1.65249761e-02 4.66902927e-02
 1.03978716e-01 3.36328894e-02 1.91919357e-02 1.25463186e-02
 6.07671887e-02 1.12958215e-01 5.64107262e-02 1.41463503e-01
 1.13594197e-02 8.15429315e-02 2.27328092e-02 2.38409452e-02
 2.32135691e-02 8.61658230e-02 1.89230461e-02 1.93678727e-03
 5.77040389e-02 2.05416493e-02 1.04334809e-01 9.95956063e-02
 4.13770974e-02 4.72233184e-02 1.57888159e-02 4.94402982e-02
 5.97462878e-02 5.67116737e-02 5.89162596e-02 1.80860143e-02
 1.14581831e-01 1.65560618e-02 1.32101640e-01 3.96900717e-03
 1.47054112e-02 7.78639242e-02 1.23471292e-02 4.56243381e-03
 5.11261337e-02 7.15701655e-02 5.11906156e-03 3.14074047e-02
 1.92469850e-01 1.74418256e-01 1.40643762e-02 8.50185659e-03
 9.40036476e-02 5.51923476e-02 9.59204286e-02 3.48771503e-03
 9.95800272e-03 3.91081199e-02 3.57689947e-01 1.19842671e-01
 1.10893156e-02 5.36350012e-02 4.82756086e-03 3.30057181e-02
 1.18056580e-01 5.23605533e-02 8.09140727e-02 1.03854015e-02
 3.11169755e-02 6.53274730e-02 3.21525298e-02 2.00870018e-02
 6.81701303e-02 6.93207234e-02 1.63477771e-02 4.90351319e-02
 2.11340692e-02 6.29837811e-02 1.64529040e-01 5.73685346e-03
 3.31684276e-02 1.89603504e-03 5.46124615e-02 6.43536896e-02
 1.06541775e-01 8.05263817e-02 5.88266104e-02 9.40389186e-03
 1.18342459e-01 5.07395379e-02 1.06703818e-01 2.06765216e-02
 9.12009254e-02 6.18669651e-02 5.61579014e-04 4.94798198e-02
 1.95965469e-01 8.40567984e-03 3.26705165e-02 5.08487225e-02
 1.48849478e-02 3.86452302e-02 8.65882188e-02 3.92093100e-02
 1.93256274e-01 7.02163428e-02 4.23383377e-02 8.80126879e-02
 9.35009941e-02 1.33961529e-01 3.41145396e-02 1.65469155e-01
 1.10215251e-03 1.05537519e-01 7.91489556e-02 2.18009437e-03
 2.89038029e-02 5.51107042e-02 9.59943458e-02 1.08596429e-01
 6.43894151e-02 5.81349470e-02 8.44972301e-03 8.35375115e-02
 2.12380309e-02 1.55187905e-01 1.23730578e-01 8.92041996e-02
 1.36050090e-01 6.50940239e-02 6.48063272e-02 8.06115046e-02
 1.32092699e-01 3.72200571e-02 2.39518601e-02 1.32824704e-01
 2.80305687e-02 3.05222929e-03 1.55749410e-01 8.80885124e-02
 3.43073905e-02 1.26040116e-01 6.51617199e-02 7.89779723e-02
 5.27567454e-02 1.84607296e-03 6.00454286e-02 1.06959619e-01
 6.60823360e-02 5.03959917e-02 6.20267354e-02 1.74360792e-03
 8.64071921e-02 7.15853497e-02 4.09199856e-02 8.47941414e-02
 6.37460724e-02 9.73803997e-02 2.45181955e-02 1.28365487e-01
 1.80414207e-02 1.34903327e-01 3.55797410e-02 1.16211278e-02
 2.82058623e-02 7.52673596e-02 2.08792925e-01 1.48807568e-02
 6.51597232e-02 6.41098246e-02 1.72433499e-02 6.68863133e-02
 1.39582464e-02 3.92173864e-02 1.89185888e-02 1.76123045e-02
 2.09304504e-02 8.86943415e-02 1.21070385e-01 8.88881832e-02
 7.93162808e-02 5.88917732e-02 3.03977691e-02 6.99473768e-02
 9.35328826e-02 8.35344791e-02 2.03607362e-02 1.64539218e-02
 6.13316074e-02 3.53420004e-02 1.96373567e-01 4.89877872e-02
 1.05591947e-02 1.71612240e-02 1.08579054e-01 3.36723328e-02
 7.75106344e-03 6.25899062e-02 1.27756953e-01 2.98739783e-02
 1.92524660e-02 4.16994002e-03 1.00261671e-03 3.22157107e-02
 4.93730269e-02 4.70765419e-02 1.13859199e-01 6.16731495e-02
 3.73887457e-02 1.89714339e-02 2.13472676e-02 5.45289889e-02
 4.86465842e-02 1.17518222e-02 9.72910747e-02 1.04532121e-02
 4.31024209e-02 7.21952990e-02 2.22628936e-02 1.14347994e-01
 6.91547170e-02 3.43117535e-01 2.76491717e-02 1.63324416e-01
 4.23255414e-02 3.98571752e-02 3.17972228e-02 9.66140348e-03
 1.43410891e-01 1.50973210e-02 2.65564144e-01 1.85976312e-01
 6.40220270e-02 8.98116175e-03 1.14184648e-01 3.27498168e-02
 3.23007442e-02 6.98895380e-02 1.27496615e-01 2.67662257e-01
 1.78567782e-01 8.52934718e-02 2.09417790e-02 1.14580728e-01
 3.23849320e-01 1.56631902e-01 7.44438693e-02 1.07961580e-01
 5.49837612e-02 5.52780591e-02 1.99149936e-01 1.65058509e-01
 2.66132385e-01 9.33331847e-02 4.83743548e-02 2.85268147e-02
 5.88630959e-02 5.80302663e-02 2.68053841e-02 6.32751733e-02
 7.38028511e-02 4.52188291e-02 1.43900335e-01 1.04392111e-01
 8.12283009e-02 6.07410222e-02 7.88781047e-02 7.10358396e-02
 7.94725940e-02 1.56732187e-01 8.20877627e-02 2.36078128e-02
 9.19932649e-02 1.93409398e-01 4.22233623e-03 9.26443636e-02
 4.21883017e-02 1.24186045e-02 9.15823411e-03 1.05876483e-01
 2.39148992e-03 1.02485001e-01 3.60136293e-02 1.30786717e-01
 5.82518131e-02 4.27345708e-02 4.14566956e-02 1.22009829e-01
 1.02384575e-01 7.59861991e-02 1.45940870e-01 1.00616835e-01
 1.17225409e-01 1.31834269e-01 1.39192805e-01 1.81999475e-01
 5.92258833e-02 1.07028643e-02 2.66796583e-03 7.87461773e-02
 1.47864163e-01 1.11485370e-01 4.11178134e-02 2.68422991e-01
 1.45816714e-01 9.34705287e-02 1.95863452e-02 1.10778391e-01
 2.75916308e-02 7.14554116e-02 3.24036554e-02 1.94497313e-02
 1.26773134e-01 1.69124737e-01 1.03501506e-01 3.69634330e-02
 1.02129374e-02 1.75249934e-01 1.79113492e-01 1.83371697e-02
 4.97772619e-02 5.93661144e-02 5.63593917e-02 1.06043026e-01
 3.44214961e-02 2.65747914e-03 6.38193637e-02 9.38666090e-02
 1.09645225e-01 5.81735969e-02 6.55313879e-02 7.80907571e-02
 3.39672598e-03 1.30971968e-01 3.49385478e-02 3.02875973e-03
 8.37058723e-02 1.74695909e-01 2.38854855e-01 5.22749685e-02
 1.07976177e-03 1.73323080e-01 4.19583581e-02 1.05544798e-01
 4.13790205e-03 1.02605894e-01 1.36439055e-01 1.50541672e-02
 1.53125420e-01 3.87071893e-02 5.18291630e-02 5.04736565e-02
 1.30056627e-02 6.29158914e-02 1.67473350e-02 1.41959209e-02
 4.26583476e-02 2.03358717e-02 2.31218159e-01 1.67759404e-01
 2.20148861e-01 3.62068675e-02 7.82004893e-02 1.36653064e-02
 4.01052907e-02 8.89525414e-02 9.27946623e-03 6.69924468e-02
 2.74852794e-02 1.73400387e-01 9.34513137e-02 1.54295862e-02
 9.41015333e-02 5.56333475e-02 4.35266411e-03 3.52281444e-02
 1.97187178e-02 3.19107622e-02 3.85108963e-02 1.10278893e-02
 4.96253334e-02 2.77640373e-01 1.33518055e-01 1.16159275e-01
 2.04233781e-01 3.32919098e-02 1.63404923e-02 1.56120673e-01
 9.32082236e-02 1.15477830e-01 3.52007635e-02 1.38631940e-01
 4.48024794e-02 4.87906113e-02 3.04761175e-02 7.36543983e-02
 1.48104995e-01 1.40912712e-01 1.22240581e-01 7.96719454e-04
 1.33733213e-01 2.24258080e-01 3.27438973e-02 5.57268113e-02
 1.82786480e-01 3.63071710e-01 1.12273291e-01 5.10770008e-02
 1.19599596e-01 1.28881007e-01 1.69719718e-02 2.46737618e-02
 6.36203513e-02 5.07458523e-02 6.34875428e-03 6.83340011e-03
 9.63875577e-02 2.72160918e-01 4.07958813e-02 1.18805699e-01
 1.03926274e-03 7.73948580e-02 4.12074327e-02 8.95466730e-02
 2.64458694e-02 1.49821445e-01 2.54791766e-01 5.24545163e-02
 6.87965453e-02 1.23964980e-01 4.61439490e-02 1.19105846e-01
 1.31291747e-01 6.40721992e-02 2.45659009e-01 1.20898873e-01
 1.18729092e-01 1.18203729e-03 1.01754796e-02 7.41239339e-02
 1.09740883e-01 6.27315566e-02 9.11908895e-02 5.32107055e-03
 2.03197431e-02 2.64828391e-02 4.50911343e-01 2.14916721e-01
 2.20016055e-02 1.07230209e-01 5.26982010e-04 1.82423189e-01
 2.00247377e-01 6.36538938e-02 9.15833339e-02 5.59198111e-02
 1.93852678e-01 3.70066278e-02 9.84199345e-02 2.41121873e-02
 4.90649277e-03 1.78417414e-01 2.67352968e-01 1.17051564e-01
 1.71963051e-01 8.62845778e-03 8.54360387e-02 9.09986347e-02
 1.47164434e-01 4.15687487e-02 7.73428082e-02 6.36341944e-02
 4.76281010e-02 7.37927631e-02 1.62269697e-01 1.81788966e-01
 2.00198919e-01 1.27066011e-02 1.25806376e-01 3.07044894e-01
 7.39049725e-03 7.38451481e-02 1.92991439e-02 2.01961711e-01
 1.47272618e-02 2.82939221e-03 1.17461100e-01 1.33563951e-01
 5.00312932e-02 4.67616832e-03 1.41851408e-02 2.36818530e-02
 7.18895420e-02 3.12482547e-02 6.77094534e-02 2.38837115e-03
 4.90564927e-02 1.46365419e-01 3.70039940e-02 1.23885125e-02
 8.28758441e-03 9.38621908e-02 4.46322821e-02 3.04146316e-02
 1.10152885e-02 7.36139715e-02 4.16205525e-02 6.44549727e-02
 1.02468729e-01 6.33016601e-02 7.52552226e-02 1.59277484e-01
 5.02163358e-02 1.41790196e-01 8.66150483e-03 2.89944437e-04
 1.29659101e-01 9.94988829e-02 4.85357419e-02 2.65444696e-01
 3.91044356e-02 1.75262056e-02 1.20954759e-01 3.11750136e-02
 7.50944093e-02 9.94229019e-02 1.17637210e-01 4.58534099e-02
 4.61034253e-02 1.03699431e-01 1.33563682e-01 2.70603783e-03
 7.12494412e-03 1.15545243e-01 8.54064524e-03 6.07378371e-02
 4.03853469e-02 2.33802777e-02 5.21711446e-02 2.20392793e-02
 5.33923972e-04 5.96859343e-02 5.11283912e-02 5.35550602e-02
 4.74462584e-02 4.98049520e-02 2.21569557e-02 3.26326974e-02
 1.25816651e-02 2.55124271e-02 3.75922100e-05 2.63272785e-02
 1.59699731e-02 9.79064330e-02 1.94099341e-02 1.06462717e-01
 6.32192791e-02 1.45947084e-01 4.60823486e-03 5.61300814e-02
 3.48605029e-02 6.84735226e-03 9.40897986e-02 1.23774752e-01
 1.61055755e-02 9.91958007e-03 1.15923798e-02 3.20665091e-02
 1.85522679e-02 3.79105769e-02 2.88607568e-01 6.93055093e-02
 4.31295633e-02 1.21375039e-01 2.85007730e-02 7.62423594e-03
 1.36279643e-01 5.53638935e-02 5.17412908e-02 1.81394275e-02
 2.08051805e-03 3.76639795e-03 1.06627002e-01 1.71557888e-02
 4.12915610e-02 4.88455966e-03 8.01619962e-02 6.17509475e-03
 5.71757406e-02 4.67374884e-02 5.94335981e-02 2.04219837e-02
 5.78389466e-02 1.48185790e-01 4.01011370e-02 3.01023712e-03
 7.02815130e-02 1.35320807e-02 1.88674405e-01 2.20361687e-02
 1.59938205e-02 1.37237936e-01 1.00534773e-02 4.06028070e-02
 1.08187404e-02 8.23309049e-02 4.48988425e-03 4.06276397e-02
 4.27006483e-02 2.24011275e-03 1.47772860e-02 7.53169358e-02
 1.00693395e-02 1.29695134e-02 1.21211514e-01 9.41828545e-03
 4.01914958e-03 2.87743807e-02 5.87462597e-02 3.98046784e-02
 3.51600982e-02 6.03408329e-02 6.41835853e-02 1.44085884e-01
 2.43488345e-02 4.45577092e-02 2.69747302e-02 5.77343851e-02
 1.81495100e-02 2.85770483e-02 3.34134959e-02 1.33388191e-02
 7.20613003e-02 1.04626454e-02 6.54486939e-02 4.45039272e-02
 2.24878207e-01 5.26382169e-03 6.66824877e-02 7.59643540e-02
 6.88822493e-02 4.66392040e-02 4.34254035e-02 2.28959359e-02
 1.52032338e-02 5.90372458e-02 9.12216026e-03 3.80807109e-02
 3.82711589e-02 1.96952671e-01 4.87596281e-02 1.02305524e-01
 8.25531036e-02 1.86521560e-01 1.58453397e-02 8.91669616e-02
 9.69221219e-02 1.09759852e-01 6.24144785e-02 2.71248049e-03
 4.82900329e-02 1.01113945e-01 1.44683961e-02 1.43451896e-02
 1.44651216e-02 7.23088756e-02 2.70019341e-02 1.10162413e-02
 7.11235106e-02 1.98136866e-02 7.40763843e-02 7.38097280e-02
 8.19379836e-02 6.41709119e-02 1.91300437e-02 4.18080278e-02
 1.96192171e-02 8.10593218e-02 1.11985309e-02 5.11519164e-02
 2.26043135e-01 3.25951539e-02 4.62985225e-02 7.75945559e-02
 1.01371603e-02 3.36268209e-02 9.10614803e-02 7.02367304e-03
 3.46534513e-02 9.54863653e-02 1.12786889e-03 1.09556932e-02
 2.67493282e-03 3.23990509e-02 1.22716069e-01 1.25910167e-03
 7.55635798e-02 1.00104645e-01 3.57414782e-02 1.66080937e-01
 4.05233391e-02 1.33991186e-02 4.33304906e-02 3.53858881e-02
 1.88397523e-02 5.36809005e-02 2.50682961e-02 9.74885467e-03
 5.09870499e-02 2.62866318e-02 7.76867103e-03 4.43273857e-02
 1.16236303e-02 5.43645881e-02 3.49629298e-02 1.47120049e-02
 2.04582587e-02 5.23643307e-02 6.97407266e-03 6.66712448e-02
 1.03854928e-02 1.45137329e-02 6.50720671e-02 7.09365681e-02
 3.10265087e-02 1.94220971e-02 1.09509071e-02 1.14767700e-01
 5.18499203e-02 3.94916311e-02 3.99724618e-02 4.73390557e-02
 1.67140633e-01 3.85794882e-03 3.92127074e-02 2.42554229e-02
 7.03450963e-02 2.02864595e-02 2.26919781e-02 1.25734404e-01
 1.08953319e-01 7.01598153e-02 2.63648070e-02 5.92724420e-02
 9.93095785e-02 4.07043658e-02 5.73587865e-02 1.12961628e-01
 3.51978540e-02 2.22002715e-02 8.26565251e-02 1.46202713e-01
 1.99112166e-02 7.76128024e-02 3.19523141e-02 1.21891506e-01
 1.25252575e-01 2.95540458e-03 5.66051416e-02 1.55157268e-01
 9.81698334e-02 9.06628668e-02 1.29371256e-01 9.76158306e-03
 6.27750978e-02 2.64910590e-02 5.17761223e-02 2.84491424e-02
 5.46275228e-02 9.80362296e-02 1.63255520e-02 9.51909125e-02
 1.13933206e-01 1.81638505e-02 6.34652823e-02 2.02789858e-01
 7.65022039e-02 1.88037157e-01 1.92046523e-01 3.14719342e-02
 2.64462158e-02 1.49619073e-01 4.81510498e-02 3.45017819e-04
 1.29330859e-01 8.27964395e-03 1.81504935e-02 3.83640118e-02
 8.23621750e-02 2.31369063e-02 4.51885536e-02 1.67660229e-02
 4.71042730e-02 1.02465197e-01 1.53027892e-01 9.88224223e-02
 7.16486759e-03 8.93293470e-02 1.23723298e-01 7.03002587e-02
 1.38072819e-01 1.12448677e-01 5.14136143e-02 1.49916001e-02
 1.22080699e-01 5.68574890e-02 1.14676639e-01 5.76310642e-02
 2.21440703e-01 9.85018685e-02 4.46513742e-02 1.68889537e-01
 1.03701074e-02 6.13486134e-02 3.29850651e-02 1.53259471e-01
 2.50012968e-02 9.49577242e-02 1.14091590e-01 3.13341975e-01
 1.37924835e-01 2.65669599e-02 4.04015630e-02 1.02096982e-01
 1.34095609e-01 1.52228149e-02 1.50329724e-01 5.15702181e-02
 7.33371079e-02 1.10345352e-02 2.30370745e-01 6.78125164e-03
 1.12614930e-01 7.22450204e-03 7.35811191e-03 2.81849578e-02
 3.72791082e-01 1.91360321e-02 6.95973169e-03 4.15873788e-02
 5.42322882e-02 6.49647415e-02 8.88327360e-02 2.92836398e-01
 2.32954413e-01 6.41726004e-03 1.51704755e-02 2.42037717e-02
 6.46433383e-02 7.36685991e-02 2.66853392e-01 2.35649377e-01
 1.20246701e-01 9.21608657e-02 3.21273170e-02 7.99647644e-02
 3.12617384e-02 3.96054909e-02 5.65794408e-02 2.61373103e-01
 1.09851090e-02 1.02151208e-01 7.11644664e-02 4.03291993e-02
 1.75770909e-01 1.48431035e-02 1.05694242e-01 6.45291135e-02
 6.40410781e-02 5.94304316e-02 7.04506859e-02 1.06153168e-01
 1.72214136e-01 6.15316667e-02 9.15972814e-02 2.80203093e-02
 1.81523412e-02 8.87201354e-02 3.92291471e-02 2.25418154e-02
 1.58415809e-01 7.17823068e-03 6.61719888e-02 1.07783370e-01
 7.58301914e-02 1.45137478e-02 1.66582968e-02 6.37224689e-02
 1.28348127e-01 1.77519210e-02 1.10850327e-01 3.87265459e-02
 3.56065296e-02 5.86085394e-02 8.69042203e-02 6.40056953e-02
 4.75010425e-02 7.42189214e-02 6.65806234e-04 2.58237552e-02
 5.78359477e-02 3.73794138e-02 2.78610922e-02 4.24005799e-02
 9.74511206e-02 1.58430208e-02 2.76691411e-02 4.79348332e-01
 4.31536660e-02 4.47401404e-02 8.19942504e-02 1.64747536e-01
 1.07591234e-01 3.96264344e-02 1.54333969e-03 1.89505871e-02
 7.29163066e-02 5.80846593e-02 9.06672105e-02 5.77646382e-02
 1.44655192e-02 8.99202302e-02 6.87595010e-02 2.02690717e-02
 1.01825371e-01 4.33423407e-02 5.54688834e-02 2.30107196e-02
 1.96871892e-01 6.71079308e-02 1.53837666e-01 1.31150275e-01
 3.94372046e-02 8.00396428e-02 2.37225443e-01 4.45890576e-02
 6.47022277e-02 3.20048258e-02 3.49622890e-02 1.22003779e-02
 1.43167730e-02 1.02003194e-01 2.89826840e-01 6.51866496e-02
 4.21563014e-02 1.12499110e-01 2.20574751e-01 8.42980742e-02
 1.78232163e-01 5.25309239e-03 9.18699130e-02 1.10308982e-01
 8.42472613e-02 9.19760689e-02 1.16481982e-01 8.07441473e-02
 1.14695234e-02 5.98434685e-03 6.13829158e-02 9.05828848e-02
 1.31992223e-02 4.35496382e-02 4.62639779e-02 6.02802075e-02
 6.00142367e-02 5.55064231e-02 1.13302343e-01 2.00050309e-01
 5.45049235e-02 6.62198141e-02 3.19855288e-02 8.24928842e-03
 1.87561885e-02 1.47487625e-01 8.66840556e-02 8.48234892e-02
 2.29470199e-04 1.13173351e-01 1.53043404e-01 1.69480830e-01
 2.55447686e-01 1.44299328e-01 1.32054061e-01 7.34929964e-02
 2.01220572e-01 1.67101040e-01 1.00882016e-01 3.43452431e-02
 3.53082158e-02 5.27983066e-04 1.01667047e-01 1.20926872e-01
 7.04785287e-02 2.37338051e-01 6.70834817e-03 1.35795977e-02
 1.08330093e-01 1.47447856e-02 1.12138458e-01 1.78977381e-02
 8.66443440e-02 1.14523180e-01 7.55584687e-02 5.37162274e-02
 8.65864530e-02 2.95391440e-01 1.35075137e-01 6.51967600e-02
 3.12182270e-02 1.60695007e-03 2.51711369e-01 2.84182448e-02
 2.37775105e-03 1.29754126e-01 6.65016025e-02 2.17515957e-02
 1.23933844e-01 1.18903421e-01 2.11881194e-02 9.59543213e-02
 1.22124113e-01 1.95305794e-02 1.20295789e-02 3.70285958e-02
 6.38311282e-02 2.42702868e-02 1.51249662e-01 1.07322015e-01
 7.52633065e-02 3.20872888e-02 6.80048764e-03 4.14301418e-02
 1.47278517e-01 2.23269641e-01 3.89956683e-02 2.63272561e-02
 9.97660309e-02 2.65836120e-02 1.37114816e-03 1.43425852e-01
 1.61804482e-01 2.17990521e-02 2.79641543e-02 1.11243419e-01
 2.26107258e-02 4.35452461e-02 1.99290980e-02 2.09247693e-02
 1.78423017e-01 1.44097820e-01 6.94468096e-02 8.05816576e-02
 3.03368922e-03 4.11955602e-02 4.58212011e-03 6.07688129e-02
 9.89830196e-02 1.22013777e-01 6.20525926e-02 5.48496209e-02
 9.23754722e-02 1.02663495e-01 3.35095048e-01 3.91793586e-02
 1.34653702e-01 8.37673992e-02 2.07147328e-03 1.49931669e-01
 4.75123405e-01 5.71195483e-02 6.77067712e-02 6.19447529e-02
 9.99599695e-03 1.12089524e-02 1.83347508e-01 4.29242514e-02
 2.15205420e-02 2.10340302e-02 1.41485929e-01 5.47108985e-02
 6.53924346e-02 8.61198530e-02 4.58483063e-02 2.36482173e-01
 2.66647991e-02 8.27398896e-02 5.02970070e-02 2.54539736e-02
 7.63178691e-02 1.08532242e-01 5.75695150e-02 1.31299034e-01
 1.30071625e-01 7.79001266e-02 1.66453615e-01 9.82124582e-02
 4.76903804e-02 2.77117975e-02 1.12183459e-01 4.84020673e-02
 6.28008693e-02 6.52000159e-02 1.14200907e-02 3.56196659e-03
 3.41261737e-03 8.78768265e-02 3.60057801e-02 2.73495130e-02
 6.72256351e-02 9.21565145e-02 5.81137836e-03 1.09871462e-01
 9.48710591e-02 1.72906250e-01 3.62168290e-02 3.73494290e-02
 1.57787800e-01 2.01374367e-01 7.87857100e-02 4.57527637e-02
 9.39019844e-02 1.91068351e-02 5.09805419e-02 3.28403972e-02
 9.06890556e-02 1.24801427e-01 8.28937441e-02 5.13075180e-02
 2.99361371e-03 3.37369628e-02 1.53286243e-02 4.15980257e-02
 1.00629784e-01 1.09512426e-01 5.00415973e-02 6.51736110e-02
 6.10453002e-02 1.30439043e-01 1.89032278e-03 2.74903383e-02
 8.44999701e-02 4.90090847e-02 1.62321612e-01 1.98358312e-01
 1.49077028e-01 1.73927441e-01 8.98564979e-02 8.62117019e-03
 6.93389624e-02 6.61614612e-02 8.20814297e-02 7.37719536e-02
 2.02822709e-03 4.70977649e-02 1.68142304e-01 1.46680221e-01
 1.81858823e-01 1.76014807e-02 1.86422348e-01 1.54755294e-01
 1.93192624e-02 7.20390017e-05 7.73715824e-02 4.32566367e-02
 6.04610629e-02 6.08251803e-02 6.97976397e-03 1.42184302e-01
 1.98391438e-01 2.71595746e-01 1.74680516e-01 7.79794082e-02
 7.25602806e-02 2.06619948e-01 4.65040833e-01 9.65242684e-02
 9.20933634e-02 1.66683376e-01 9.58866533e-03 1.45361274e-02
 1.12013422e-01 8.88179522e-03 8.74434039e-02 2.40186192e-02
 5.27793542e-02 7.94795901e-02 1.99035946e-02 4.55143489e-02
 1.07643932e-01 2.46402323e-02 1.67693168e-01 1.09887887e-02
 4.19985689e-02 4.28352170e-02 2.66374648e-03 3.78168821e-02
 5.25123626e-02 4.47951742e-02 6.28832951e-02 1.14366189e-01
 1.94485024e-01 4.39062677e-02 7.94562474e-02 8.39191675e-02
 3.38631161e-02 2.53765255e-01 8.76521096e-02 5.06038330e-02
 2.34297216e-01 4.99095134e-02 1.67569034e-02 6.99990466e-02
 1.53995110e-02 4.99138571e-02 1.62681296e-01 1.67454392e-01
 1.12135425e-01 3.57561111e-02 1.12404473e-01 7.14667439e-02
 4.94709983e-02 4.48391102e-02 1.08436078e-01 8.79250839e-02
 2.88957935e-02 8.95495936e-02 2.11971179e-01 6.43326268e-02
 5.78574613e-02 7.06008226e-02 2.24137112e-01 1.43465539e-03
 1.96862165e-02 7.88386762e-02 1.00122206e-01 1.37064487e-01
 1.67824998e-01 2.80670393e-02 8.24733004e-02 2.34188229e-01
 1.04536787e-02 6.08160384e-02 5.67220859e-02 1.23102916e-02
 3.65650393e-02 5.77084906e-02 1.86164714e-02 2.88963458e-03
 1.39455020e-01 5.03609590e-02 6.69881105e-02 3.07786800e-02
 2.65395075e-01 7.74019137e-02 5.57944998e-02 3.46743427e-02
 3.12844291e-02 2.07156278e-02 7.10067600e-02 1.60873920e-01
 4.78191115e-02 1.60729047e-02 7.62644485e-02 2.13586562e-03
 4.41673063e-02 2.27350861e-01 1.28353119e-01 3.20497379e-02
 1.74804494e-01 1.71716377e-01 1.45258218e-01 8.05648416e-02
 8.31222236e-02 3.08137201e-02 8.52166191e-02 8.92439336e-02
 4.60044071e-02 1.31336406e-01 5.39186858e-02 1.09164067e-01
 1.21338926e-01 1.38001397e-01 1.08132854e-01 4.03651968e-02
 7.53834695e-02 3.20392884e-02 2.15688609e-02 1.03083685e-01
 1.50961474e-01 7.48252943e-02 3.82238552e-02 1.99007794e-01
 7.51734674e-02 1.84719160e-01 8.11987072e-02 9.11921039e-02
 2.58657127e-03 1.80285554e-02 2.74911262e-02 5.00004366e-02
 3.18345547e-01 3.41043109e-03 4.38024551e-02 6.48412704e-02
 4.35812306e-03 4.24712189e-02 8.92010052e-04 4.19642143e-02
 7.63560161e-02 4.19192109e-03 1.01461746e-02 7.33880550e-02
 1.04358144e-01 1.94724783e-01 6.67908043e-02 1.69225633e-02
 4.28945720e-02 9.03153718e-02 6.99371174e-02 5.25354035e-02
 8.72838795e-02 2.33520046e-02 1.37531355e-01 1.12765372e-01
 5.50604053e-02 3.52563933e-02 1.62769124e-01 3.95761803e-02
 1.30245149e-01 5.43032810e-02 2.91820243e-02 1.42405882e-01
 5.88884577e-02 1.14020715e-02 7.18441978e-02 2.03063324e-01
 3.57946241e-03 1.02426939e-01 2.19557751e-02 1.64199006e-02
 5.72593175e-02 1.58201650e-01 1.02720678e-01 6.25384003e-02
 8.70426837e-03 5.22593372e-02 1.75964758e-01 5.31899258e-02
 1.49448980e-02 5.98790348e-02 3.37437098e-03 1.34264022e-01
 1.12596050e-01 5.75313196e-02 5.90792811e-03 1.01865038e-01
 1.61180440e-02 7.88877979e-02 1.20340183e-01 4.73138802e-02
 6.04572184e-02 6.79402649e-02 1.18172336e-02 1.01551607e-01
 4.39266637e-02 7.38859624e-02 7.04237968e-02 4.15430367e-02
 3.41717526e-02 6.18109629e-02 2.05898285e-03 1.09068438e-01
 2.72648148e-02 3.28259319e-02 1.02882475e-01 2.52974667e-02
 2.36776229e-02 5.44831678e-02 1.58065576e-02 5.33199348e-02
 7.34965503e-02 1.35222763e-01 2.42932111e-01 1.41507592e-02
 7.47413188e-02 1.07801013e-01 1.14148200e-01 1.54185578e-01
 9.50349569e-02 1.81822293e-02 6.01610057e-02 1.16359152e-01
 6.34536594e-02 1.56091347e-01 1.20992973e-01 1.34492725e-01
 3.00507337e-01 1.80915251e-01 1.51777267e-01 7.40542561e-02
 1.34973438e-03 6.79455623e-02 6.78646564e-02 2.80617960e-02
 5.73919043e-02 4.31194082e-02 3.32222283e-02 2.41334923e-02
 1.74517736e-01 2.05551967e-01 3.56973298e-02 1.11957587e-01
 1.29729509e-01 9.17008668e-02 1.75214976e-01 1.59368098e-01
 6.31898716e-02 1.24566846e-01 1.67820454e-02 6.84440657e-02
 1.08809941e-01 6.22431515e-03 8.24172869e-02 6.27659932e-02
 9.62930322e-02 1.00435011e-01 1.02387562e-01 5.47256708e-01
 1.38756320e-01 4.18934524e-02 8.07426199e-02 2.55480468e-01
 9.93815139e-02 4.59044278e-02 1.60845652e-01 9.79100168e-02
 2.44882986e-01 6.11336529e-03 1.23006910e-01 1.16142351e-02
 2.21750345e-02 1.56854779e-01 1.50163934e-01 6.07263446e-02
 3.77194017e-01 2.13056058e-02 6.79435506e-02 1.34911820e-01
 1.25866893e-04 3.36128324e-02 4.85774683e-04 9.80145261e-02
 1.06605448e-01 1.32282123e-01 1.12802885e-01 2.30608955e-01
 1.02968693e-01 1.05538517e-01 7.34230876e-02 7.42550641e-02
 4.80624959e-02 4.05063555e-02 9.17947888e-02 2.06352882e-02
 2.35864520e-02 7.59726316e-02 3.78990024e-02 1.47368699e-01
 3.69068012e-02 6.34041429e-02 1.55747021e-02 5.54115362e-02
 9.64725539e-02 1.54660851e-01 8.72152224e-02 1.40481785e-01
 1.72072817e-02 4.72039208e-02 1.06832124e-01 2.16159504e-02
 2.56982446e-02 1.03584431e-01 2.20512729e-02 1.03188194e-01
 6.05202727e-02 1.23134263e-01 1.15141034e-01 2.17863098e-01
 1.77959219e-01 5.22317514e-02 9.85487830e-03 7.98602551e-02
 1.55320009e-02 2.26583052e-02 8.51680757e-04 1.27589628e-01
 1.71961218e-01 3.06842513e-02 9.48504172e-03 1.21349908e-01
 1.53134733e-01 1.70903414e-01 1.14885665e-01 1.08476188e-02
 3.67561132e-02 1.10662341e-01 1.76397413e-01 1.15824796e-01
 7.92639032e-02 6.51991814e-02 5.64660057e-02 1.99090034e-01
 5.10754772e-02 1.59260496e-01 1.73404932e-01 6.44838735e-02
 1.75389215e-01 9.23913270e-02 4.35527079e-02 5.50610535e-02
 1.17465205e-01 1.06236547e-01 1.32347584e-01 2.94319373e-02
 1.66777447e-02 4.31158878e-02 1.10177174e-01 1.18882973e-02
 3.50956395e-02 6.12104824e-03 2.21989658e-02 1.36184677e-01
 1.38865709e-02 3.15619595e-02 4.84677106e-02 9.94151384e-02
 1.19439242e-02 1.37297615e-01 8.59246776e-03 7.69724429e-04
 7.11930692e-02 1.17305666e-02 1.91979371e-02 5.14245518e-02
 2.59092636e-02 8.59025866e-02 1.28463870e-02 8.20721015e-02
 8.22537765e-02 7.13314256e-03 2.10731011e-02 4.44367528e-02
 9.13912430e-02 1.28420321e-02 5.50645627e-02 3.32074910e-02
 8.65977257e-02 2.29176730e-02 8.03930312e-03 2.60559488e-02
 6.28309920e-02 6.64563254e-02 6.39198571e-02 4.03924026e-02
 6.45396253e-03 4.50505167e-02 3.70831043e-02 2.42910832e-02
 4.95760050e-03 6.61041960e-02 1.12363130e-01 4.81494926e-02
 1.09621100e-01 2.88677569e-02 2.65560746e-02 1.60475578e-02
 2.55961996e-02 1.05252536e-03 4.60816585e-02 3.12746584e-01
 7.79452771e-02 2.82593742e-02 3.88621129e-02 4.63742316e-02
 1.62245310e-03 1.47360235e-01 3.69563662e-02 1.06582455e-01
 7.92518351e-03 2.04896197e-01 5.19894809e-03 9.75466520e-02
 4.48096097e-02 3.25776674e-02 1.01710288e-02 8.12793896e-02
 2.92279362e-03 5.74260391e-02 2.74061058e-02 6.07175715e-02
 5.95685653e-02 1.83506273e-02 3.22048403e-02 8.16557035e-02
 5.36688454e-02 1.20765446e-02 7.23947510e-02 6.41390979e-02
 3.50062130e-03 3.96850295e-02 2.49034688e-02 1.27451504e-02
 5.56026325e-02 1.51376026e-02 1.46691486e-01 1.38236135e-01
 2.13289633e-01 2.74406280e-02 1.13809220e-01 5.03907539e-03
 2.95767523e-02 5.76696880e-02 4.59819734e-02 5.60287982e-02
 1.33167550e-01 3.46421488e-02 5.36024086e-02 9.29344222e-02
 1.03615247e-01 4.66061234e-02 2.56161720e-01 2.34728590e-01
 2.00407892e-01 2.82169264e-02 7.30983093e-02]

*************************************************************

