THIS FILE CONTAINS  cv_cross_val_predict() predictions FOR THIS CURRENT CONFIGURATION.
		 It can be used to verificate obtained results.





---------------------------------------------------------------------------------------------------------
FINAL y_pred (clipped).  FINAL PREDICTIONS USED TO CALCULATE SCORE METRICS
			 (mean over several cross_val_predict() executions)
---------------------------------------------------------------------------------------------------------
[-0.67726127 -0.62403054 -0.71313038 -0.66874457 -0.71518686 -0.61097672
 -0.63109958 -0.86989856 -0.77997893 -0.7723195  -0.6642969  -0.51406998
 -0.59416963 -0.66598775 -0.71622655 -0.68456889 -0.73079919 -0.52910576
 -0.6355495  -0.61224163 -0.60982247 -0.79711078 -0.88174728 -0.84717748
 -0.85698805 -0.72666502 -0.62310054 -0.79768706 -0.64972057 -0.69023535
 -0.66662407 -0.52908787 -0.57704879 -0.64692239 -0.77754787 -0.83490306
 -0.69219984 -0.65385871 -0.76523383 -0.7066091  -1.00218858 -0.79746574
 -0.58053666 -0.82070125 -0.73986128 -0.61917227 -0.68899316 -0.78815876
 -0.70951564 -0.58032574 -0.76734466 -0.75867974 -0.62317704 -0.61374578
 -0.79827713 -0.70702748 -0.90289414 -0.71717128 -0.73405965 -0.63575865
 -0.84446631 -0.76623319 -0.87836782 -0.79671598 -0.48211309 -0.56207985
 -0.69841899 -0.89495439 -0.79265623 -0.86889762 -0.66617714 -0.69743688
 -0.82667589 -0.69150962 -0.62966292 -0.81738237 -0.77509134 -0.90559973
 -0.80265675 -0.59711666 -0.79504116 -0.66001854 -0.56802735 -0.46979424
 -0.60392629 -0.49745278 -0.53293524 -0.41993651 -0.45022431 -0.55261482
 -0.72724651 -0.61690857 -0.5106586  -0.4761927  -0.66655131 -0.58022712
 -0.72695807 -0.64256393 -0.78811533 -0.69507091 -0.55100608 -0.63590241
 -0.60351138 -0.70300683 -0.57454546 -0.47134201 -0.65772216 -0.55106989
 -0.6258681  -0.56496893 -0.57311496 -0.62795099 -0.59005003 -0.46570791
 -0.68722808 -0.71997321 -0.60027053 -0.56988285 -0.60404244 -0.61774184
 -0.63020852 -0.61072168 -0.57527807 -0.62277587 -0.51181851 -0.44545535
 -0.68329408 -0.87669229 -0.66004651 -0.49129888 -0.56227805 -0.47911112
 -0.63732148 -0.46300913 -0.82359211 -0.54535446 -0.75245969 -0.58491014
 -0.68838468 -0.57926797 -0.61575165 -0.60730073 -0.74440266 -0.62500233
 -0.53918841 -0.4853292  -0.7003494  -0.56120637 -0.45759261 -0.52954864
 -0.63699132 -0.48106707 -0.77649449 -0.68597785 -0.64831021 -0.59086064
 -0.7081529  -0.25640565 -0.42883981 -0.5647916  -0.44070601 -0.64831036
 -0.55076534 -0.50165107 -0.50584897 -0.79706354 -0.62216345 -0.54802285
 -1.0386117  -0.46389958 -0.79634631 -0.88779477 -0.50313218 -0.5438194
 -0.81217542 -0.79226961 -0.51277126 -0.46830553 -0.520764   -0.77236033
 -0.35513309 -0.58077487 -0.74739746 -0.59470717 -0.44349691 -0.69639303
 -0.51548875 -0.43431611 -0.74224991 -0.62897842 -0.8346622  -0.68771769
 -0.76881932 -0.79849222 -0.74259663 -0.67899079 -0.61308303 -0.74684073
 -0.65759064 -0.62174177 -0.47229027 -0.32037447 -0.44878036 -0.58837239
 -0.55301535 -0.72242243 -0.72195238 -0.54315893 -0.36585695 -0.81525515
 -0.54760699 -0.68482875 -0.7540301  -0.7639209  -0.60974866 -0.60078153
 -0.46691347 -0.34958127 -0.41238659 -0.51844842 -0.58685397 -0.45458604
 -0.27703279 -0.41123886 -0.42080198 -0.36030607 -0.33265176 -0.1870608
 -0.40079413 -0.65673163 -0.23935513 -0.46761019 -0.60833004 -0.36652784
 -0.62587836 -0.56091311 -0.58347047 -0.23601152 -0.47533296 -0.80840034
 -0.07953292 -0.49926816 -0.37176135 -0.48406075 -0.30911048 -0.41315366
 -0.59178067 -0.62161553 -0.58315899 -0.54338906 -0.39999176 -0.59852208
 -0.54007019 -0.1108656  -0.54977493 -0.48840749 -0.51677282 -0.62232302
 -0.55642602 -0.23130297 -0.33812835 -0.38047195 -0.59587174 -0.53459352
 -0.62419358 -0.51080085 -0.52057303 -0.52330206 -0.41587676 -0.1942107
 -0.3534758  -0.39225954 -0.66956404 -0.33524501 -0.38581809 -0.64830214
 -0.44623658 -0.53662143 -0.56398779 -0.51134711 -0.51254555 -0.60074314
 -0.57355454 -0.53118632 -0.61366662 -0.7302591  -0.66958334 -0.69275471
 -0.91350276 -0.82196635 -0.70055229 -0.79082638 -0.69958936 -0.67345944
 -0.51061534 -0.49473012 -0.57990277 -0.71114783 -0.62449402 -0.77194449
 -0.78540638 -0.72459869 -0.55802281 -0.81856291 -0.70906807 -0.62025024
 -0.49554937 -0.79559847 -0.48889902 -0.42809566 -0.47807251 -0.58386801
 -0.72466961 -0.76278957 -0.55998436 -0.65353418 -0.71178776 -0.525256
 -0.69057841 -0.67242263 -0.61315393 -0.47306408 -0.66306263 -0.61837562
 -0.85291261 -0.65174428 -0.4386873  -0.65734702 -0.62720715 -0.71104898
 -0.63526552 -0.58960001 -0.78948958 -0.69465064 -0.75843941 -0.79108178
 -0.7074245  -0.67327068 -0.64040245 -0.60418199 -0.75858069 -0.71651743
 -0.75335918 -0.75801113 -0.59646811 -0.53280053 -0.65428009 -0.70434023
 -0.71006762 -0.66669466 -0.99799315 -0.70578785 -0.47651234 -0.55831311
 -0.46901846 -0.7877177  -0.64477555 -0.71263177 -0.68027456 -1.08744814
 -0.70070098 -0.8699157  -0.88402761 -0.81680844 -0.80517371 -0.9828197
 -0.81819553 -0.64184874 -0.74359783 -0.74439212 -1.10118152 -0.90630629
 -0.92670472 -0.69960436 -0.75184039 -0.78349416 -0.92796367 -0.73268217
 -0.68722324 -0.98823384 -1.94613544 -0.79423085 -0.81437112 -1.23798536
 -0.53707116 -0.86984455 -0.78034756 -0.76843093 -0.8786278  -0.84987315
 -0.76083957 -0.76295708 -0.87469994 -0.72528637 -0.89645856 -0.70999556
 -0.5783402  -0.77884729 -0.76467021 -0.79039957 -0.7657717  -0.98439446
 -0.80721712 -0.75871529 -0.42968708 -0.78934384 -0.79675421 -0.86899389
 -0.76979967 -0.6571285  -0.68007035 -0.95008767 -0.77283748 -0.75926276
 -0.91345853 -0.70835913 -0.639985   -0.89589062 -0.83847432 -0.70733156
 -0.72260538 -0.721619   -0.82003712 -0.96005732 -0.74078016 -0.77717488
 -0.74628387 -0.76124458 -0.64671635 -0.81755888 -0.83842136 -0.75049602
 -0.85101158 -0.73140297 -0.79468747 -0.85635488 -0.7722958  -0.72507163
 -0.7527312  -0.801611   -0.65642372 -0.94519027 -0.74607496 -1.3466638
 -0.71044112 -0.64218516 -0.93003766 -0.83920126 -0.83827824 -0.66190807
 -0.83410897 -0.74246642 -0.6131844  -0.82907822 -0.59526892 -0.85685322
 -0.85630241 -0.74678431 -0.78032515 -0.8111903  -0.91184374 -0.90935815
 -0.73565493 -0.69267129 -0.80358511 -0.89375182 -0.74437227 -0.69541199
 -0.72032796 -0.85841574 -0.73292564 -0.75544288 -0.45466088 -0.67873942
 -0.76192552 -1.00288675 -0.74886589 -0.49814216 -0.80915193 -0.59343285
 -0.99181215 -0.81638992 -0.60892361 -0.96270714 -0.66450181 -0.5648861
 -0.93755128 -0.73473537 -0.72822768 -0.83182847 -0.82187009 -0.93841143
 -0.91523655 -0.61434659 -0.74005937 -0.98796094 -0.7917639  -0.75249695
 -0.61509902 -0.88914583 -0.85973719 -0.92792736 -0.88596836 -0.69322699
 -0.8926921  -0.8754918  -0.5608316  -0.61247353 -0.68894032 -0.98345059
 -0.6739509  -0.74642343 -0.76604687 -0.79225018 -0.46518388 -0.25207401
 -0.49001012 -0.27492716 -0.45130552 -0.42954268 -0.36849136 -0.22090704
 -0.39526622 -0.4660451  -0.37513806 -0.26124153 -0.13325191 -0.50610043
 -0.37819154 -0.4749741  -0.23848257 -0.45529461 -0.18973171 -0.57908758
 -0.23358336 -0.31143263 -0.39201769 -0.35947366 -0.44218947 -0.37403508
 -0.45869772 -0.46114562 -0.63820996 -0.30921671 -0.30530102 -0.19999549
 -0.70511647 -0.50460984 -0.51213667 -0.1436083  -0.41542987 -0.4027641
 -0.36030214 -0.56670201 -0.22131276 -0.52706426 -0.29580851 -0.34843004
 -0.53196792 -0.55864372 -0.4726271  -0.47140216 -0.37735306 -0.4689699
 -0.42044454 -0.45075595 -0.434605   -0.70378525 -0.45626385 -0.43778076
 -0.41613444 -0.54044168 -0.66740396 -0.57323737 -0.41613195 -0.40514264
 -0.67605878 -0.47932339 -0.4813472  -0.34117616 -0.47888349 -0.41181863
 -0.48865325 -0.49027786 -0.43834465 -0.54788104 -0.46239872 -0.49652835
 -0.4528661  -0.51064493 -0.43126051 -0.47337026 -0.45111006 -0.4078407
 -0.44735499 -0.49802883 -0.86410303 -0.43466087 -0.52904252 -0.53641382
 -0.4508041  -0.46490762 -0.47779131 -0.57205301 -0.43322809 -0.46797361
 -0.42967745 -0.52290534 -0.43945037 -0.49268008 -0.56337562 -0.53717179
 -0.67541877 -0.39636746 -0.60960168 -0.51041557 -0.47798396 -0.5246725
 -0.51686702 -0.43532825 -0.46727911 -0.48185912 -0.40849557 -0.47322029
 -0.50911586 -0.43459656 -0.52274241 -0.49253025 -0.47403534 -0.49777281
 -0.45776358 -0.4436153  -0.46620732 -0.50349482 -0.44609476 -0.3983377
 -0.57742608 -0.4538392  -0.49595413 -0.5997245  -0.51436445 -0.49541502
 -0.42016424 -0.44763241 -0.42505293 -0.38203713 -0.43764236 -0.49663355
 -0.52714221 -0.53212693 -0.49780089 -0.53140118 -0.48063122 -0.45859425
 -0.50044136 -0.51629985 -0.47788024 -0.54124349 -0.44250386 -0.44736491
 -0.52470451 -0.5065588  -0.55263993 -0.42509588 -0.44862389 -0.453499
 -0.41650563 -0.47198203 -0.48291786 -0.62518319 -0.42082798 -0.52514969
 -0.4972764  -0.46975457 -0.57513828 -0.56172185 -0.50008409 -0.64833365
 -0.60423468 -0.50976332 -0.59978535 -0.61170241 -0.46594579 -0.59606022
 -0.4390561  -0.49793277 -0.59666856 -0.4559884  -0.4388979  -0.48701975
 -0.49288833 -0.46175891 -0.56851652 -0.52948285 -0.50826592 -0.53420924
 -0.57055326 -0.50942807 -0.59759597 -0.55376722 -0.56078846 -0.55262393
 -0.49026226 -0.56139926 -0.5633179  -0.53864687 -0.53074225 -0.56253065
 -0.60545329 -0.4862104  -0.45548237 -0.53348754 -0.82343406 -0.48722594
 -0.53598019 -0.45595749 -0.53274145 -0.54073937 -0.46300911 -0.41307184
 -0.39018577 -0.52612046 -0.4481029  -0.4877756  -0.50048033 -0.43352137
 -0.54242858 -0.52292553 -0.54212538 -0.57396616 -0.51415346 -0.54854971
 -0.56349269 -0.53515772 -0.52773973 -0.48415884 -0.40396516 -0.52293268
 -0.73715532 -0.49005395 -0.4930241  -0.64126288 -0.39968802 -0.58462983
 -0.55120665 -0.42357888 -0.47464499 -0.50575138 -0.59755576 -0.49738681
 -0.45923711 -0.4503153  -0.41367694 -0.39347957 -0.38642664 -0.44269961
 -0.42166965 -0.4541393  -0.47049566 -0.44902111 -0.44393976 -0.43611843
 -0.45106237 -0.41833613 -0.43455131 -0.51209065 -0.49108233 -0.47799799
 -0.39885344 -0.43250468 -0.39882193 -0.39993345 -0.40941439 -0.44674543
 -0.43287969 -0.48821165 -0.42672619 -0.43384666 -0.51082649 -0.44176074
 -0.46091366 -0.34175314 -0.47840369 -0.40112211 -0.40468213 -0.40233523
 -0.40861923 -0.47308961 -0.41874948 -0.43999985 -0.4270765  -0.44563152
 -0.40091798 -0.45017754 -0.4568886  -0.49909713 -0.40145792 -0.39465965
 -0.41060048 -0.46293234 -0.47010214 -0.45701893 -0.54664853 -0.60959532
 -0.49485447 -0.42273588 -0.41726945 -0.47828578 -0.41780947 -0.43788959
 -0.40873498 -0.43753455 -0.44129729 -0.50101396 -0.5364634  -0.43543965
 -0.51971461 -0.37239186 -0.43217479 -0.4320773  -0.47813966 -0.46557729
 -0.43812157 -0.3634176  -0.54143086 -0.41617604 -0.47918157 -0.40988114
 -0.47061038 -0.56556463 -0.52028654 -0.39793987 -0.44590282 -0.48211287
 -0.49067775 -0.51716537 -0.67713176 -0.44944373 -0.41617964 -0.4599716
 -0.37670897 -0.47240519 -0.44363178 -0.4752093  -0.40572797 -0.46213203
 -0.39574811 -0.53492249 -0.51902934 -0.36408492 -0.41960362 -0.4622748
 -0.47804762 -0.58699516 -0.4462493  -0.55594415 -0.51632795 -0.49945911
 -0.53018159 -0.41791709 -0.4394777  -0.48427509 -0.38130207 -0.28555592
 -0.41396923 -0.44448778 -0.51725851 -0.29948117 -0.59479845 -0.58438608
 -0.4077045  -0.47139192 -0.50354765 -0.80091107 -0.36365331 -0.36345878
 -0.66719093 -0.38012029 -0.63939209 -0.58109996 -0.56369352 -0.88961243
 -0.36597816 -0.37628664 -0.5613756  -0.50576472 -0.29361598 -0.42884854
 -0.29726416 -0.43996853 -0.5906747  -0.42763085 -0.31241632 -0.41856383
 -0.45975295 -0.33482615 -0.43408089 -0.42996921 -0.50014708 -0.39361787
 -0.48717234 -0.32370491 -0.60830812 -0.35473981 -0.46974765 -0.37153774
 -0.64119909 -0.56753784 -0.50560055 -0.46121652 -0.39975613 -0.53482764
 -0.42614575 -0.57381633 -0.43478467 -0.35430228 -0.47804131 -0.47340752
 -0.40790834 -0.40497926 -0.45272021 -0.36227909 -0.35786583 -0.43097531
 -0.37883003 -0.46824425 -0.49033781 -0.38886094 -0.56868146 -0.36409507
 -0.46525617 -0.94064292 -0.40647995 -0.375022   -0.45652776 -0.56172536
 -0.40399159 -0.61415998 -0.61410635 -0.56194358 -0.34846998 -0.43303322
 -0.34888937 -0.34307021 -0.38296102 -0.39941266 -0.52889507 -0.51260486
 -0.43846763 -0.4269202  -0.27034759 -0.43790506 -0.41251903 -0.45768378
 -0.457083   -0.66780389 -0.61930449 -0.6732715  -0.58457136 -0.43959907
 -0.72903475 -0.63501537 -0.83663453 -0.62993481 -0.73700745 -0.69376256
 -0.68399486 -0.62263999 -0.73780501 -0.56939712 -0.60872741 -0.59827991
 -0.57065145 -0.72108332 -0.72879451 -0.3963027  -0.66798578 -0.64235479
 -0.60337554 -0.92368416 -0.70650942 -0.76593277 -0.5701479  -0.48030707
 -0.59525546 -0.66933083 -0.53814947 -0.56588072 -0.64430011 -0.79625959
 -0.61324578 -0.74288924 -0.68021983 -0.61347439 -0.61623101 -0.63480349
 -0.58646293 -0.61678588 -0.60150102 -0.60020305 -0.63751696 -0.49788192
 -0.84643677 -0.8260577  -0.68863415 -0.62945467 -0.65373228 -0.56110785
 -0.48237118 -0.69285459 -0.60197789 -0.61686296 -0.75762711 -0.68036514
 -0.73035902 -0.72013278 -0.73636682 -0.57011708 -0.70586855 -0.68806963
 -0.59590228 -0.71475435 -0.70180561 -0.65456088 -0.63270948 -0.43979542
 -0.68595009 -0.54981323 -0.60451464 -0.6657286  -0.51223651 -0.93040075
 -0.67082767 -0.63892849 -0.4779923  -0.67459922 -0.74677511 -0.7620934
 -0.4866411  -0.61762693 -0.57482838 -0.65570441 -0.68475888 -0.65499132
 -0.63902655 -0.59440899 -0.64638104 -0.61328247 -0.57051086 -0.60725028
 -0.53349769 -0.60256733 -0.76937991 -0.80506993 -0.64550962 -0.72462104
 -0.56279233 -0.60965131 -0.84983598 -0.57887911 -0.749616   -0.69616726
 -0.67465401 -0.6607858  -0.65270171 -0.63409937 -0.56581341 -0.55069181
 -0.64698465 -0.83025973 -0.64417414 -0.6391352  -0.55465482 -0.76844699
 -0.64429436 -0.67070231 -0.64141588 -0.56466522 -0.50280768 -0.55526312
 -0.56669619 -0.60797842 -0.57218457 -0.70236818 -0.74943862 -0.74521538
 -0.49330349 -0.48466756 -0.47589246 -0.61993818 -0.53841326 -0.68133186
 -0.68261744 -0.55047648 -0.5796389  -0.60680337 -0.55650362 -0.50561872
 -0.62151279 -0.60220399 -0.53869155 -0.65874632 -0.59849642 -0.70051792
 -0.63489174 -0.47413245 -0.88106354 -0.47931938 -0.55365991 -0.61610551
 -0.70975759 -0.83600614 -0.72901178 -0.54587591 -0.56947512 -0.73244901
 -0.54935477 -0.57830572 -0.62639149 -0.59724442 -0.50079027 -0.39042047
 -0.54844256 -0.52728191 -0.69160263 -0.54653633 -0.60437811 -0.53554803
 -0.6542468  -0.48201966 -0.60574603 -0.56240281 -0.57413286 -0.90588045
 -0.55121661 -0.69170943 -0.53139445 -0.47575135 -0.98507738 -0.53067046
 -0.58054591 -0.48529606 -0.43889047 -0.45854984 -0.41349945 -0.45805148
 -0.40882125 -0.38620139 -0.47318399 -0.4496767  -0.38106464 -0.47919754
 -0.47648872 -0.43346225 -0.41182527 -0.45014915 -0.69495161 -0.66075832
 -0.70403593 -0.65492147 -0.70597821 -0.70965985 -0.70956468 -0.6622531
 -0.8029489  -0.70722778 -0.68180586 -0.6798076  -0.54433061 -0.71074403
 -0.58828127 -0.71390987 -0.67400405 -0.73745855 -0.71296057 -0.6913696
 -0.77733065 -0.76746881 -0.73064258 -0.89332576 -0.36413859 -0.5575552
 -0.62590992 -0.4100637  -0.47814934 -0.53221784 -0.57030698 -0.63157329
 -0.49521345 -0.29117494 -0.43097528 -0.42368785 -0.67976578 -0.56762391
 -0.32216246 -0.30239066 -0.45903244 -0.51571074 -0.33851038 -0.45950286
 -0.29534634 -0.45386716 -0.51594239 -0.28645905 -0.50854249 -0.53441426
 -0.49643888 -0.49672441 -0.38942243 -0.3987805  -0.50628762 -0.44640498
 -0.46418407 -0.33044972 -0.37107333 -0.34079943 -0.46464946 -0.41666136
 -0.5135659  -0.43860677 -0.27884992 -0.40832754 -0.48574699 -0.50498814
 -0.48870117 -0.55251911 -0.60735885 -0.53827009 -0.52058333 -0.25224965
 -0.75653957 -0.53222523 -0.53163821 -0.33415072 -0.46261559 -0.15621263
 -0.27355494 -0.53310036 -0.29297757 -0.53699171 -0.44214527 -0.34008195
 -0.34488725 -0.51280707 -0.4224867  -0.44615093 -0.38904278 -0.68398255
 -0.34741753 -0.43622036 -0.32544148 -0.58680293 -0.44348437 -0.28244403
 -0.44421427 -0.42035767 -0.4380276  -0.38170223 -0.38936239 -0.27738065
 -0.37043196 -0.30929621 -0.35215055 -0.4777536  -0.41593088 -0.31921424
 -0.51752923 -0.54763172 -0.49683239 -0.53143856 -0.34570181 -0.50432493
 -0.5209687  -0.48390327 -0.6757103  -0.56176664 -0.42870623 -0.24374547
 -0.31264239 -0.3264295  -0.36379868 -0.37762964 -0.27776203 -0.48217957
 -0.39970096 -0.31454984 -0.39143302 -0.27322435 -0.34833603 -0.33479928
 -0.47742309 -0.29305203 -0.27017116 -0.36803498 -0.31423854 -0.30561131
 -0.34437373 -0.36535941 -0.3965531  -0.37909565 -0.39638832 -0.37619848
 -0.30900117 -0.33833265 -0.38507811 -0.27451545 -0.33983058 -0.30854434
 -0.3968783  -0.32289699 -0.39577045 -0.28983006 -0.29122765 -0.33817418
 -0.30453106 -0.23963936 -0.34003178 -0.30313142 -0.43549842 -0.38060443
 -0.27784009 -0.32211499 -0.39995467 -0.338718   -0.35323341 -0.37267729
 -0.37780762 -0.35516084 -0.44207341 -0.4247202  -0.30617935 -0.33024636
 -0.37064688 -0.31979598 -0.33583519 -0.3690944  -0.38137323 -0.29772687
 -0.39697369 -0.3334664  -0.38064306 -0.36604125 -0.44415221 -0.39991604
 -0.33771747 -0.32127308 -0.38219667 -0.34699771 -0.36638124 -0.44935444
 -0.38600681 -0.41125909 -0.31299744 -0.32877781 -0.2765334  -0.35879595
 -0.32155854 -0.37515924 -0.25271556 -0.38264082 -0.33012478 -0.46748194
 -0.33562401 -0.35463675 -0.58757538 -0.68862656 -0.42228908 -0.52681292
 -0.52199703 -0.79152335 -0.52705174 -0.46575455 -0.57849432 -0.44824495
 -0.53394907 -0.48559359 -0.62961673 -0.82150996 -0.54831876 -0.44466053
 -0.62181296 -0.70559821 -0.36156605 -0.42133758 -0.35147621 -0.62392669
 -0.47800647 -0.68262849 -0.69056022 -0.56361404 -0.65107693 -0.49881769
 -0.62108516 -0.60123919 -0.43804658 -0.40011995 -0.43213915 -0.6157857
 -0.4505982  -0.86117436 -0.50988457 -0.72504365 -0.42553282 -0.45698641
 -0.70575026 -0.91168545 -0.53931797 -0.79375196 -0.65383423 -0.50710737
 -0.66876408 -0.64831376 -0.50346545 -0.54004543 -0.49402614 -0.54287438
 -0.89272327 -0.63469802 -0.49938585 -0.38625697 -0.52855615 -0.56718494
 -0.64559143 -0.59407623 -0.58438024 -0.55645446 -0.60944256 -0.52016066
 -0.4291327  -0.41188336 -0.80303671 -0.62046324 -0.70540816 -0.58665705
 -0.62919973 -0.78926456 -0.59464017 -0.43937693 -0.63641132 -0.77674287
 -0.49519891 -0.51007982 -0.41691531 -0.53840542 -0.53648089 -0.63871555
 -0.67663628 -0.49390916 -0.52905895 -0.50017651 -0.48236118 -0.49850963
 -0.51490391 -0.47258928 -0.47134048 -0.73542638 -0.64815361 -0.62004166
 -0.43608216 -0.62638959 -0.44682868 -0.66301388 -0.49156484 -0.47152196
 -0.54270698 -0.45829497 -0.47192827 -0.45385154 -0.4145562  -0.55745527
 -0.49454901 -0.61266488 -0.51289351 -0.5036557  -0.45415479 -0.48571046
 -0.44686212 -0.45310584 -0.54235811 -0.51989564 -0.66706136 -0.6397283
 -0.45903698 -0.42006836 -0.63679171 -0.44992725 -0.42599393 -0.52831088
 -0.42565107 -0.40781756 -0.51092917 -0.51981587 -0.5124163  -0.54487841
 -0.64849869 -0.53576746 -0.76544451 -0.39920894 -0.4940059  -0.5529322
 -0.50427181 -0.46947458 -0.49178198 -0.44945356 -0.52087802 -0.51439311
 -0.4502702  -0.48681648 -0.46683478 -0.5180275  -0.38800858 -0.48833147
 -0.64571587 -0.46877316 -0.44259041 -0.4411815  -0.46102968 -0.70473699
 -0.54962247 -0.61669215 -0.46175064 -0.49637158 -0.44837282 -0.79547847
 -0.49693506 -0.53528477 -0.70951517 -0.4812985  -0.50990793 -0.52660078
 -1.0361799  -0.39956226 -0.41891184 -0.54270412 -0.52469119 -0.45503539
 -0.52045727 -0.49306515 -0.51508668 -0.48789532 -0.53931589 -0.40043634
 -0.58910029 -0.38247008 -0.39965975 -0.64250734 -0.48309077 -0.41272846
 -0.54981543 -0.42035948 -0.42227288 -0.44148937 -0.50221078 -0.51126165
 -0.47763305 -0.51732298 -0.51200376 -0.52109642 -0.38812974 -0.52588734
 -0.83867042 -0.42784952 -0.52013555 -0.43907473 -0.26141131 -0.35223191
 -0.21039975 -0.53309244 -0.35774087 -0.47057358 -0.25012632 -0.42337657
 -0.4640785  -0.31185918 -0.40645524 -0.43150794 -0.60964001 -0.22630382
 -0.49573288 -0.1725035  -0.24826025 -0.59011633 -0.37265556 -0.2962473
 -0.41840698 -0.44807465 -0.3794074  -0.46685802 -0.22559919 -0.29846735
 -0.33451185 -0.33753637 -0.51631742 -0.30738384 -0.40246926 -0.21488681
 -0.37781242 -0.47376735 -0.28281269 -0.43984243 -0.22002117 -0.38178963
 -0.4603983  -0.42346682 -0.4546609  -0.36344738 -0.32881098 -0.49522909
 -0.32271581 -0.30672166 -0.39498391 -0.41172779 -0.24770056 -0.41795981
 -0.23918201 -0.22504537 -0.55657551 -0.53768914 -0.35362772 -0.28215338
 -0.28134288 -0.27136276 -0.43642745 -0.55807119 -0.2901089  -0.32467532
 -0.60708996 -0.43381069 -0.46507344 -0.49149076 -0.44082728 -0.32130476
 -0.43687472 -0.44361955 -0.44355063 -0.46471389 -0.4949235  -0.46718243
 -0.49299725 -0.53062903 -0.52273153 -0.31974297 -0.36134671 -0.51369884
 -0.5606873  -0.40831984 -0.44809537 -0.39011142 -0.40916716 -0.34921742
 -0.5630072  -0.37574362 -0.38045147 -0.36265565 -0.317706   -0.33737404
 -0.53154882 -0.48279804 -0.34079876 -0.2804693  -0.34313502 -0.43122439
 -0.28425113 -0.40807596 -0.47326152 -0.41507899 -0.46721053 -0.45571576
 -0.30743004 -0.40401654 -0.42004987 -0.58814182 -0.53720842 -0.28823457
 -0.32198734 -0.26520844 -0.5489325  -0.46728742 -0.42487095 -0.39416005
 -0.52598445 -0.41131358 -0.52178134 -0.38464846 -0.35606911 -0.46509116
 -0.40420807 -0.50476876 -0.39601524 -0.46505397 -0.4920207  -0.35406681
 -0.5363734  -0.53367763 -0.48223764 -0.5503018  -0.62929326 -0.45618876
 -0.39014551 -0.34559583 -0.40627012 -0.43886301 -0.23664413 -0.52365572
 -0.39211557 -0.50808726 -0.56437063 -0.36675258 -0.31556709 -0.53488382
 -0.50275337 -0.69260026 -0.48461868 -0.59744636 -0.21385584 -0.33776515
 -0.53079244 -0.54379333 -0.3432713  -0.46207923 -0.49251398 -0.51546833
 -0.44913051 -0.22450127 -0.52443592 -0.41171495 -0.63794747 -0.4746286
 -0.40774109 -0.52325889 -0.53579796 -0.53674552 -0.46668232 -0.46311262
 -0.38826708 -0.55676748 -0.52137087 -0.70370632 -0.54368892 -0.61433132
 -0.64585649 -0.66466696 -0.76871407 -0.73775551 -0.66272576 -0.92587332
 -0.53051929 -0.66614743 -0.65233605 -0.58460703 -0.51691851 -0.56411204
 -0.71565861 -0.68311596 -0.51521703 -0.50832632 -0.62550763 -0.62358871
 -0.69481293 -0.36742781 -0.77476541 -0.49649383 -0.76771122 -0.35271758
 -0.93739322 -0.77673178 -0.72110978 -0.48071086 -0.23248314 -0.63401525
 -0.80913704 -0.47827987 -0.37050041 -0.59754676 -0.94253997 -0.45996344
 -0.79442802 -0.5172518  -0.56553945 -0.64774426 -0.59584747 -0.71542782
 -0.6284775  -0.60957017 -0.45898523 -0.56299999 -0.46755843 -0.44737121
 -0.43904621 -0.56206103 -0.59339537 -0.73096869 -1.0716363  -0.63289919
 -0.67002155 -0.63482148 -0.65143295 -0.61873101 -0.61307534 -0.63247006
 -0.5983339  -0.70642028 -0.63726088 -0.5778879  -0.61360554 -0.54843162
 -0.60152741 -0.59956712 -0.61361823 -0.61002265 -0.35038938 -0.61481829
 -0.60767632 -0.95069432 -0.58612303 -0.70628707 -0.6352226  -0.59221895
 -0.62777411 -0.52064244 -1.02021886 -0.61513175 -0.61333523 -0.59496919
 -0.59179257 -0.63120608 -0.62244531 -0.6213604  -0.6739304  -0.46789231
 -0.75821202 -0.58635809 -0.62805138 -0.52805542 -0.60410177 -0.49346285
 -0.50257303 -0.65074304 -0.59667612 -0.64299008 -0.6280716  -0.48155535
 -0.66979429 -0.59235962 -0.70972519 -0.58382997 -0.5658654  -0.58412701
 -0.59493972 -0.56600913 -0.66034528 -0.60907914 -0.80407726 -0.69550335
 -0.61553845 -0.76565735 -0.6513437  -0.66095935 -0.79253845 -0.75172497
 -0.74924232 -0.79520398 -0.75524395 -0.848944   -0.84976618 -0.81232886
 -0.61788801 -0.80346857 -0.76450672 -0.82230132 -0.74633275 -0.67072494
 -0.74633874 -0.56800232 -0.88273577 -0.86707663 -0.90747275 -0.94932416
 -0.6112485  -0.6694996  -0.85060862 -0.6730976  -0.80654466 -0.88309539
 -0.91028996 -0.78113564 -0.83816163 -0.93875441 -0.69228675 -0.6171896
 -0.92300199 -0.86806294 -0.79556227 -0.87744812 -0.91273048 -0.75842322
 -0.70911464 -0.83413444 -0.77431266 -0.61306213 -0.8101924  -0.88860468
 -0.84326234 -0.7119322  -0.75273789 -0.92789907 -0.79301424 -0.73604848
 -0.61921431 -0.75137886 -0.86388731 -0.81928583 -0.65878179 -0.74370579
 -0.76301586 -0.87107551 -0.86861317 -0.80473808 -1.13817906 -0.96181589
 -0.63126687 -0.8672088  -0.69898316 -0.66502687 -0.79899107 -0.99205899
 -0.6335213  -0.81848985 -0.81924128 -0.94356429 -0.81792213 -0.83438924
 -0.83238331 -0.86718907 -0.89420806 -0.7991596  -0.72060032 -0.78682624
 -0.63818075 -0.71910224 -0.54499832 -0.85153445 -0.87201693 -0.79883644
 -0.77932124 -0.74357919 -0.93308675 -0.90731699 -0.79118458 -0.9716294
 -0.70658384 -0.67048123 -0.25825664 -0.39597602 -0.36870418 -0.2639628
 -0.34115513 -0.27653806 -0.23346786 -0.51722812 -0.45778413 -0.30177502
 -0.34818711 -0.29331311 -0.33302248 -0.26767534 -0.32060374 -0.31300091
 -0.21417909 -0.50347357 -0.25923116 -0.24030324 -0.28967766 -0.22106165
 -0.29129016 -0.24327538 -0.32448896 -0.31195678 -0.39343998 -0.37119255
 -0.42890363 -0.46916399 -0.3134905  -0.24061539 -0.2714963  -0.30230156
 -0.34659693 -0.34612213 -0.2865777  -0.19512468 -0.47686939 -0.43780525
 -0.25673657 -0.24408372 -0.52997711 -0.17792154 -0.50355419 -0.2504458
 -0.39229929 -0.26412117 -0.36906467 -0.34626434 -0.49170948 -0.331136
 -0.42776911 -0.62904765 -0.5855753  -0.63341225 -0.6247611  -0.79979265
 -0.56119645 -0.6564742  -0.63425975 -0.67561522 -0.63904754 -0.59549983
 -0.64244897 -0.68306147 -0.64353139 -0.63726543 -0.62915579 -0.61370184
 -0.59020572 -0.56901127 -0.58125004 -0.60920895 -0.61230789 -0.59811006
 -0.69723315 -0.67889514 -0.53848788 -0.68588163 -0.53216855 -0.59978327
 -0.66101641 -0.68333979 -0.52187101 -0.63200921 -0.61251479 -0.57910696
 -0.61442709 -0.61610567 -0.77290303 -0.6012207  -0.631628   -0.67434555
 -0.66053269 -0.56616461 -0.66824693 -0.64131244 -0.55105286 -0.61713499
 -0.56196008 -0.72061059 -0.63492188 -0.61185783 -0.54970035 -0.5844527
 -0.6039705  -0.58284766 -0.58183941 -0.58334868 -0.54120846 -0.57661708
 -0.65516564 -0.55626458 -0.56703418 -0.54241178 -0.59507336 -0.69871411
 -0.65899466 -0.68604343 -0.57391098 -0.55175572 -0.61540872 -0.70781453
 -0.57270832 -0.68692047 -0.61100088 -0.61351214 -0.61100376 -0.58381964
 -0.6078124  -0.64371823 -0.5790329  -0.48757365 -0.56476094 -0.67672544
 -0.63800413 -0.65844402 -0.51171699 -0.6662237  -0.58460378 -0.60553765
 -0.44938903 -0.66817971 -0.42928342 -0.61446977 -0.57914892 -0.70881248
 -0.70574777 -0.53957684 -0.7018058  -0.6691904  -0.65344972 -0.35359658
 -0.74480048 -0.55032961 -0.78507279 -0.54019834 -0.55019779 -0.6414155
 -0.73301747 -0.51002781 -0.48470723 -0.44340646 -0.5885977  -0.69295079
 -0.69369093 -0.3906098  -0.55670595 -0.49740815 -0.41952719 -0.58992101
 -0.58135379 -0.71430301 -0.61648098 -0.59457938 -0.57898024 -0.554563
 -0.560752   -0.57878779 -0.69913006 -0.57160808 -0.6294926  -0.58166314
 -0.59571388 -0.7183043  -0.59374017 -0.55344381 -0.61026127 -0.58836918
 -0.63685419 -0.65420862 -0.55762861 -0.58196537 -0.59850437 -0.62992193
 -0.69869816 -0.59209378 -0.60455191 -0.53262829 -0.90134027 -0.67495911
 -0.72478904 -0.67553505 -0.56067644 -0.51514365 -0.60094472 -0.66784805
 -0.65848526 -0.65789487 -0.58120389 -0.65203978 -0.58897898 -0.5798096
 -0.51144538 -0.6292527  -0.58588124 -0.58071341 -0.40071012 -0.61629113
 -0.4607295  -0.4559502  -0.50624764 -0.50105021 -0.43199092 -0.45189695
 -0.39676024 -0.49634166 -0.21267037 -0.35762456 -0.42599894 -0.52763722
 -0.43886137 -0.42999119 -0.43048952 -0.46068982 -0.37837292 -0.50800017
 -0.43670519 -0.45779706 -0.45365361 -0.50054605 -0.42020368 -0.53902641
 -0.47856891 -0.20347388 -0.46941264 -0.49772827 -0.45855631 -0.28085648
 -0.45081059 -0.47435288 -0.14326014 -0.49845889 -0.75606362 -0.65258784
 -0.66925521 -0.65803646 -0.68785549 -0.67759439 -0.63352883 -0.66812195
 -0.58140021 -0.63034981 -0.7078221  -0.48072376 -0.67389366 -0.85697242
 -0.61441589 -0.76159173 -0.66767057 -0.70979051 -0.72953502 -0.62938889
 -0.66321375 -0.66645153 -0.62906057 -0.6822414  -0.61880807 -0.70646675
 -0.4722121  -0.70408203 -0.5853667  -0.72444867 -0.72334717 -0.74386302
 -0.69411991 -0.68844789 -0.66049507 -0.71947701 -0.66411065 -0.69595212
 -0.65325421 -0.65587054 -0.66014707 -0.64813259 -0.65164919 -0.72673891
 -0.63961921 -0.58982932 -0.6789044  -0.66934923 -0.68067594 -0.68466981
 -0.70004369 -0.55741131 -0.60916037 -0.67058082 -0.73112699 -0.68800748
 -0.49685983 -0.60629723 -0.67559589 -0.75366864 -0.64939974 -0.66040503
 -0.66237742 -0.6233474  -0.55071333 -0.59138011 -0.62471607 -0.59154719
 -0.50564778 -0.54029128 -0.66037861 -0.55355261 -0.79306442 -0.89818223
 -0.7866978  -0.90338237 -0.86684899 -0.84559336 -1.07541382 -0.90534176
 -0.72365639 -1.04981984 -0.8515037  -0.80564937 -0.83663519 -0.91681253
 -0.88276123 -0.90351585 -0.93149996 -0.86148394 -0.83190173 -0.81134456
 -0.95897103 -0.89314415 -0.87577271 -0.91925549 -0.820315   -0.90170672
 -0.75488042 -0.80771799 -0.86698467 -0.95545458 -0.82260694 -0.82340663
 -0.71978315 -0.92078597 -0.90049049 -0.84630751 -0.84802547 -1.02410049
 -0.97078367 -0.99330407 -0.75906396 -0.89892238 -1.00948559 -0.81661575
 -0.89607575 -0.90149621 -0.27601124 -0.4094896  -0.41295442 -0.42132386
 -0.52408583 -0.42603517 -0.308042   -0.53381641 -0.40816959 -0.17972489
 -0.40822838 -0.222137   -0.71828385 -0.39964846 -0.43285862 -0.41680305
 -0.45547365 -0.30358877 -0.23000081 -0.47704648 -0.3212945  -0.26802149
 -0.49887526 -0.1987407  -0.31312744 -0.34364066 -0.25392615 -0.21950131
 -0.27793222 -0.26206265 -0.25981695 -0.39776074 -0.34981447 -0.20676512
 -0.44885563 -0.24603487 -0.22303948 -0.26186177 -0.41348898 -0.48524001
 -0.3859363  -0.33208392 -0.30784489 -0.28897745 -0.28709165 -0.5103525
 -0.39105078 -0.24655283 -0.52102644 -0.32618484 -0.53214622 -0.27629458
 -0.24744767 -0.34706382 -0.22607568 -0.79180108 -0.36611647 -0.27267109
 -0.23071283 -0.60004152 -0.38583362 -0.33201263 -0.40616604 -0.30958164
 -0.51198497 -0.43610989 -0.73008461 -0.80650794 -0.59203994 -0.69200013
 -0.78614252 -0.91091921 -0.71277997 -0.62832818 -0.66989226 -0.74155718
 -0.65250117 -0.68195456 -0.69892057 -0.55759678 -0.75124182 -0.8064619
 -0.62441485 -0.70153054 -0.74406831 -0.57530403 -0.6931934  -0.69151052
 -0.75474667 -0.73221111 -0.61531592 -0.81209696 -0.71546449 -0.75027555
 -0.66078074 -0.74815033 -0.66660647 -0.7616929  -0.78610581 -0.55749374
 -0.72402612 -0.64832924 -0.70644984 -0.76129143 -0.66124876 -0.6312715
 -0.67708099 -0.54070891 -0.64872793 -0.60827848 -0.74355033 -0.60654291
 -0.78304282 -0.71987326 -0.75239359 -0.76589062 -0.62180882 -0.74941858
 -0.7182906  -0.80764691 -0.62447369 -0.68224041 -0.76318808 -0.76026423
 -0.77403332 -0.79103346 -0.65137486 -0.75432513 -0.79938127 -0.51328824
 -0.70811407 -0.63265    -0.68625654 -0.49018449 -0.46650063 -0.69098862
 -0.85590803 -0.76196433 -0.73595526 -0.7399878  -0.86842714 -0.74260738
 -0.64820657 -0.73599863 -0.67455029 -0.71317517 -0.53989805 -0.73334986
 -0.70056479 -0.70329498 -0.70874497 -0.66588011 -0.64124585 -0.52204641
 -0.70826534 -0.82571445 -0.62944255 -0.77310235 -0.67048423 -0.63964908
 -0.70251753 -0.7984949  -0.69497438 -0.73188336 -0.57613379 -0.59373663
 -0.32661174 -0.80734405 -0.67946386 -0.70068889 -0.50506548 -0.74275176
 -0.56617863 -0.84154862 -0.93520197 -0.90852809 -0.51950973 -0.38155911
 -0.64158204 -0.71131468 -0.76635483 -1.14486448 -0.72327433 -0.43158646
 -0.59550497 -0.74391086 -0.65560499 -0.70596201 -0.86609028 -0.69547736
 -0.60735121 -0.89080832 -0.59373763 -0.51813523 -0.64492145 -0.7057786
 -0.5601497  -0.7412813  -0.59985083 -0.64995795 -0.63772315 -0.51170708
 -0.68154444 -0.60599783 -0.48689438 -0.71788745 -0.72283218 -0.67259135
 -0.50105533 -0.72073007 -1.14088972 -0.57107036 -0.56614466 -0.63148723
 -0.72705243 -0.58634757 -0.51308409 -0.73572632 -0.80284257 -0.74812639
 -0.53987675 -0.72772401 -0.75338834 -0.51243692 -0.72604094 -0.52368332
 -0.6778069  -0.73915048 -0.87080055 -0.38657021 -0.78110571 -0.955484
 -0.77013234 -0.75426874 -0.72365843 -0.77249498 -0.63199333 -0.71833631
 -0.45722229 -0.64629051 -0.53647292 -0.64162092 -0.77270303 -0.72890289
 -0.76951762 -0.66667462 -0.63942779 -0.45304792 -0.55449337 -0.76482055
 -0.63859006 -0.74354934 -0.73546488 -0.64541428 -0.78455819 -0.87216704
 -0.53851644 -0.62469735 -0.51748985 -0.60876629 -0.60552264 -0.68270162
 -0.70224627 -0.41953111 -0.66935641 -1.04159988 -0.63784572 -0.71641989
 -0.90453155 -0.75256514 -0.82734351 -0.61665956 -0.70797015 -0.7676086
 -0.79583968 -0.60136301 -0.79606808 -0.64212803 -0.35341954 -0.61592919
 -0.634786   -0.6124144  -0.43019524 -0.71895207 -0.59057229 -0.77562717
 -0.72157156 -0.70652637 -0.68904162 -0.75629792 -0.57137311 -0.76821886
 -0.38579985 -0.70587271 -0.51363701 -0.32622705 -0.48318728 -0.85862942
 -0.60558755 -0.76655995 -0.73556242 -0.62182144 -0.62698714 -0.73306131
 -0.62627251 -0.57460112 -0.65712318 -0.75197166 -0.44890445 -0.5985586
 -0.5725152  -0.21674494 -0.90178608 -0.73376164 -0.66554321 -0.90026459
 -0.17298679 -0.73430365 -0.53057043 -0.64427773 -0.49042087 -0.69219979
 -0.98992124 -0.83618981 -0.42894752 -0.73405197 -0.76694719 -0.53567181
 -0.69559121 -0.6948259  -0.64724858 -0.6481924  -0.62295138 -0.37409709
 -0.9083269  -0.78252166 -0.50936146 -0.7295337  -0.91728878 -0.59418587
 -0.3881423  -0.67582938 -0.72040873 -0.64481978 -0.69773896 -0.6905035
 -0.79740419 -0.68240218 -0.75639433 -0.63193752 -0.539844   -0.60942851
 -0.60421954 -0.46485518 -0.63380414 -0.78780744 -0.66889829 -0.29959392
 -0.6883444  -0.52570664 -0.71534629 -0.66877793 -0.4782754  -0.54962477
 -0.53326926 -0.77489973 -0.56380922 -0.50528012 -0.72600791 -0.55314247
 -0.66340775 -0.52176685 -0.73449107 -0.58529957 -0.79125561 -0.65933806
 -0.41742758 -0.47755906 -0.59955116 -0.67092501 -0.72729184 -0.86834167
 -0.40177052 -0.7458682  -0.37437191 -0.64771246 -0.9157916  -0.90121485
 -0.56710409 -0.56773095 -0.6797495  -0.60844457 -0.84556432 -0.93062447
 -0.69326436 -0.80570913 -1.06941567 -0.82901969 -0.62712611 -0.76003217
 -0.92711515 -0.76106133 -0.59983399 -0.77538984 -0.72397094 -0.71172851
 -0.70803409 -0.73496823 -0.65877108 -0.72093412 -0.70380058 -0.69743597
 -0.73141414 -0.52327231 -0.83191548 -0.19945943 -0.45847634 -0.53541561
 -0.63364722 -0.25643109 -0.47708323 -0.42300076 -0.45592203 -0.27372504
 -0.43142549 -0.44038648 -0.29990948 -0.13170263 -0.286271   -0.31646344
 -0.08045696 -0.30840778 -0.53148105 -0.51989008 -0.35230538 -0.34906511
 -0.45016179 -0.58078976 -0.56478999 -0.68560118 -0.34751125 -0.43308432
 -0.13814706 -0.51721291 -0.56259848 -0.55323616 -0.52030261 -0.51250888
 -0.32374218 -0.57647009 -0.35749781 -0.45122354 -0.5102017  -0.52863901
 -0.56214161 -0.52818759 -0.52947649 -0.48263459 -0.76599157 -0.83246572
 -0.62504203 -0.67190472 -0.78816396 -0.67308274 -0.66395378 -0.73089829
 -0.67824554 -0.70001461 -0.63323709 -0.62646612 -0.75220371 -0.74355306
 -0.67495398 -0.72486426 -0.69699057 -0.65675425 -0.61617437 -0.68415066
 -0.6104362  -0.65431733 -0.57969479 -0.78460842 -0.62609283 -0.70781205
 -0.82782671 -0.66105463 -0.58583203 -0.77263843 -0.62533509 -0.64351369
 -0.74423648 -0.71171883 -0.61311483 -0.63420354 -0.73922667 -0.65583162
 -0.63655785 -0.69089107 -0.79068066 -0.70615159 -0.68457825 -0.75569693
 -0.56383162 -0.7540969  -0.70724056 -0.60859662 -0.60259693 -0.64190597
 -0.60343887 -0.71282516 -0.61006232 -0.67529571 -0.68103929 -0.6437176
 -0.58316631 -0.80088352 -0.5963299  -0.97860493 -0.67152963 -0.58738613
 -0.77357168 -0.60197547 -0.71931222 -0.70681016 -0.65895455 -0.65274885
 -0.82925752 -0.7256579  -0.86721944 -0.99130816 -0.59969608 -0.73493171
 -0.68458267 -0.60368468 -0.63330956 -0.67273984 -0.75023746 -0.71294058
 -0.70685005 -0.71514992 -0.76136078 -0.89168143 -0.67106096 -0.65657294
 -0.69843975 -0.74656554 -0.74310501 -0.71013147 -0.75451935 -0.63166951
 -0.77094667 -0.69298717 -0.71592389 -0.66194485 -0.70496845 -0.77826697
 -0.6569874  -1.03509267 -0.7468358  -0.63596323 -0.65518638 -0.6793291
 -0.86115762 -0.77573452 -0.61202344 -0.63773433 -0.78045153 -0.99288346
 -0.66311987 -0.81500852 -1.25141056 -0.81619068 -0.98869113 -0.81757665
 -0.62530779 -0.59988275 -0.79727107 -0.84389014 -1.02205191 -0.63045379
 -0.88965449 -0.51781754 -0.88891784 -1.03526454 -0.91798767 -0.77535672
 -0.78202809 -0.66993126 -0.78237538 -0.86135811 -0.70894336 -0.70764467
 -1.49392158 -0.88338942 -0.52896683 -0.47347888 -0.51489988 -0.5375258
 -0.50993686 -0.478606   -0.24952781 -0.49419319 -0.47112111 -0.38367791
 -0.55577988 -0.25658312 -0.49873854 -0.56238895 -0.43608667 -0.42920133
 -0.51793607 -0.51297058 -0.60181015 -0.49563201 -0.5114559  -0.43710567
 -0.46469756 -0.47336453 -0.47196808 -0.36280563 -0.5410985  -0.34344842
 -0.50277218 -0.42313821 -0.54361968 -0.54467765 -0.41396214 -0.47945431
 -0.36478474 -0.51861273 -0.53198267 -0.7814101  -0.60692529 -0.61511081
 -0.74377142 -0.75824935 -0.5930301  -0.70636741 -0.71205803 -0.60756489
 -0.65118871 -0.54455609 -0.72984885 -0.67771056 -0.60271122 -0.71323351
 -0.59066889 -0.705433   -0.61280482 -0.6715276  -0.64257103 -0.74807457
 -0.65584603 -0.70352953 -0.68201792 -0.78699248 -0.77487491 -0.6759629
 -0.68702866 -0.6493146  -0.71343587 -0.67699185 -0.7706308  -0.79146163
 -0.55607787 -0.57987076 -0.6505575  -0.72822526 -0.61758763 -0.62317258
 -0.63298858 -0.69702222 -0.61685849 -0.69141752 -0.74427639 -0.55621336
 -0.59182743 -0.70179616 -0.60609847 -0.59485698 -0.55305056 -0.70047782
 -0.69546473 -0.61048789 -0.66210723 -0.56250194 -0.65130849 -0.70337535
 -0.35253531 -0.33778008 -0.36651496 -0.24756865 -0.40361168 -0.38711338
 -0.28741083 -0.46291101 -0.38155476 -0.393635   -0.39593562 -0.40527625
 -0.44663019 -0.45928953 -0.38808729 -0.36758033 -0.49020156 -0.42140856
 -0.24635436 -0.41343399 -0.34091537 -0.50991619 -0.46093518 -0.40600444
 -0.40484791 -0.28274396 -0.35175304 -0.47696961 -0.37922531 -0.51259538
 -0.42900467 -0.45099209 -0.44336575 -0.37455102 -0.4168748  -0.39987676
 -0.40444326 -0.37170813 -0.33721211 -0.43383622 -0.52744186 -0.4197164
 -0.3766109  -0.3477772  -0.37646074 -0.3879348  -0.37121323 -0.45127396
 -0.3179513  -0.52821648 -0.30453709 -0.51454414 -0.41185491 -0.42319804
 -0.33904466 -0.37400584 -0.43523969 -0.27617258 -0.40563283 -0.4382691
 -0.42550041 -0.39008126 -0.39302127 -0.27797355 -0.48141126 -0.28887845
 -0.40487803 -0.33854924 -0.40586112 -0.34711974 -0.41269088 -0.3941166
 -0.74582256 -0.43055787 -0.62460017 -0.62990017 -0.54184768 -0.3568133
 -0.55530434 -0.47438404 -0.43046093 -0.4174013  -0.5149782  -0.41195537
 -0.53919551 -0.37801276 -0.49928733 -0.49946688 -0.52224147 -0.33982461
 -0.5969648  -0.52034382 -0.52644233 -0.44521455 -0.41818213]



*************************************************************
MODEL ERRORS (of CLIPPED predictions): 
 
[1.57024302e-02 2.68284082e-02 9.60158855e-02 2.96744891e-02
 1.49132917e-02 3.84609699e-01 5.79187423e-02 9.97554604e-03
 5.20272665e-02 3.93573567e-02 4.11575548e-02 2.51410785e-03
 5.87589107e-02 1.59906268e-01 4.67782170e-02 1.73463672e-02
 7.15483949e-02 3.60646397e-02 4.14124876e-03 6.77759349e-02
 3.02875303e-02 1.21563621e-01 8.67780000e-02 1.77023664e-01
 1.48733512e-01 3.93610783e-02 1.65485024e-01 1.32679015e-01
 2.45426949e-02 5.35636470e-02 9.47975367e-02 8.24658722e-02
 3.76342423e-02 5.66063747e-02 1.76623780e-02 8.36241394e-02
 6.18663542e-02 2.83370428e-02 1.74284298e-02 1.24378413e-01
 4.80294190e-02 6.50433078e-02 1.74133718e-01 5.18517420e-02
 1.95570551e-02 8.17470476e-02 6.94290176e-03 6.38295487e-02
 5.09750769e-02 9.05535221e-02 4.22199629e-02 3.48308939e-03
 2.07744390e-01 4.04998027e-02 9.28445980e-02 2.18766630e-02
 1.84534211e-02 1.04204891e-02 6.04864769e-02 2.03296363e-01
 3.41787450e-02 7.95391873e-02 2.25399751e-02 5.00504561e-02
 1.79987457e-02 3.27134579e-01 1.00528650e-01 1.05247118e-01
 1.66379005e-01 2.17648119e-01 3.01971547e-02 8.63914266e-02
 1.99654952e-01 1.10066488e-01 9.27709490e-02 2.57349480e-02
 4.31464836e-02 5.72962202e-02 8.99090692e-02 1.97928287e-02
 2.78008729e-01 1.10750422e-01 1.46718457e-01 1.22944929e-01
 5.26922047e-02 4.35442291e-02 1.71396598e-01 1.84224367e-01
 4.63875430e-03 1.38192371e-01 7.83276409e-02 1.01696245e-01
 1.04276299e-01 1.15329437e-01 1.16501013e-02 1.94952145e-01
 3.13871950e-02 2.90332213e-02 3.79164666e-02 2.99862158e-02
 5.80523647e-02 1.25972569e-01 1.02968261e-01 3.04234177e-02
 9.08828154e-02 7.43853748e-02 7.54018351e-02 5.96371340e-03
 7.84241930e-02 9.32090357e-02 6.06507622e-03 2.13104580e-03
 6.98772743e-02 9.28581785e-03 5.32139353e-02 1.14552937e-02
 9.97651368e-02 4.40709293e-02 4.44636494e-02 8.42870250e-02
 2.77995557e-01 1.25649888e-02 1.12791687e-01 6.91621229e-02
 1.79271206e-01 4.52987337e-03 1.67175028e-02 1.76457674e-04
 1.16462326e-02 1.99464895e-02 4.13568225e-03 1.87407881e-01
 5.34744114e-02 6.75304653e-03 1.38642803e-01 5.24703376e-02
 4.50895168e-02 6.79297606e-03 1.92407854e-02 2.32435819e-02
 1.40175715e-01 8.44962373e-02 1.19621925e-01 4.35266504e-03
 1.33291051e-01 6.11542501e-02 8.84986818e-02 2.55084317e-02
 7.52153024e-02 4.00815718e-02 7.28936270e-02 3.84740047e-02
 3.09218559e-02 5.82864359e-02 5.72726391e-02 4.40367460e-02
 2.38095652e-02 3.15835416e-01 8.11463862e-04 4.87261415e-02
 2.12916099e-02 5.25475815e-02 4.80491556e-02 1.19477749e-01
 5.13377823e-02 8.47236440e-03 3.02147847e-02 3.73902172e-02
 1.80398617e-02 3.89461108e-02 2.85188891e-02 6.42204955e-02
 2.88796909e-02 1.03208475e-01 9.32840817e-03 2.29059607e-02
 4.90553863e-02 5.03181070e-02 8.57540965e-03 1.24144644e-01
 7.68116489e-02 6.47799149e-02 1.27203897e-01 6.19905218e-02
 5.76044582e-02 1.06657654e-01 1.33947618e-02 4.84358612e-03
 6.51258081e-02 5.27359098e-02 4.59298305e-02 8.06879178e-02
 1.09435119e-01 3.78916436e-03 2.72397767e-03 1.20503671e-01
 1.79133005e-02 1.85424730e-01 1.74663346e-02 1.11256510e-01
 8.12151656e-02 1.86758433e-02 9.20018926e-02 1.18586451e-01
 1.02597037e-02 7.37091303e-02 3.55911180e-02 5.21614850e-02
 5.97195029e-02 3.36002074e-02 8.88646245e-02 3.76527384e-02
 2.12206706e-01 1.28197953e-01 6.94386363e-02 6.13708682e-02
 5.29997330e-03 8.55988786e-02 5.51174656e-02 6.88612610e-02
 9.50483158e-02 9.67022553e-02 7.13121295e-02 9.80097204e-02
 2.01836741e-03 7.86433443e-02 6.98671713e-02 1.16353229e-01
 1.06426865e-01 5.74141629e-02 9.29117426e-02 1.18735515e-01
 2.55996939e-02 1.31977703e-02 1.18478447e-01 7.38960039e-03
 3.41255516e-02 1.73835773e-02 3.68093215e-02 2.57271171e-01
 1.79616377e-01 9.33633894e-02 1.64417118e-01 1.54748475e-02
 7.54956305e-02 4.23172116e-02 8.95615742e-02 1.19085841e-01
 3.45975421e-02 1.71364844e-01 1.79968998e-02 6.79718629e-02
 2.98047513e-02 1.41189292e-01 3.77861001e-02 1.25328094e-01
 2.41860431e-02 9.20912810e-03 1.16754239e-02 8.94796550e-02
 5.06291129e-02 4.87445332e-02 1.47349730e-01 4.57491213e-03
 2.71698013e-02 3.00411507e-02 4.91499491e-02 1.37221888e-01
 1.87407836e-01 1.49679750e-01 9.78099406e-02 6.76506311e-02
 1.93265676e-01 7.60478824e-02 7.57106021e-02 1.13463886e-01
 7.47172832e-02 6.54092804e-02 8.76997560e-02 1.09424427e-01
 1.09585986e-01 8.72627273e-02 9.54869483e-03 1.15567595e-02
 1.04918301e-01 9.31550637e-02 1.31724536e-01 5.26142493e-02
 9.94424000e-02 9.78526473e-02 4.99200542e-03 4.21593487e-02
 1.27392620e-01 1.42200210e-03 4.48662043e-03 5.50515577e-02
 1.51571464e-02 1.02768384e-01 5.17920852e-02 3.72201055e-02
 7.08543360e-02 6.65310249e-02 7.22522009e-03 8.38831589e-02
 7.86310434e-02 2.11338699e-01 4.46131267e-02 1.84443686e-02
 1.29720941e-01 1.58946574e-01 7.51821026e-02 3.00179385e-02
 1.56891435e-01 4.12623920e-02 9.57332179e-02 1.76077243e-03
 1.18381187e-01 1.15727552e-03 6.59777224e-02 7.56117096e-03
 6.53019622e-02 9.27837417e-02 6.42504217e-03 9.16788056e-02
 1.91291243e-01 1.68712717e-02 6.25633448e-02 6.00456484e-02
 4.45063934e-02 8.98123235e-02 1.13588326e-01 2.54061848e-01
 7.22193792e-02 5.08499071e-02 3.49100791e-02 8.98989365e-02
 1.03028035e-02 8.87709558e-02 6.18415698e-02 6.79193959e-02
 3.09620518e-02 1.82923791e-03 5.92032671e-02 8.63323733e-03
 1.57570075e-02 1.36219691e-02 8.88942555e-02 6.41583428e-02
 1.11460410e-01 2.30508996e-03 1.98689431e-01 1.23266317e-02
 6.77516833e-02 4.56896201e-02 2.01368462e-02 7.70496577e-02
 4.89207134e-02 2.07732506e-02 2.00884178e-01 1.13643045e-02
 5.57745248e-02 2.30255034e-02 5.71062975e-02 1.84976250e-01
 5.34877516e-02 1.91335365e-01 9.98217519e-03 3.30574135e-03
 2.27153376e-01 2.99886949e-02 3.49991694e-02 1.48214521e-02
 1.31746242e-02 9.19451267e-02 5.52106500e-02 5.64447930e-03
 7.36075267e-02 1.04632288e-01 2.88438611e-02 7.01377988e-02
 1.11090958e+00 9.78189856e-02 2.79893100e-01 1.61407441e-01
 1.39419124e-01 1.07229404e-01 6.24952652e-02 2.11538989e-02
 1.26595631e-01 1.25566155e-01 3.97433713e-02 1.27709553e-01
 7.46220052e-02 3.97407375e-02 2.36869068e-03 6.12149611e-02
 1.94968004e-02 2.21433550e-01 3.17751765e-02 2.05578893e-01
 5.53558692e-02 6.75853565e-02 1.12019122e-01 8.59796628e-02
 2.21067056e-01 1.85855813e-02 1.81091968e-02 6.08938932e-02
 1.70677248e-02 3.93173285e-02 7.43913949e-02 5.97974025e-02
 1.32221848e-01 2.99274698e-02 1.09203152e-01 1.46573082e-01
 2.17673719e-01 4.15419415e-02 4.09960002e-02 2.52589792e-01
 4.55989055e-02 6.44644052e-02 1.69455290e-01 6.20784517e-03
 3.48439813e-02 5.01804752e-03 5.13837300e-02 2.95112077e-02
 3.03139109e-02 2.09699590e-02 9.34325829e-02 8.80795866e-02
 8.28812718e-02 1.29469167e-02 4.65516001e-02 4.30810638e-02
 1.08307473e-01 5.04172742e-02 1.55838681e-02 5.88931097e-03
 1.81838065e-01 2.35216677e-01 8.19103420e-03 3.79498392e-01
 6.77247941e-02 9.22050253e-02 3.57175469e-01 9.38684940e-02
 1.52590141e-01 1.05436422e-01 1.46598257e-02 7.50049278e-02
 6.74768090e-02 7.21819401e-02 2.48822913e-01 1.54273687e-02
 1.27017260e-01 1.17771693e-01 3.47752422e-02 2.13264927e-01
 1.97152704e-01 3.60967815e-02 5.73877804e-02 6.37333915e-02
 2.02629045e-02 3.36950161e-02 3.01103611e-02 2.83782750e-01
 3.59456502e-02 1.22763842e-01 8.64900276e-02 6.03368878e-02
 1.93273962e-01 1.11796677e-01 1.17605925e-01 5.73807321e-02
 1.42257303e-01 2.18235403e-01 1.61424339e-01 1.50837317e-01
 1.35915196e-02 3.06090321e-02 2.52596401e-02 4.54739295e-02
 2.52960343e-02 1.43476114e-01 1.89439021e-02 3.64125781e-02
 2.98922528e-02 1.09479073e-02 1.17515728e-01 9.19823498e-02
 1.85328759e-02 2.56888926e-01 2.69041080e-02 2.26283111e-02
 3.23892757e-02 2.53699236e-02 9.95607898e-02 3.74287716e-03
 1.74128994e-01 1.24588653e-01 3.86725366e-02 3.96280177e-02
 2.98556387e-02 4.38616425e-02 4.66075055e-02 1.57332778e-01
 1.15920737e-01 3.00453473e-02 3.70959565e-02 1.73162203e-02
 9.32064056e-02 1.50980040e-01 1.32006884e-01 6.37958795e-02
 1.02556825e-01 8.10845271e-02 7.46801123e-02 8.54342654e-02
 8.67956951e-02 1.08313799e-01 4.99791577e-02 1.95380777e-01
 5.65549470e-02 7.13940710e-02 7.99794495e-02 5.21131493e-02
 6.71462938e-02 1.03790559e-01 1.58917755e-01 3.67181562e-02
 1.62303783e-02 2.85644829e-01 2.20860690e-02 9.55109820e-02
 3.32666598e-02 6.29067048e-03 8.39605257e-02 9.76673216e-02
 5.81250601e-02 3.03404108e-02 2.43547007e-01 1.29412264e-02
 3.00572403e-02 1.54260192e-02 1.39851719e-01 7.76899904e-02
 1.01097688e-01 7.11695924e-02 1.13698564e-01 6.24432638e-02
 4.12989967e-02 3.94902006e-02 1.34449676e-01 9.37032625e-02
 1.03956312e-01 6.67089894e-02 4.64817956e-02 1.34682178e-01
 9.21711884e-03 4.75699753e-02 3.28941620e-03 6.31641150e-02
 3.74522880e-02 7.22844303e-02 3.15136872e-02 1.38024958e-02
 3.17161120e-02 8.00562873e-02 1.12018585e-02 4.19629849e-02
 6.54802332e-03 1.19377822e-02 4.59230766e-02 2.34661587e-02
 3.79993394e-02 9.10497680e-02 4.95788828e-02 1.45903468e-01
 7.41477609e-02 2.86611896e-02 5.68388514e-02 5.11802584e-02
 7.15289451e-03 7.81796277e-02 4.08017673e-02 4.02509272e-02
 6.75482303e-02 3.41022201e-02 1.97179914e-01 1.67994667e-02
 2.16599122e-01 9.33139771e-03 6.50722608e-02 6.38166815e-02
 1.44717842e-01 8.00015032e-02 5.09626530e-02 5.17710708e-02
 1.46854535e-01 7.55286440e-02 1.30435809e-01 1.76480561e-02
 1.12036392e-01 7.50703365e-02 1.90740585e-01 7.12632015e-03
 6.99740723e-02 2.60042083e-02 1.98632795e-02 3.29389237e-02
 3.35394181e-02 9.62081328e-02 7.77019002e-03 3.62383537e-02
 1.03148548e-02 4.86545973e-02 2.96230149e-03 9.65447444e-03
 1.00860909e-01 6.09293208e-02 5.08051179e-03 9.34203118e-02
 1.44931898e-01 3.49652842e-02 4.49443236e-02 4.45030630e-02
 6.16702922e-02 4.47032414e-02 7.58214891e-02 4.16525193e-02
 7.36081600e-02 2.38783330e-01 3.27725001e-02 1.76483795e-01
 5.05177528e-02 5.75790042e-03 1.03975544e-02 4.38124727e-04
 3.68972234e-02 9.04743001e-02 1.06041111e-01 5.60702123e-02
 2.19462365e-02 5.73624037e-02 1.18126243e-01 8.15198291e-03
 4.80431207e-02 7.42754387e-03 3.20309103e-02 1.74317677e-02
 1.09058782e-01 1.27728209e-01 9.98381451e-02 4.84112427e-02
 1.07798159e-01 7.66590461e-02 7.62529969e-02 4.34292182e-02
 3.48008610e-02 3.73946428e-02 4.61538061e-02 6.30755872e-02
 1.55741572e-01 1.97153054e-02 8.85958299e-02 3.58907948e-03
 2.30342112e-02 5.39474860e-02 3.30135296e-03 5.35894744e-02
 1.62509099e-01 5.43539301e-02 9.36313439e-03 7.54335895e-02
 5.60642267e-03 6.93079233e-02 1.06878459e-01 1.51510060e-01
 1.15122050e-02 8.57949555e-02 4.02789749e-03 7.94856697e-02
 2.06691734e-02 4.23271842e-02 1.72807816e-02 1.15699740e-02
 1.03118708e-02 2.42292081e-04 1.94620676e-02 5.70865385e-02
 6.02023955e-03 1.95933320e-02 5.69541231e-02 6.44879267e-02
 7.39411935e-02 5.11946715e-02 9.72167104e-02 9.69070122e-02
 1.80728897e-03 4.54069786e-02 1.13815673e-01 2.94934273e-01
 1.55686541e-02 9.37338397e-02 2.11458616e-02 1.07446432e-01
 4.79138605e-02 2.12581865e-02 1.90552413e-01 1.11393668e-01
 7.39283785e-02 5.18487655e-02 5.09372428e-02 9.85636711e-02
 6.91417158e-02 1.44128785e-01 2.48220284e-02 1.65045276e-01
 7.67372400e-02 1.64998293e-01 1.10172741e-01 6.85514212e-02
 2.28761882e-02 6.07017018e-02 6.31963685e-02 7.46997830e-04
 5.91239184e-02 5.96416276e-03 1.85787510e-02 7.75178596e-02
 9.17413160e-02 1.97141081e-01 3.27356495e-02 1.90671071e-01
 1.12665839e-01 1.18857421e-01 7.73193836e-02 1.09638765e-01
 3.31507400e-02 7.68405423e-02 4.74368222e-02 8.03336315e-03
 3.39705162e-02 2.06026360e-02 4.90366854e-02 2.31353547e-02
 5.49394824e-02 2.26257760e-02 1.90375932e-02 1.01903081e-01
 1.85731333e-02 4.73831706e-02 7.95261264e-02 7.08571151e-02
 6.83082491e-02 1.17828120e-02 3.03603299e-02 2.48428546e-02
 4.88140387e-03 4.64623235e-02 1.09255519e-02 1.37950018e-01
 1.93426870e-02 4.06886935e-02 6.74873739e-02 4.73427810e-02
 5.57049513e-02 1.20956674e-02 4.90996614e-02 5.11460267e-02
 5.92761859e-02 3.16683166e-02 3.12661119e-02 7.22498633e-03
 4.17141989e-02 6.68515116e-02 4.14965786e-02 3.28511931e-02
 2.32180357e-02 8.93589407e-02 4.94086482e-02 1.03394344e-01
 4.26770300e-02 1.51939802e-02 1.09151594e-01 3.14709730e-02
 2.48569399e-02 6.09747805e-02 3.81095968e-02 3.31355399e-03
 7.23428130e-02 2.18401868e-02 3.91968489e-02 1.24082584e-02
 4.94026653e-02 1.43590579e-02 1.25120729e-02 6.73537552e-02
 8.41794237e-02 2.42281277e-02 2.86966916e-02 2.15458483e-01
 1.45817474e-02 3.17717344e-02 2.18592677e-02 4.96173836e-02
 1.32674342e-02 1.60241872e-01 1.82061214e-02 7.92339966e-02
 1.11128718e-01 1.56174973e-02 7.35029429e-02 1.34335458e-02
 7.93275312e-02 3.10247708e-02 5.83863258e-02 5.83324432e-02
 1.82110388e-02 1.47384122e-01 2.26103738e-02 1.73401162e-01
 5.00479415e-02 2.71506538e-03 3.20306011e-02 4.16829735e-02
 4.62602749e-02 3.07110101e-02 7.34985769e-02 5.04115224e-02
 5.12279235e-02 5.91262057e-03 1.15679540e-02 1.09138899e-01
 2.50581652e-01 2.82897707e-02 2.89992038e-02 5.91486804e-02
 1.43636405e-01 4.60098572e-02 2.95052733e-02 1.57055095e-01
 1.05620259e-02 4.74931393e-03 7.87784625e-03 1.31451199e-03
 1.41555369e-02 7.40951598e-02 9.78600606e-02 1.25019237e-01
 4.14337814e-02 3.50784846e-02 5.51128499e-02 6.35518953e-02
 7.28192972e-03 7.69972510e-04 8.69749207e-03 2.48954892e-02
 1.28658742e-01 2.29215212e-02 5.19223064e-02 3.73148024e-02
 2.99581159e-02 4.43337262e-02 1.15671732e-01 6.12155236e-02
 2.91180890e-02 3.92923132e-02 6.39616745e-03 9.53591466e-02
 7.71631598e-02 1.79517552e-01 7.34685035e-03 1.29017696e-01
 8.42441693e-02 3.52850556e-02 1.37336673e-02 8.63371999e-04
 3.30472849e-02 3.24712694e-01 1.32447081e-02 3.59796472e-02
 9.85675678e-03 4.13417369e-02 2.47417465e-02 3.42116691e-02
 1.19485240e-02 7.64224455e-02 3.67842466e-02 1.02094427e-01
 2.81237401e-02 5.06998785e-02 7.22737610e-02 1.29003590e-02
 1.20539276e-03 5.73053919e-02 3.23093757e-02 2.61784233e-02
 1.27258405e-01 6.77715316e-02 2.38088757e-01 4.49275561e-02
 2.10952796e-02 3.76849272e-03 4.98603731e-02 2.07905211e-02
 1.62856337e-02 1.22678350e-03 3.45193483e-02 7.73025751e-02
 2.39746980e-02 2.58870926e-02 5.50697856e-02 3.66236130e-03
 1.01082280e-01 5.78832515e-02 9.34990644e-02 3.13649029e-02
 9.86389443e-02 4.65316214e-02 4.74861637e-02 5.70510589e-02
 2.16229931e-02 7.26899356e-02 1.40610561e-02 2.87237875e-02
 2.64413953e-02 1.29938833e-02 2.29744171e-03 1.44138888e-01
 5.26394285e-02 8.71455520e-02 4.39510420e-02 4.52095009e-02
 9.15818363e-02 1.82611737e-02 2.46056262e-02 5.55096716e-02
 1.33306123e-02 6.02691546e-02 4.52281609e-02 3.49150226e-02
 7.23177865e-02 4.81589921e-02 1.10933799e-02 1.53244331e-01
 4.94124778e-02 2.88180802e-02 5.68428710e-02 6.73035579e-03
 6.45146742e-02 1.51647002e-01 2.52923928e-02 3.14023122e-02
 8.63509327e-02 7.49434996e-03 2.47651786e-02 7.22192675e-02
 1.04042636e-02 8.23232625e-03 1.82241589e-01 1.40543774e-01
 3.33662927e-02 7.74003565e-02 4.38252874e-02 1.00866161e-01
 4.76449281e-02 3.64411734e-02 1.58942282e-01 4.07851487e-02
 1.06344034e-03 4.27562185e-02 3.76865156e-02 5.71102314e-02
 1.27651719e-02 1.29273638e-01 4.07476351e-03 1.86528966e-01
 6.33319898e-04 4.43224190e-03 2.00313732e-01 1.02931716e-01
 4.62207943e-02 4.97435976e-04 5.06991185e-02 1.38801634e-01
 6.72934577e-02 4.32293229e-02 8.42949823e-02 1.31396605e-02
 1.89651981e-01 2.17172969e-02 4.44099531e-02 6.81968927e-02
 1.82839245e-01 1.49362376e-02 1.41822472e-02 3.76329608e-02
 1.12133482e-02 3.80584262e-02 3.55035305e-01 1.66032419e-01
 3.07333078e-02 7.23288506e-02 8.97761434e-02 7.81164765e-02
 3.01022567e-02 6.22839108e-02 6.87267557e-02 7.63552962e-03
 9.19149315e-04 2.06749253e-02 3.69105092e-03 2.24280700e-01
 3.87193747e-02 1.27843156e-01 3.87679000e-04 3.44484262e-02
 7.89195374e-02 6.17224090e-02 2.49228820e-01 1.20186217e-01
 1.32548824e-01 7.56601840e-02 1.06634691e-01 1.64671749e-01
 1.09098526e-02 3.34119610e-02 1.48309514e-01 1.09777912e-01
 1.91335499e-01 6.29493818e-02 8.43631625e-02 6.82773162e-03
 4.59432043e-02 1.14502497e-01 3.07807803e-01 4.67014909e-02
 2.46393383e-02 2.40595028e-01 7.21425787e-02 1.57587789e-02
 2.17379220e-02 1.01860367e-01 1.29194513e-01 8.00004303e-02
 1.13445960e-01 2.72421520e-02 2.86611378e-01 5.89145906e-02
 1.20228287e-02 6.75487518e-02 1.14173852e-02 2.36040100e-01
 6.64860159e-02 4.67463285e-02 1.12771019e-02 1.77911192e-03
 8.25689882e-02 1.90580301e-02 7.75174499e-02 3.80123146e-02
 2.36339923e-02 1.12361170e-01 1.74857691e-01 4.78138588e-02
 1.55964151e-01 2.34889556e-02 8.89724717e-02 8.26725066e-02
 9.19895545e-02 3.28793824e-02 1.67407170e-01 3.94468606e-02
 1.25535175e-01 1.59409255e-01 4.04133759e-02 1.21865973e-01
 2.22079791e-02 2.30693668e-02 1.84552342e-01 2.56071389e-02
 7.08217248e-02 1.76847503e-01 1.21204928e-02 2.12487150e-02
 7.24181235e-02 9.40442905e-02 2.50200722e-02 1.40891969e-01
 3.02357841e-02 1.78620759e-02 6.23145364e-02 1.90494373e-01
 5.33189364e-02 3.49857472e-02 1.09185979e-01 1.82851553e-01
 9.57320929e-02 4.75688018e-02 3.94108780e-02 3.76030840e-02
 6.26271740e-02 1.08010747e-01 6.58695549e-02 4.73907404e-02
 2.84643453e-02 8.08912888e-03 4.60768901e-02 8.75402093e-02
 3.47556062e-02 2.88388412e-02 1.26056790e-01 4.02958058e-02
 2.06371203e-01 4.61179502e-02 2.49044057e-02 2.72851706e-01
 2.78484281e-02 1.32123053e-01 2.03326419e-01 1.41561717e-01
 1.72536373e-01 1.15761077e-02 5.18081374e-02 9.47466772e-03
 1.01776093e-01 9.33392793e-02 1.42528474e-01 8.33890140e-02
 1.55044004e-01 1.10364728e-01 1.08485535e-01 1.27965495e-01
 5.72718829e-02 3.71124633e-02 2.93799490e-02 7.64593631e-02
 1.54404834e-01 1.27585575e-01 5.33095151e-02 3.59330373e-03
 4.75213379e-02 9.10562556e-03 3.26355211e-02 1.20912082e-01
 8.20495859e-02 5.09437174e-03 3.45318229e-03 5.35246506e-02
 1.32921496e-02 2.64255684e-02 1.07296921e-01 6.84871674e-02
 4.32433262e-02 3.81648093e-02 1.31870478e-01 9.91641507e-02
 1.88041225e-01 1.47335725e-02 7.58926198e-02 8.84686932e-02
 3.39383483e-02 1.44132245e-02 7.75607005e-02 2.23024585e-03
 8.01263377e-02 1.39550138e-02 1.20863162e-01 1.71982288e-01
 3.62803414e-02 1.72835156e-01 1.72041741e-03 8.77237171e-02
 2.09899470e-02 6.84067141e-03 7.92884827e-02 1.18128352e-01
 4.39747237e-02 9.70184132e-02 3.11722774e-02 1.59902841e-01
 3.12565081e-02 7.27938488e-02 1.57563873e-02 4.34092991e-02
 2.53023468e-02 4.95167151e-02 3.47018912e-02 4.87450361e-02
 1.75744325e-01 4.42900062e-02 3.00180037e-02 2.48472709e-02
 5.92191480e-02 3.51982489e-02 2.62056831e-02 1.36257533e-03
 1.05944462e-01 3.56372893e-02 9.39936265e-02 8.54682103e-02
 4.79877144e-02 1.58097986e-02 3.48134339e-02 5.58231361e-02
 3.83573174e-02 3.28656733e-02 6.38674721e-02 1.07576493e-02
 6.97553009e-02 5.28912358e-02 4.37308028e-02 5.79195935e-03
 5.07402234e-02 2.54717525e-02 5.57627156e-03 2.81337500e-02
 9.15424451e-02 4.27114666e-02 8.84757936e-02 6.93148971e-02
 7.95005783e-02 1.01175234e-01 1.25798926e-01 1.72874760e-02
 1.71639826e-02 4.54378128e-02 8.11695606e-02 7.60053378e-03
 4.44303378e-02 6.01094067e-02 4.55899201e-02 5.60786016e-02
 7.15873539e-02 6.00597374e-02 6.03766739e-02 7.59273185e-04
 1.76124033e-02 1.52606562e-01 1.34830341e-01 1.83861945e-02
 1.64251160e-02 1.46501184e-01 4.75921556e-02 1.61037557e-02
 9.60978419e-02 4.13236506e-02 3.53485197e-02 7.65723700e-04
 8.44679028e-02 5.31910434e-02 2.96869669e-02 3.07133421e-02
 5.40024927e-03 6.01753332e-02 2.90278122e-02 5.73733682e-03
 8.79909098e-02 4.38526161e-02 9.80730075e-03 1.27883330e-01
 4.47066240e-02 7.11836591e-02 2.30930485e-02 1.91318039e-02
 9.28069875e-02 9.45145786e-02 2.21482478e-02 6.79456219e-02
 9.83422855e-04 8.61902758e-02 1.29728943e-01 5.59766702e-02
 1.73801370e-02 1.11034913e-02 5.18669561e-02 9.68447104e-02
 1.76637415e-02 1.44068375e-02 3.67507003e-02 7.33279511e-02
 3.03814709e-02 1.55529520e-02 8.60257372e-02 1.04054958e-02
 6.70004338e-02 2.46549882e-02 8.69970210e-03 7.33148009e-02
 4.56219865e-03 6.91063330e-02 3.45949293e-03 2.10605841e-03
 5.48991468e-03 4.18271832e-02 8.79577622e-02 5.88433556e-02
 1.66471861e-02 8.16551894e-02 1.04380168e-01 1.05059252e-03
 8.63062218e-02 5.14191017e-03 2.30789334e-02 2.31113806e-02
 5.95570430e-02 8.12358409e-02 1.67928729e-02 1.37991020e-02
 9.20951217e-02 7.17654005e-02 1.62359923e-02 5.26570529e-02
 2.32442636e-02 3.35137509e-02 1.07549071e-01 6.07178174e-03
 3.03916167e-02 5.44850267e-02 2.53273137e-02 9.15157236e-03
 1.02993986e-02 5.92665896e-02 1.54346591e-02 1.00887120e-01
 9.43144485e-02 2.34122947e-02 9.73763783e-03 1.30061418e-01
 8.81653186e-03 5.43495156e-02 1.28175747e-02 7.60208294e-02
 4.80880439e-02 1.33269429e-02 1.98336523e-02 3.40324491e-02
 4.25960533e-02 4.23438177e-02 2.30909232e-02 1.27757296e-01
 2.58332584e-02 2.39630882e-02 3.71066891e-02 1.18774585e-02
 1.74435619e-02 7.68931061e-02 1.23128146e-02 1.69634685e-01
 3.04214526e-02 2.52639526e-03 2.96765007e-03 9.57492925e-03
 8.50762986e-03 4.52501662e-02 4.63536568e-02 7.19597340e-02
 3.28758508e-02 6.86023831e-02 2.55633146e-03 6.37955442e-02
 6.39439896e-02 8.18774253e-02 2.15804242e-02 1.57681853e-02
 6.72833174e-02 1.10735722e-01 6.72485307e-02 1.84462070e-02
 5.78475706e-02 4.35095727e-02 1.70136184e-01 5.56817167e-02
 6.09297790e-02 1.61489740e-01 2.76738815e-02 3.94447036e-02
 1.22386910e-01 9.66722667e-02 3.53327543e-02 9.10377577e-02
 2.41349667e-01 8.74333158e-02 1.40463099e-01 2.55963475e-01
 2.40884833e-02 5.23290876e-03 1.20448679e-01 1.58560295e-02
 2.72857666e-04 1.62031174e-01 1.08575992e-01 4.94699627e-02
 6.32711872e-02 2.58558691e-02 3.04483213e-02 2.69520637e-02
 1.10782512e-01 5.04803751e-03 1.95882078e-02 6.09731786e-02
 3.06533445e-02 2.23780513e-01 5.38223498e-02 7.30941594e-02
 5.00358455e-03 2.80503333e-02 1.13318369e-01 4.96018343e-02
 4.70429510e-02 2.77345534e-02 8.49205479e-02 1.24946006e-01
 1.53588757e-01 9.91252214e-02 1.24450713e-01 2.52108853e-02
 4.64798547e-02 5.85656688e-02 7.93865994e-02 9.43725184e-02
 3.67411785e-02 6.17134087e-02 1.33374929e-01 5.42585226e-03
 5.41887954e-02 1.53264582e-01 1.23041302e-01 4.25976375e-03
 9.03766379e-02 2.28354167e-02 1.59510169e-02 2.14563653e-01
 3.00046280e-02 1.25450846e-02 9.81122814e-03 4.23887856e-02
 3.66157889e-02 6.35889992e-02 4.51136427e-03 1.00509189e-01
 7.69940689e-02 1.00584671e-01 3.59077789e-02 8.73796567e-02
 5.89151755e-02 3.80413458e-02 3.91578972e-02 5.86902313e-02
 7.65246004e-02 2.15833243e-02 1.07268870e-01 3.84884700e-02
 4.81922701e-02 2.49286629e-02 3.75824124e-02 3.67866270e-02
 4.93333004e-02 7.47792348e-02 2.88418103e-02 4.10416309e-04
 4.92751375e-02 7.83168375e-02 2.06746329e-02 3.75520885e-02
 8.60346034e-02 3.28811258e-03 2.01948192e-02 1.65141732e-01
 8.41933638e-02 1.07253380e-01 6.32651225e-02 6.75930036e-03
 3.78730819e-02 2.03043707e-02 9.59258340e-03 6.92615658e-02
 1.24309041e-01 4.80277874e-02 5.32850297e-03 9.65429284e-03
 5.93333766e-02 1.12984546e-01 5.25658987e-02 1.32580549e-01
 2.39720219e-03 6.88254237e-02 1.51034994e-02 3.46861072e-02
 2.46923901e-02 3.49277742e-02 4.31394242e-02 4.10919599e-02
 8.13083351e-02 4.37828153e-03 1.27813995e-01 7.57521242e-02
 2.71785967e-02 2.99266689e-02 1.77358761e-02 4.14066315e-02
 6.88303784e-02 7.40146264e-02 6.57467619e-02 1.72939282e-02
 1.11242503e-01 9.15790722e-03 1.32593006e-01 1.43650267e-02
 7.01253302e-03 7.08786324e-02 1.17635829e-02 2.14987230e-02
 4.67502214e-02 8.70985463e-02 2.09140056e-03 3.73129323e-02
 1.78319365e-01 1.54613242e-01 1.02034556e-02 2.62759905e-02
 7.44908825e-02 2.03642678e-02 9.51706246e-02 1.41872081e-03
 2.79015843e-02 2.07828898e-02 3.17049325e-01 1.25623047e-01
 3.78682255e-03 5.26873097e-02 3.83822503e-03 9.36385710e-03
 1.14024282e-01 2.09910646e-02 9.62513387e-02 1.39246825e-02
 4.59782407e-02 2.43439004e-02 3.72953415e-02 2.59905439e-02
 8.42207968e-02 7.08545893e-02 1.07732322e-02 5.76237552e-02
 4.55384701e-02 7.08832145e-02 1.63382858e-01 4.45335284e-02
 1.91601794e-02 2.94579826e-02 2.87806485e-02 9.23921540e-02
 9.27956551e-02 5.35617210e-02 8.44329521e-02 1.54391816e-02
 1.65794551e-01 7.80958608e-02 1.13440670e-01 1.19210985e-02
 1.03160761e-01 5.65598421e-02 4.41581896e-03 3.96001451e-02
 1.74164161e-01 6.45466428e-03 4.95647639e-02 4.23683003e-02
 5.98481623e-03 2.49586646e-02 9.33760107e-02 9.86329559e-03
 2.01967999e-01 5.41293956e-02 2.78138276e-02 6.49260059e-02
 8.06813613e-02 1.52176499e-01 1.07456027e-02 1.62946418e-01
 1.64106942e-03 8.68513212e-02 1.19987205e-01 1.80079835e-03
 3.10033988e-02 6.72799274e-02 1.04720116e-01 7.57436231e-02
 3.86898629e-02 3.85714248e-02 5.48771257e-03 5.57893068e-02
 4.62523364e-02 1.83902338e-01 9.22095180e-02 8.12874213e-02
 1.21983588e-01 7.02151582e-02 5.13003096e-02 7.75998011e-02
 1.36444226e-01 4.57616486e-02 2.09021587e-02 1.52978793e-01
 2.94361673e-02 5.61656943e-03 1.53821856e-01 1.03469394e-01
 2.81736515e-02 1.25807971e-01 7.49757439e-02 8.42884257e-02
 9.88564789e-02 2.75598485e-02 5.29049262e-02 1.15099296e-01
 8.25536475e-02 2.92444713e-02 6.72306195e-02 3.94508196e-03
 8.58820379e-02 8.03105235e-02 1.82662867e-02 7.89652467e-02
 6.79025948e-02 1.01300277e-01 1.58625003e-02 1.28949732e-01
 6.26614969e-03 1.29673317e-01 3.20022441e-02 1.68879706e-04
 3.41712646e-02 6.41592965e-02 2.16595590e-01 1.55856526e-02
 7.10258335e-02 6.69681430e-02 3.23308297e-02 7.96861649e-02
 1.99943613e-02 1.88776366e-02 1.52457217e-02 1.16447406e-02
 3.10236569e-02 8.89154673e-02 1.26056015e-01 7.04952255e-02
 6.10588938e-02 4.70118225e-02 4.62844446e-02 4.63172644e-02
 9.26034898e-02 6.48458526e-02 1.60479471e-02 3.46041843e-03
 5.84168583e-02 3.92287821e-02 1.50443614e-01 4.94341217e-02
 1.79504305e-02 7.77785666e-03 9.57446620e-02 3.36987637e-02
 2.12025121e-02 7.36821219e-02 1.13240257e-01 6.05670139e-02
 1.97497457e-02 5.91386184e-02 4.82315756e-02 3.45133021e-02
 6.48206398e-02 4.97452095e-02 1.08070508e-01 5.19963875e-02
 5.11344932e-02 8.28898977e-03 3.15375440e-03 3.39430310e-02
 3.56814973e-02 7.44020753e-03 9.53423604e-02 6.14101824e-04
 3.10140457e-02 8.14298987e-02 2.74584908e-02 1.00832768e-01
 6.59954101e-02 3.35868955e-01 2.66381931e-02 1.53468803e-01
 3.44225205e-02 4.04740684e-02 2.24010684e-02 7.74739170e-03
 1.55082077e-01 3.35156894e-03 2.83096850e-01 1.74571916e-01
 5.74984401e-02 9.89204738e-03 8.92395452e-02 3.74633074e-02
 3.02709043e-02 5.86252995e-02 1.24957226e-01 2.72367030e-01
 1.87472194e-01 5.27552478e-02 1.43050693e-03 6.17722534e-02
 3.14745158e-01 1.23406067e-01 6.51318952e-02 1.06918469e-01
 4.08368707e-02 3.44229117e-02 2.00982139e-01 1.51149571e-01
 2.94617176e-01 8.60271901e-02 3.55424336e-03 3.95538136e-02
 6.24686889e-02 5.46273999e-02 1.97955836e-02 6.52956590e-02
 6.13819994e-02 6.94748238e-02 1.36885300e-01 1.04873903e-01
 7.97429234e-02 7.38508701e-02 1.01159252e-01 4.71212901e-02
 6.41593263e-02 1.72469229e-01 7.95724839e-02 1.66981816e-02
 9.13260654e-02 1.96224138e-01 4.82804142e-03 8.70421976e-02
 4.76802737e-02 5.70324138e-02 2.78786430e-03 8.32076892e-02
 1.69482001e-03 1.02512658e-01 3.35053280e-02 1.13998711e-01
 6.62238374e-02 5.44928014e-02 5.62860891e-02 1.13813996e-01
 1.26256391e-01 1.01362795e-01 8.28007832e-02 9.60685387e-02
 1.22235775e-01 1.46283701e-01 1.47536963e-01 1.65440828e-01
 5.35336584e-02 7.12535996e-03 9.38307215e-03 1.03239879e-01
 1.22994430e-01 7.04413801e-02 1.02346567e-02 3.02404374e-01
 1.22546099e-01 8.26322809e-02 3.74151976e-03 8.31933320e-02
 4.88285627e-03 5.29895388e-02 1.21718775e-02 9.48258210e-03
 1.54236048e-01 1.31526321e-01 7.14750215e-02 3.21206972e-02
 6.23265095e-03 1.47844583e-01 1.87016323e-01 1.25600901e-02
 1.57903717e-03 6.14299662e-02 6.31106123e-02 8.98263007e-02
 5.51612675e-02 1.57104470e-02 6.34845570e-02 1.33542493e-01
 9.81608406e-02 3.50907221e-02 6.10850006e-02 6.32793307e-02
 4.11533713e-02 1.30401969e-01 4.92736287e-02 1.94539642e-03
 8.75474140e-02 1.78237572e-01 2.21318394e-01 7.87964240e-02
 3.60527379e-03 1.70743421e-01 5.79172485e-02 1.04256943e-01
 1.73627846e-02 8.29822868e-02 1.33465752e-01 2.09861584e-02
 4.22464162e-02 2.57038120e-02 5.71071580e-02 4.30364832e-02
 6.43096911e-03 5.87581955e-02 2.00434234e-02 7.35524157e-03
 5.08163720e-02 3.55773717e-02 1.94863111e-01 1.30770311e-01
 1.85415134e-01 6.98625715e-03 1.10690139e-01 8.81452207e-03
 4.42039371e-02 7.99819157e-02 2.92672068e-02 6.68774918e-02
 2.86940038e-02 1.88187912e-01 9.89779085e-02 3.66623402e-02
 1.23427182e-01 3.26637179e-02 2.34486181e-02 3.60420123e-02
 1.40907504e-02 9.29185282e-03 1.45856626e-02 1.68680632e-03
 3.89631018e-02 2.37578407e-01 1.20333023e-01 1.38052821e-01
 1.94161937e-01 3.84399556e-02 1.57028902e-02 1.83699712e-01
 1.06012680e-01 1.43229738e-01 4.64903675e-02 1.38749734e-01
 3.69735695e-02 5.39010540e-02 5.54278120e-02 8.67971927e-02
 1.60230160e-01 1.37678146e-01 1.26053512e-01 1.60246547e-02
 1.47516385e-01 2.37954482e-01 3.04349381e-02 7.06664920e-02
 1.82442278e-01 3.78146291e-01 1.26201138e-01 6.60063177e-02
 1.05874218e-01 1.01237819e-01 2.61470173e-02 1.58491340e-02
 8.80291611e-02 3.19067165e-02 3.01050749e-02 7.42817624e-03
 8.28786567e-02 2.79335201e-01 4.24599536e-02 9.72378552e-02
 2.22541168e-02 8.13976750e-02 4.25449014e-02 8.18191841e-02
 3.44639607e-02 1.65514141e-01 2.80198097e-01 7.83944353e-02
 5.86962067e-02 1.44113183e-01 5.75579479e-02 9.44411308e-02
 1.46421894e-01 6.46085516e-02 2.41807744e-01 1.17921390e-01
 9.47079211e-02 7.54557084e-03 2.37174127e-02 1.06182933e-01
 1.16680071e-01 3.85171436e-02 9.47106853e-02 1.08896066e-02
 2.86926627e-02 4.01206836e-02 4.57784146e-01 2.01082960e-01
 3.95448916e-02 1.15712963e-01 2.18426958e-02 2.13415712e-01
 2.13695243e-01 6.46438301e-02 6.56620711e-02 5.70966825e-02
 1.90800056e-01 2.96904054e-02 1.14712507e-01 2.42554918e-02
 1.40799247e-02 1.84162334e-01 2.65046209e-01 1.14848837e-01
 1.62873819e-01 6.33691950e-03 9.02732387e-02 1.00138485e-01
 1.70881212e-01 4.43752632e-02 8.42655003e-02 4.97330688e-02
 3.59817408e-02 5.86050861e-02 1.96852207e-01 1.79933041e-01
 1.93592742e-01 8.59352481e-03 1.17645435e-01 3.08717221e-01
 1.97185073e-02 5.64358830e-02 1.69759411e-02 1.68520689e-01
 2.27767248e-02 1.72060523e-02 1.12684436e-01 1.69339865e-01
 5.54417297e-02 9.16374498e-04 1.06958067e-02 9.76084825e-03
 6.03306592e-02 4.49195206e-02 6.66369423e-02 1.46865007e-02
 1.94563642e-02 1.55996516e-01 3.29288580e-02 1.25005445e-03
 3.10386252e-03 9.80096757e-02 3.89135517e-02 3.32183279e-02
 2.31938288e-02 7.12174624e-02 4.96144556e-02 5.70855774e-02
 1.17048681e-01 8.04202035e-02 7.44442791e-02 1.74183041e-01
 4.35013175e-02 1.43188268e-01 1.23717450e-03 3.89291868e-02
 1.34466678e-01 1.14704460e-01 4.34873030e-02 2.75606334e-01
 4.85891476e-02 4.52308310e-03 8.59521180e-02 2.17651073e-02
 8.72269943e-02 8.29393268e-02 1.37622759e-01 6.13012314e-02
 3.36342901e-02 1.17159598e-01 1.09353647e-01 1.15483406e-03
 2.85482947e-02 1.25419512e-01 1.75504982e-02 7.25360140e-02
 4.41886894e-02 1.82042103e-02 5.16402461e-02 2.36774702e-02
 1.14260996e-02 5.30883186e-02 6.03137873e-02 6.02278747e-02
 3.75603549e-02 2.95547415e-02 2.76834760e-02 3.10891811e-02
 2.28100549e-02 3.44160087e-02 8.92799813e-04 2.37459429e-02
 3.81483249e-02 1.06120631e-01 4.02027648e-03 1.15048312e-01
 6.05007969e-02 1.49938956e-01 1.00614503e-02 5.68287782e-02
 3.18468511e-02 3.10859159e-02 8.50238875e-02 1.19580455e-01
 4.72700037e-03 2.57505346e-02 7.69159757e-03 4.32851873e-02
 2.23630611e-02 3.81382443e-02 2.84250617e-01 5.73299564e-02
 5.56244217e-02 1.23411290e-01 4.73022796e-02 1.85411815e-02
 1.46252334e-01 8.22445750e-02 5.57375401e-02 1.99568886e-02
 9.43585997e-04 5.41746384e-03 1.09475434e-01 7.90739711e-03
 3.43138464e-02 8.22926778e-03 8.84619430e-02 1.28651327e-02
 6.10297583e-02 2.98409872e-02 6.48595691e-02 4.37872950e-04
 7.43784532e-02 1.55997589e-01 4.72339615e-02 3.53842750e-02
 8.13112706e-02 2.40778108e-03 1.93060711e-01 8.79354402e-03
 1.61220934e-02 1.27561077e-01 1.39559619e-02 4.35390212e-02
 1.08439848e-02 8.72704536e-02 6.12051040e-03 5.36545999e-02
 6.52633905e-02 2.58057867e-03 5.50172199e-03 5.63021675e-02
 2.71679182e-02 2.76549477e-02 1.13494158e-01 2.26312038e-02
 5.09009755e-04 3.22252810e-02 6.30624667e-02 4.09735106e-02
 3.66556421e-02 6.60896152e-02 7.62928203e-02 1.18637525e-01
 3.36029194e-02 6.18059561e-02 2.56735031e-02 4.23878431e-02
 3.33231539e-02 4.59947661e-02 4.45494875e-02 2.11745407e-02
 3.81152481e-02 5.52602229e-04 1.08170010e-01 2.09125225e-02
 2.45850995e-01 3.14959958e-02 7.42804855e-02 8.54710191e-02
 5.73759861e-02 5.65905906e-02 7.16217235e-02 1.89701207e-02
 1.75381061e-02 6.79089502e-02 9.96454805e-03 4.34558466e-02
 1.80529747e-02 1.82174385e-01 3.83516587e-02 1.33555159e-01
 6.84372112e-02 1.78424940e-01 4.25622053e-02 6.15950115e-02
 8.28840435e-02 1.11684628e-01 4.88905236e-02 8.69320589e-04
 2.72546466e-02 9.69834104e-02 1.54747227e-02 3.21798138e-02
 2.45499555e-02 3.44117247e-02 5.22208512e-02 3.52105498e-02
 2.67505962e-02 1.91192701e-02 9.82360244e-02 4.13326360e-02
 9.01328921e-02 4.00293730e-02 1.68969762e-02 3.94491628e-02
 1.12373978e-02 8.27770531e-02 9.12003685e-03 4.81976680e-02
 2.40289643e-01 5.15731238e-02 7.33516142e-02 8.43977854e-02
 1.32995180e-03 5.13777658e-02 7.53906295e-02 6.34463923e-03
 4.46992964e-02 8.65368918e-02 2.69351155e-02 3.40843499e-02
 5.90625871e-03 4.21087071e-02 1.07442148e-01 1.11588296e-02
 9.09649134e-02 1.20631650e-01 3.13738734e-02 1.91321000e-01
 2.68723015e-02 1.27824834e-02 5.13118207e-02 1.42982444e-02
 3.00701298e-02 4.87121679e-02 3.29599455e-02 2.98475916e-03
 5.57484068e-02 3.34767550e-02 2.98722088e-03 5.83565012e-02
 5.05621918e-02 6.52609766e-02 4.46365215e-02 1.93204321e-02
 2.18877476e-02 3.44222412e-02 1.55824423e-02 8.87321457e-02
 2.28516273e-02 4.04759198e-02 6.41034096e-02 3.27390358e-02
 2.04654802e-02 6.60964400e-02 1.17794685e-02 1.14198789e-01
 5.93801588e-02 4.61908318e-02 3.83030884e-02 2.45728046e-02
 1.58859283e-01 4.90515493e-03 2.36968677e-02 7.73541480e-02
 6.99129477e-02 2.62393411e-02 9.54598188e-03 9.91114974e-02
 1.26185164e-01 6.08021729e-02 3.77536304e-02 6.33760765e-02
 9.00645033e-02 9.68930684e-03 4.65811752e-02 1.27094075e-01
 2.10595522e-02 2.57938839e-02 6.85888305e-02 1.57561839e-01
 4.08373028e-02 8.40942860e-02 1.60929263e-02 1.17033251e-01
 1.51806444e-01 1.04262913e-02 3.69592421e-02 1.40839785e-01
 7.46254548e-02 9.24068093e-02 1.59363881e-01 1.62953213e-02
 5.68652302e-02 2.42094006e-02 3.06474473e-02 4.65131551e-02
 6.95156902e-02 6.29470497e-02 1.57060884e-02 1.00456603e-01
 1.06319651e-01 2.87313899e-03 8.72555077e-02 2.21207246e-01
 6.11346886e-02 1.75308853e-01 1.99440897e-01 1.97756384e-02
 2.87369695e-02 1.25024319e-01 3.70630361e-02 2.61656172e-03
 1.44912452e-01 3.81600973e-03 7.40990927e-03 5.18791080e-02
 9.72025618e-02 3.56070474e-02 4.29656170e-02 1.74219031e-02
 5.56980371e-02 1.22514866e-01 1.59457535e-01 9.51401368e-02
 1.18583711e-02 7.42527172e-02 1.69379696e-01 8.37703869e-02
 1.74204722e-01 1.26509652e-01 5.03100082e-02 3.44809634e-03
 1.09018698e-01 4.22421284e-02 1.05551891e-01 8.13140422e-02
 2.13465720e-01 8.19374919e-02 4.38196287e-02 1.71568945e-01
 3.59787084e-02 6.97323903e-02 4.17510457e-02 1.52045533e-01
 2.99186837e-02 1.05197906e-01 1.17340162e-01 3.32921177e-01
 1.73058316e-01 3.68915834e-02 2.13294439e-02 1.15204789e-01
 1.42377585e-01 2.10629199e-02 1.72634065e-01 5.34444600e-02
 6.96970448e-02 2.80062426e-02 2.21049801e-01 2.86497246e-03
 1.24438338e-01 3.40014184e-03 1.79614089e-02 1.44105302e-02
 3.65027845e-01 1.98175572e-02 2.49133166e-02 1.87798813e-02
 4.28441688e-02 7.29126707e-02 8.10184479e-02 3.19356024e-01
 2.10259572e-01 4.76221787e-03 1.27718300e-02 2.29526069e-02
 6.40543252e-02 7.72791803e-02 2.90287375e-01 2.27322519e-01
 1.06966309e-01 8.73716772e-02 3.92055251e-02 8.14200491e-02
 1.04612987e-02 3.90934348e-02 5.78392968e-02 2.23046586e-01
 4.41622501e-03 9.52757597e-02 7.40262941e-02 2.34044101e-02
 1.82750165e-01 1.16863251e-02 1.01409741e-01 6.14148937e-02
 4.51644063e-02 6.10440597e-02 7.51122758e-02 1.15570359e-01
 1.63149714e-01 6.30237311e-02 9.07091126e-02 1.51346233e-02
 1.89904105e-02 9.40242857e-02 2.87369154e-02 5.10893995e-03
 1.43830210e-01 1.60081610e-02 6.62650615e-02 7.99263343e-02
 7.59337693e-02 3.97110358e-02 1.27981836e-02 5.78504428e-02
 1.16808832e-01 3.77001707e-03 1.07100539e-01 2.39617135e-02
 2.73372587e-02 4.68008928e-02 7.16937557e-02 7.06749037e-02
 4.50017564e-02 9.51924250e-02 8.34176969e-03 2.14765556e-02
 1.05587535e-01 4.08762693e-02 2.52587255e-02 3.60476561e-02
 8.64051655e-02 3.40845957e-02 3.83340530e-02 4.72328991e-01
 4.02804203e-02 2.14421973e-02 7.39545822e-02 1.48239717e-01
 1.03062950e-01 2.91443821e-02 4.40121768e-03 1.84540860e-02
 6.32269382e-02 4.74825837e-02 9.10240784e-02 7.24678114e-02
 2.49551684e-02 7.71310925e-02 8.40108022e-02 4.83228825e-02
 1.27259895e-01 3.51724289e-02 5.83295561e-02 3.55484411e-02
 2.05589026e-01 3.91422585e-02 1.62323371e-01 1.35550395e-01
 4.76103052e-02 9.70216841e-02 2.16103315e-01 4.66195047e-02
 3.14039439e-02 4.24043164e-02 6.60784403e-03 4.68922406e-03
 9.78087727e-03 9.90953818e-02 2.91030318e-01 8.87083560e-02
 3.38376872e-02 1.09042503e-01 2.23654822e-01 9.28086117e-02
 1.63843900e-01 8.53975024e-03 7.04165548e-02 1.13701336e-01
 9.07673910e-02 1.07631706e-01 1.18143067e-01 6.34712949e-02
 8.13008752e-03 1.03844283e-02 5.97445183e-02 1.13107361e-01
 2.35445108e-02 4.68127951e-02 4.18229923e-02 6.61132112e-02
 7.34980926e-02 6.83165202e-03 1.05236731e-01 1.94839388e-01
 6.17732666e-02 7.43645504e-02 2.00484842e-02 2.19918154e-02
 1.74667351e-02 1.34919107e-01 8.93154740e-02 8.73173997e-02
 1.18432660e-02 9.85019803e-02 1.37631893e-01 1.66187063e-01
 2.56457120e-01 1.67557895e-01 1.15956426e-01 9.07861143e-02
 1.75207227e-01 1.91698775e-01 6.83569014e-02 5.66972122e-02
 3.47467847e-02 1.77826697e-03 9.77495611e-02 1.05858095e-01
 8.00196379e-02 2.22394675e-01 7.04274606e-03 1.41785899e-02
 1.02899067e-01 4.09467742e-02 1.09037079e-01 6.64296933e-03
 8.39574039e-02 1.49972230e-01 6.45685121e-02 5.36110476e-02
 8.01003277e-02 3.20662171e-01 1.42172068e-01 5.38758039e-02
 2.46634893e-02 1.83066241e-02 2.50817984e-01 8.41764826e-03
 1.59223494e-03 1.19277522e-01 9.29618105e-02 3.23727205e-02
 1.23993710e-01 1.45906180e-01 5.82823716e-03 1.45439103e-01
 1.16581224e-01 6.66944962e-03 4.23427559e-02 4.58963290e-02
 8.12714323e-02 4.94984984e-02 1.47070602e-01 1.29569575e-01
 9.92337987e-02 3.48128118e-02 9.97266732e-03 1.38674658e-02
 1.32358462e-01 2.45872721e-01 6.90851063e-02 2.41859462e-02
 7.89353028e-02 1.85158756e-02 6.02943881e-04 1.81738570e-01
 1.00406475e-01 2.99991574e-03 1.42600387e-02 1.36717826e-01
 7.56213581e-03 5.64941391e-02 1.29888300e-02 2.48247869e-02
 2.00347021e-01 1.36455745e-01 4.43863831e-02 1.05863735e-01
 2.72143329e-03 5.90220019e-02 9.95053677e-04 5.31604476e-02
 9.97511074e-02 1.09468997e-01 6.68631718e-02 5.35706207e-02
 1.02435529e-01 1.21926121e-01 2.81708390e-01 3.40505354e-02
 1.30886897e-01 7.59482756e-02 2.65072653e-04 1.43020883e-01
 4.67134863e-01 2.31426824e-02 7.34718442e-02 5.15998639e-02
 1.15579711e-02 1.83392558e-02 1.52743444e-01 3.52433510e-02
 1.47062913e-02 1.78489499e-02 1.36343405e-01 4.31808457e-02
 8.31702352e-02 7.32175782e-02 4.04581726e-02 1.83597341e-01
 3.51331159e-02 3.95166576e-02 2.51072459e-02 1.61329098e-02
 7.34919459e-02 1.12865418e-01 5.11463284e-02 1.54506519e-01
 1.18941240e-01 6.30455986e-02 1.82348967e-01 9.80662555e-02
 7.93969259e-03 2.29635723e-02 1.07002623e-01 4.94537167e-02
 9.63658392e-02 7.21800774e-02 1.21122564e-03 2.88349669e-03
 9.56089981e-03 9.06908140e-02 3.30308154e-02 5.66820987e-02
 6.83561936e-02 5.98423406e-02 2.21924856e-02 1.05493881e-01
 9.15855169e-02 1.67596638e-01 2.95047071e-02 2.40888093e-02
 1.64778426e-01 2.06785142e-01 5.92263341e-02 5.58427870e-02
 1.19897567e-01 1.49321407e-02 6.44983426e-02 2.86012292e-02
 7.87589028e-02 9.11811218e-02 5.65241426e-02 5.66726513e-02
 1.50630819e-02 6.14521168e-02 7.27715855e-03 2.58698110e-02
 1.04876101e-01 1.10035032e-01 4.63030301e-02 3.45513076e-02
 7.50506446e-02 9.69435275e-02 1.49560217e-02 3.65938656e-02
 8.25117305e-02 5.03276289e-02 1.61069810e-01 6.97383285e-02
 1.69016540e-01 1.59243032e-01 7.28701502e-02 2.06438899e-02
 8.92607570e-02 4.15398404e-02 7.47750029e-02 3.53851207e-02
 1.25918668e-02 3.93192992e-02 1.79704085e-01 1.21733442e-01
 1.71021283e-01 2.48057186e-03 2.07955763e-01 1.22203849e-01
 4.09419797e-02 1.98638402e-02 6.33389652e-02 1.23963207e-01
 1.03951991e-01 6.27789572e-02 1.86048578e-02 1.56908050e-01
 2.20683739e-01 2.59610593e-01 1.61637977e-01 5.31942472e-02
 5.29358461e-02 2.23281533e-01 4.40551043e-01 1.50933713e-01
 6.98055178e-02 1.64435849e-01 2.23723352e-02 9.99824889e-03
 8.44106898e-02 7.31961103e-03 1.04125969e-01 1.85479093e-02
 4.61398214e-02 8.54918882e-02 5.57248853e-02 6.92464337e-02
 1.18143499e-01 3.72196324e-02 1.87340423e-01 1.31147848e-02
 3.02066561e-02 2.98257582e-02 2.12055841e-03 4.99861129e-03
 2.57992931e-02 3.70650105e-02 5.66051491e-02 8.37996677e-02
 2.06904888e-01 1.17017850e-02 4.39231694e-02 7.59626478e-02
 4.92923297e-02 2.94999152e-01 6.45261854e-02 1.78051870e-02
 2.60536104e-01 8.58401060e-02 2.23032869e-02 5.37240505e-02
 1.26769077e-02 5.08355610e-02 1.60910815e-01 1.61636233e-01
 1.04219481e-01 2.73003094e-02 8.05792361e-02 3.63653898e-02
 5.10168225e-02 2.90766880e-02 9.11777839e-02 1.06278881e-01
 1.00737391e-03 1.21796504e-01 1.43824384e-01 3.45017835e-02
 7.05272108e-02 8.50293115e-02 2.07031056e-01 1.59295946e-02
 2.82127578e-02 9.73851979e-02 6.85974807e-02 1.38490707e-01
 1.75759137e-01 2.76145376e-02 1.00596517e-01 2.32678920e-01
 3.23775858e-02 5.28715774e-02 3.08051761e-02 2.30360273e-02
 7.26060709e-03 5.39625324e-02 1.14558022e-02 2.36364715e-02
 7.07445592e-02 2.22067945e-02 1.14854567e-01 1.91641711e-02
 3.00894320e-01 8.43711272e-02 2.99163219e-02 2.11108308e-02
 3.91570926e-02 3.25553305e-02 5.55745102e-02 1.99685395e-01
 5.83741963e-02 6.71768934e-03 5.43643348e-02 2.61980831e-03
 3.94068882e-02 1.88471407e-01 1.55584991e-01 5.96543103e-02
 1.84386328e-01 1.58313468e-01 1.65977225e-01 1.15098871e-01
 8.35278928e-02 3.33619677e-02 9.58024934e-02 9.22309533e-02
 3.06457467e-02 1.15013912e-01 6.41834438e-02 1.63584039e-01
 1.17522895e-01 1.56988144e-01 8.45623165e-02 8.02712236e-03
 7.55324662e-02 4.91527542e-02 3.27801220e-02 9.08828378e-02
 1.92020357e-01 9.83915776e-02 7.15485066e-02 2.25909352e-01
 7.92770758e-02 1.49942338e-01 5.09839058e-02 1.01307116e-01
 1.82856582e-02 6.51497301e-03 2.88185813e-02 6.50203303e-02
 3.01784813e-01 1.68011766e-02 9.43682250e-03 9.83482003e-02
 1.48175489e-02 2.98757255e-02 4.08459746e-05 3.92136015e-02
 4.74505834e-02 7.11282890e-04 4.30029677e-03 6.37325272e-02
 1.19535111e-01 1.98967010e-01 8.54176283e-02 1.86406113e-02
 1.74341649e-02 8.62431228e-02 9.41391513e-02 4.56160344e-02
 5.86299524e-02 3.65885198e-02 1.12830102e-01 1.02938056e-01
 6.09811395e-02 4.05672491e-02 1.74460277e-01 6.52944595e-02
 1.51332140e-01 4.22967710e-02 2.87341159e-02 1.46835372e-01
 8.86245742e-02 3.78628378e-03 5.85718676e-02 1.99541286e-01
 1.45782437e-03 9.83140320e-02 2.14995462e-02 6.27423404e-03
 5.60616218e-02 1.72012314e-01 1.05775714e-01 6.91502020e-02
 3.08303838e-03 2.40581445e-02 1.73158213e-01 3.61933745e-02
 1.07144006e-03 4.46148440e-02 2.60807294e-03 1.40326858e-01
 1.12629056e-01 6.96557686e-02 1.80224224e-03 8.63202363e-02
 7.07084080e-04 9.33489501e-02 1.53784275e-01 4.56392132e-02
 6.12472780e-02 5.50073758e-02 2.28962936e-02 1.15453258e-01
 5.74842915e-02 8.97856876e-02 7.25559965e-02 6.98430762e-02
 3.04113962e-02 9.09729078e-02 1.08839991e-02 1.19829662e-01
 3.74756604e-02 3.46691087e-02 7.16502070e-02 3.78454626e-02
 1.73095223e-02 7.87675455e-02 1.07015604e-02 3.18544842e-02
 6.55816048e-02 1.20520301e-01 2.57634073e-01 2.49194517e-03
 4.70294841e-02 1.15766793e-01 9.16284919e-02 1.57247066e-01
 9.69164073e-02 1.85758329e-03 4.57437113e-02 1.18250608e-01
 4.64060791e-02 1.66930258e-01 1.34959668e-01 1.50900647e-01
 2.94748634e-01 1.71391562e-01 1.49035081e-01 8.59817415e-02
 5.81958750e-03 8.49522278e-02 6.75943345e-02 4.36341986e-02
 3.18010747e-02 7.36551657e-02 4.58224453e-02 1.03299227e-02
 1.77647710e-01 2.39060223e-01 6.16740785e-04 1.04015253e-01
 1.19167551e-01 9.63485390e-02 1.71472237e-01 1.38540313e-01
 2.35567894e-02 1.55432731e-01 3.24445441e-02 9.17635858e-02
 1.21842518e-01 1.92639474e-02 2.05763802e-01 6.65522292e-02
 9.49269235e-02 9.06453282e-02 1.15744479e-01 5.67297041e-01
 1.40691698e-01 5.23454584e-02 7.53989890e-02 2.50357807e-01
 8.71366188e-02 2.85558272e-02 1.59508824e-01 1.48396388e-01
 2.48203859e-01 9.96479415e-04 1.06123179e-01 4.98513167e-04
 1.86722800e-02 1.67644426e-01 1.20830379e-01 6.66892156e-02
 3.82077426e-01 2.98129134e-02 6.40638322e-02 1.08349904e-01
 1.12935128e-02 1.62162781e-02 1.48383724e-02 1.23871617e-01
 1.02100864e-01 1.68752849e-01 1.03553861e-01 2.23496318e-01
 1.14064701e-01 9.18612257e-02 8.79239216e-02 5.86134270e-02
 1.00315630e-01 4.58475053e-02 4.99946512e-02 4.04088497e-02
 2.66321059e-02 6.24367073e-02 3.12956087e-02 1.73603415e-01
 4.10924703e-02 6.19565025e-02 1.27821194e-03 5.20890206e-02
 1.38639897e-01 1.46035582e-01 8.35884586e-02 1.42689496e-01
 1.57553684e-02 1.45450877e-02 8.80476385e-02 1.15025612e-02
 3.42857614e-02 1.09099701e-01 6.50938891e-04 1.32857546e-01
 6.03735670e-02 1.03946552e-01 1.06863014e-01 2.22731113e-01
 1.59154281e-01 5.51644415e-02 1.30424760e-02 7.87674636e-02
 2.30406150e-02 2.27778777e-02 7.76759302e-03 1.22777469e-01
 1.67700708e-01 5.67766838e-02 1.88631080e-02 1.36298388e-01
 1.38006076e-01 1.81871235e-01 1.15378797e-01 3.04912571e-02
 3.51148732e-02 1.19531110e-01 1.74400806e-01 1.21036299e-01
 7.67271519e-02 7.20997453e-02 6.69846758e-02 1.98531508e-01
 4.84697223e-02 1.50640756e-01 1.70124173e-01 5.06989323e-02
 1.55014172e-01 7.19887316e-02 4.29048911e-02 5.74647859e-02
 1.20728955e-01 1.15659662e-01 1.32874534e-01 2.38005146e-02
 2.41585933e-02 5.06172664e-02 1.06619269e-01 4.47488164e-05
 5.86797930e-02 1.06347362e-02 1.76782552e-02 1.25177652e-01
 2.35679317e-02 2.89818794e-02 4.98121269e-02 1.19709715e-01
 2.54214816e-02 1.66237324e-01 2.07643323e-02 1.11283213e-02
 8.12765658e-02 1.09769423e-02 2.00904906e-02 1.74258072e-02
 3.12644355e-02 8.55937228e-02 6.22458057e-03 1.09789610e-01
 9.61853936e-02 5.39572429e-05 1.89416669e-02 3.85011062e-02
 8.17593560e-02 5.45188645e-03 5.58748953e-02 4.99548428e-02
 8.62389952e-02 1.91756096e-02 1.04489345e-02 3.06813531e-02
 5.11521287e-02 8.61278847e-02 7.33020604e-02 5.02692573e-02
 6.19358849e-03 4.50340509e-02 1.81843881e-02 2.33745184e-02
 4.79061250e-03 6.98965490e-02 1.16864100e-01 5.09360880e-02
 1.19081341e-01 3.10352370e-02 4.26518656e-02 7.47883366e-03
 4.55298834e-02 1.04477128e-03 4.53639068e-02 2.70466447e-01
 1.02538615e-01 2.32584476e-02 3.98692377e-02 5.22702448e-02
 1.30794430e-02 1.15001366e-01 2.31529865e-02 1.05215766e-01
 1.02020670e-02 2.34131545e-01 8.31364072e-04 1.08064197e-01
 3.97538356e-02 3.72675322e-02 1.39926942e-02 8.18596259e-02
 1.73487999e-02 1.75807346e-02 2.56382059e-02 5.09232618e-02
 7.72986263e-02 2.10547112e-02 2.68332437e-02 5.91890626e-02
 4.83821295e-02 2.27274355e-02 5.11598736e-02 2.67801359e-02
 2.86674476e-03 4.47764397e-02 1.20228361e-02 1.69955567e-02
 8.01153183e-02 5.06366091e-03 1.08549796e-01 7.99271092e-02
 2.22371072e-01 2.77392939e-02 1.08697295e-01 6.49624923e-03
 4.70972620e-02 1.78835299e-02 4.12140526e-02 5.75954542e-02
 9.62483659e-02 3.63830812e-02 4.82415035e-02 8.24801475e-02
 9.00203288e-02 4.36260141e-02 2.24416763e-01 2.12763190e-01
 1.73427567e-01 3.95626575e-02 7.09967464e-02]

*************************************************************

