THIS FILE CONTAINS  cv_cross_val_predict() predictions FOR THIS CURRENT CONFIGURATION.
		 It can be used to verificate obtained results.





---------------------------------------------------------------------------------------------------------
FINAL y_pred (clipped).  FINAL PREDICTIONS USED TO CALCULATE SCORE METRICS
			 (mean over several cross_val_predict() executions)
---------------------------------------------------------------------------------------------------------
[16.553278   15.4308122  15.9988236  17.1513456  16.8988954  13.8475372
 13.8285872  14.4291434  13.2705336  14.3658002  14.8475938  15.8194256
 15.1517425  14.5751872  24.558321   19.4696916  20.7532484  21.4928124
 26.5786034  27.983819   23.4467658  26.1362768  24.4048892  24.0830152
 20.3684238   9.8992004  10.8503406  10.9046778   8.46375398 25.9731808
 21.6213086  24.5324336  19.5118632  18.4001932  17.752625   17.7227948
 18.4641796  13.8498106  13.4824772  13.3976254  14.4529923  13.0865432
 12.780276   11.2978108  17.4539128  21.4375776  17.193307   18.3406564
 26.8889672  26.0759212  25.9698382  27.3862288  32.4460556  31.468698
 26.9728062  23.8883672  24.9712402  25.1457976  25.3588902  19.600572
 23.8836162  13.5929012  13.2653548  13.8960162  13.6393594  14.908812
 13.1818038  12.5721333  12.9851086  12.2665286  23.2692174  14.7600587
 14.9787854  13.737276   13.8785437  20.2920278  24.0324278  19.5661396
 25.727438   23.1967674  25.194016   22.6641222  25.5465406  27.4862236
 13.4394426  14.800769   14.0626416  14.4307856  14.1555478  12.405261
 13.389354   13.3362998  13.5609318  12.8745334  12.6987258  14.0905638
 17.577844   16.4852546  18.2898714  17.3474154  19.464673   27.0838616
 11.749954   12.5958     11.9222784  13.2041826  18.6879024  26.9453444
 21.2200472  24.9602448  26.3184832  22.1511914  23.2711444  25.0949486
 13.1771902  12.0668411  28.9719958  26.2526942  24.2040298  19.8814908
 14.147877   20.9592614  17.986306   13.971897   19.669717   18.911069
 17.2251468  30.8334726  23.5859856  31.7774956  22.6999748  16.6123078
 15.1740954  17.0468174  14.6718791  13.0619486  14.5153378  13.1848476
 14.0858168  25.2995928  29.0280614  26.3599968  34.193319   30.8153756
 28.329511   27.3983594  25.3137342  23.238251   24.1440416  27.2139278
 19.5530032  18.2351686  17.577922   18.1509152  13.9262146  13.9984699
 14.4615285  14.6289839  14.8176958  16.2047554  16.0587466  17.2559212
 19.2168302  16.0747026  17.1442936  27.8694672  23.3411594  19.9236136
 21.7039648  22.558337   28.3205828  22.7056942  22.267466   28.6160076
 19.2172572  23.068144   20.9979152  21.6579022  21.5358594  32.1935336
 24.6868582  27.6525822  25.0841572  27.7677658  27.4029366  15.1126838
 15.503942   15.9739694  15.2495154  20.1235192  19.2992934  20.428939
 19.0082006  27.5352476  26.8963558  29.5116904  33.5123754  18.3387642
 16.836698   18.5029154  18.441999   31.043978   30.2541756  29.1188518
 26.2287434  20.3986732  15.8763412  21.0793622  21.4153644  16.1959225
 14.6313275  15.4691036  15.9391302  15.9996     31.0049918  30.2024518
 34.8410682  28.2470536  30.9233088  16.4039098  18.1855812  15.8951456
 16.0709404  19.7021022  19.6862702  19.5031708  17.782509   15.0795574
 16.2381188  15.5173362  15.1272694  29.6116658  24.3011682  29.2297458
 24.4647816  31.2755678  29.3684894  31.545444   28.12947    23.3807002
 24.7643712  23.4831972  37.3017808  34.5424386  37.652325   32.5339962
 33.7792552  18.7439714  17.4547214  17.9022166  19.1635428  20.5779232
 21.912006   26.1603408  19.769856   20.0059054  20.2204016  21.0383844
 19.2332268  20.1851372  18.5662486  18.7992518  19.2607768  16.2673556
 31.5382912  25.141598   26.4516298  31.67121    26.4338402  23.9170304
 23.3064908  26.4169874  22.8705686  19.315154   20.8380764  17.049171
 31.3974028  31.613375   20.769441   21.41809    24.9778556  19.898503
 20.471452   18.8334006  18.3144284  18.1653102  18.5681812  16.7398982
 18.0089134  19.4791446  17.1786122  34.200035   33.7390128  34.9825366
 28.3283284  24.3878786  16.8368896  29.333673   22.2416878  33.0086334
 32.931003   35.7415082  31.8079466  25.3790248  24.121383   24.6194696
 27.6058908  32.6897178  36.5846448  35.1163272  34.394293   25.5866244
 24.4099678  23.0500686  21.4672874  32.4093668  28.2905646  30.186079
 29.969331   32.5581154  34.8764748  25.2072638  35.5356494  41.0059546
 39.8011864  32.5497768  29.7241436  35.4459076  34.4916758  36.5747852
 21.2535832  30.4088324  28.3626054  31.9224958  28.5860392  27.573361
 27.5690478  27.6732002  31.1549676  39.124837   36.7626416  38.8288862
 35.6685534  38.720815   36.0729392  35.9864836  34.73292    36.5490684
 33.8318254  34.4463256  34.8052072  32.359231   30.5963804  32.7316056
 29.3645454  31.6225412  25.8049968  26.202102   20.797001   19.7880024
 24.0208838  22.922642   29.7028968  28.8067952  28.99386    28.768969
 28.8401136  26.6911694  26.8192844  36.4774466  37.451665   37.3446812
 35.349498   33.9518608  34.7643452  35.3651914  35.9761082  37.2672734
 37.852801   36.0165946  22.908932   22.3674652  28.4174914  25.0832308
 32.6922512  30.7705276  25.251944   26.7684938  46.0177844  31.9974798
 29.7177506  28.076601  ]



*************************************************************
MODEL ERRORS (of CLIPPED predictions): 
 
[1.4467220e+00 4.3081221e-01 2.0011764e+00 1.1513456e+00 1.0110460e-01
 1.1524628e+00 1.7141280e-01 4.2914340e-01 7.2946638e-01 6.3419980e-01
 1.5240620e-01 1.8194256e+00 1.5174250e-01 5.7518721e-01 5.5832100e-01
 2.5303085e+00 2.7532485e+00 4.9281240e-01 4.2139661e-01 1.9838190e+00
 1.5532342e+00 2.1362767e+00 5.9511077e-01 1.9169848e+00 6.3157618e-01
 1.0079960e-01 8.5034060e-01 9.5322199e-02 5.3624600e-01 1.0268192e+00
 6.3786912e+00 4.6756640e-01 5.1186317e-01 2.4001932e+00 7.5262499e-01
 1.2772052e+00 4.6417961e-01 1.5018940e-01 5.1752281e-01 6.0237461e-01
 4.5299229e-01 1.0865432e+00 2.1972400e-01 1.7021892e+00 5.4608721e-01
 5.6242239e-01 1.8066930e+00 3.4065640e-01 3.8889673e+00 1.9240788e+00
 4.0301619e+00 2.6137712e+00 1.4460557e+00 3.5313020e+00 2.7193800e-02
 2.1116328e+00 9.7124022e-01 1.4579760e-01 2.3588903e+00 3.9942801e-01
 2.8836162e+00 5.9290117e-01 7.3464519e-01 1.1039838e+00 3.6064059e-01
 2.0911880e+00 2.1818037e+00 4.2786670e-01 9.8510861e-01 7.3347139e-01
 4.2692175e+00 2.3994130e-01 1.9787854e+00 7.3727602e-01 1.2145630e-01
 2.2920277e+00 2.0324278e+00 1.4338604e+00 2.7256200e-01 1.1967674e+00
 2.8059840e+00 3.3587781e-01 2.4534595e+00 4.8622361e-01 4.3944260e-01
 8.0076897e-01 1.0626416e+00 4.3078560e-01 8.4445220e-01 4.0526101e-01
 3.8935399e-01 3.3629981e-01 4.3906820e-01 1.2546660e-01 6.9872582e-01
 1.0905638e+00 4.2215601e-01 4.8525459e-01 2.8987139e-01 6.5258461e-01
 3.5353270e+00 1.0838616e+00 7.4995399e-01 5.9579998e-01 1.0777216e+00
 1.2041826e+00 6.8790239e-01 6.9453444e+00 2.2004721e-01 2.9602449e+00
 8.3184834e+00 3.1511915e+00 2.2711444e+00 9.0505141e-01 1.8228098e+00
 3.9331589e+00 2.8004199e-02 2.2526941e+00 4.2040300e+00 8.8149083e-01
 8.5212302e-01 3.0407386e+00 2.0136940e+00 2.9718969e+00 3.3028299e-01
 8.8931002e-02 2.2251468e+00 1.6652741e-01 2.4140143e+00 2.2250441e-01
 2.3000252e+00 6.1230779e-01 8.2590461e-01 9.5318258e-01 1.3281209e+00
 6.1948601e-02 5.1533782e-01 8.1515241e-01 8.5816801e-02 3.7004073e+00
 3.0280614e+00 3.5999680e-01 3.1933191e+00 1.1846244e+00 3.2951099e-01
 3.3983593e+00 6.8626583e-01 7.6174903e-01 1.8559583e+00 3.7860723e+00
 5.5300319e-01 2.3516861e-01 2.5779221e+00 3.1509151e+00 2.0737853e+00
 1.0015301e+00 1.5384715e+00 6.2898391e-01 2.1823041e+00 2.0475540e-01
 1.0587466e+00 7.4407881e-01 1.7831697e+00 3.9252975e+00 4.1442938e+00
 1.1305327e+00 3.4115940e-01 7.6386400e-02 1.2960352e+00 1.4416630e+00
 3.3205829e+00 1.2943058e+00 4.2674661e+00 3.8399240e-01 2.1725720e-01
 6.8144001e-02 2.0020847e+00 3.4209779e-01 3.4641407e+00 8.0646640e-01
 3.3131418e+00 2.6525822e+00 8.4157199e-02 1.7677658e+00 4.0293661e-01
 2.3873162e+00 4.9605799e-01 4.7396940e-01 7.4951541e-01 1.8764808e+00
 2.7007065e+00 3.5710609e+00 3.4917994e+00 1.4647524e+00 2.3963559e+00
 5.1169038e-01 5.1237541e-01 1.6612358e+00 1.1633019e+00 2.9154001e-03
 9.4199902e-01 1.5439780e+00 1.7458245e+00 1.1188518e+00 2.7125660e-01
 3.9867321e-01 2.8763411e+00 2.0793622e+00 2.4153645e+00 3.0407751e-01
 1.8686725e+00 2.4691036e+00 2.9391303e+00 2.9995999e+00 4.9500820e-01
 2.0245180e-01 1.1589319e+00 2.7470536e+00 2.5766912e+00 1.0960902e+00
 1.1855812e+00 3.9514560e-01 1.0709404e+00 2.2021022e+00 8.1372982e-01
 5.0317079e-01 7.1749097e-01 9.2044258e-01 7.3811883e-01 1.7336201e-02
 8.7273061e-01 6.1166579e-01 1.9883180e-01 3.2297459e+00 1.0352184e+00
 7.7556783e-01 4.1315107e+00 1.5454440e+00 2.3705299e+00 1.3807002e+00
 3.2643712e+00 1.9831972e+00 5.7982192e+00 1.5575614e+00 4.8523250e+00
 6.8660040e+00 2.3207448e+00 1.1560286e+00 1.9452786e+00 2.2977834e+00
 3.6457200e-02 7.7923201e-02 1.7120060e+00 1.0603408e+00 7.3014402e-01
 6.0590541e-01 3.7959841e-01 2.3838440e-01 6.3322681e-01 2.0851371e+00
 6.3375139e-01 1.0992517e+00 1.1607769e+00 1.2326444e+00 1.5382912e+00
 2.3584020e+00 7.4837017e-01 7.7121001e-01 5.3338404e+00 7.1703041e-01
 4.9350920e-01 2.5169873e+00 2.5705686e+00 2.3151541e+00 7.6192361e-01
 8.4917098e-01 1.0259720e-01 2.1133749e+00 7.3055899e-01 1.6180900e+00
 2.6778555e+00 3.0149701e-01 1.2854800e-01 1.8334006e+00 7.1442842e-01
 1.6653101e+00 3.6818120e-01 1.6010180e-01 2.5089135e+00 2.7914459e-01
 1.3213878e+00 2.3000350e+00 3.6098719e-01 7.1746337e-01 9.2832839e-01
 1.0121214e+00 6.1631103e+00 2.1336730e+00 1.6583122e+00 1.1913666e+00
 1.5689970e+00 3.9415083e+00 5.4920535e+00 3.0209751e+00 4.6786170e+00
 2.1805303e+00 5.8941092e+00 8.8102818e+00 1.5153552e+00 3.0163271e+00
 2.8057070e+00 2.4133756e+00 1.9900322e+00 1.2499315e+00 2.3672874e+00
 1.8906332e+00 1.5094354e+00 1.1139210e+00 7.0306692e+00 3.5811540e-01
 1.1723525e+01 2.6927361e+00 5.2643504e+00 3.2940454e+00 3.5988135e+00
 3.8502233e+00 2.7585641e-01 9.1540928e+00 6.9167578e-01 6.7747850e+00
 1.1446417e+01 6.7088323e+00 6.6373944e+00 4.7750419e-01 1.3860393e+00
 9.7336102e-01 1.7690479e+00 4.1732001e+00 1.1549675e+00 2.4837000e-02
 2.2373583e+00 3.7288861e+00 3.3685534e+00 1.7208149e+00 1.6270608e+00
 1.8864836e+00 3.2919999e-02 2.1490684e+00 3.9318254e+00 1.4463255e+00
 1.1052072e+00 4.0769000e-02 2.3036196e+00 1.1316056e+00 1.2645454e+00
 9.2254120e-01 4.0499681e-01 2.0021019e+00 1.6029990e+00 6.8119974e+00
 3.8208838e+00 5.3226418e+00 1.7028968e+00 1.8067952e+00 5.0061402e+00
 2.2310309e+00 1.5988640e-01 3.0883059e-01 2.8192844e+00 4.7744659e-01
 4.5166501e-01 6.3446813e+00 2.6505020e+00 2.0481391e+00 1.2356548e+00
 6.3480860e-01 1.9761082e+00 7.3272657e-01 5.8528008e+00 1.9834054e+00
 2.0910680e+00 1.5632535e+01 2.4174914e+00 3.0832307e+00 6.9225121e-01
 5.2294726e+00 1.7480561e+00 2.3150620e-01 2.0177844e+00 2.5202001e-03
 1.7177505e+00 2.9233990e+00]

*************************************************************

