THIS FILE CONTAINS  cv_cross_val_predict() predictions FOR THIS CURRENT CONFIGURATION.
		 It can be used to verificate obtained results.





---------------------------------------------------------------------------------------------------------
FINAL y_pred (clipped).  FINAL PREDICTIONS USED TO CALCULATE SCORE METRICS
			 (mean over several cross_val_predict() executions)
---------------------------------------------------------------------------------------------------------
[1.1464461  1.06857687 0.81137188 0.71330774 0.68221127 0.90857795
 1.09321042 1.18481366 1.216861   0.99855731 0.73705026 0.5821812
 0.64026916 0.9102931  1.01013808 1.07404316 1.12831388 1.08850278
 0.95434533 0.76919007 0.70635784 0.8541755  1.01340852 1.17564904
 1.24344718 1.09540254 0.84402111 0.59509572 0.58362908 0.81106367
 0.97396773 1.03129532 1.08122054 1.10154592 1.0558001  0.91821471
 0.74715392 0.7186647  0.88035591 1.074229   1.1829505  1.23259738
 1.04855814 0.77618116 0.5710258  0.53109631 0.76370691 0.93918422
 1.03339256 1.08944572 1.14463078 1.07872672 0.9186907  0.75684994
 0.67013829 0.88624079 1.08975204 1.15374776 1.23082942 1.06500226
 0.81055737 0.57157591 0.53070417 0.83034152 0.98914803 1.02998472
 1.12808858 1.0969422  1.01933063 0.8380105  0.7265568  0.75176485
 0.95214456 1.1444242  1.24752852 1.17187    0.98500668 0.6974512
 0.53824087 0.67718569 0.8769487  0.96724965 1.00705214 1.10987872
 1.12907468 1.06257878 0.86370799 0.69167543 0.69587434 0.87066566
 1.09127672 1.21244216 1.23998144 1.03277484 0.72432778 0.57494814
 0.6627463  0.93708617 0.99669281 1.07643924 1.1348493  1.09874994
 0.95682979 0.75006136 0.71247133 0.87095907 1.02680228 1.14493536
 1.2303215  1.06381276 0.82494876 0.60522079 0.60055728 0.84151655
 1.00407575 1.03987498 1.13211326 1.1275242  1.04279798 0.85540773
 0.73165369 0.77521363 0.89129618 1.0943063  1.18817396 1.2577602
 1.00385917 0.67468046 0.57656884 0.62615859 0.8145383  0.96295525
 1.01210743 1.09868556 1.1200456  1.04790784 0.90959986 0.73059895
 0.70887711 0.95138739 1.09612024 1.20622714 1.18121588 0.95230799
 0.76036882 0.61166359 0.71791284 0.97674461 0.98410268 1.08655126
 1.11613046 1.10832248 0.94025588 0.731526   0.69453234 0.89525005
 1.05668574 1.13082536 1.22882444 1.02956455 0.76513635 0.5895326
 0.5809761  0.89832412 0.99819728 1.10047894 1.17318194 1.11819034
 0.95931363 0.73145881 0.68972791 0.86219355 0.95459947 1.180661
 1.18847528 1.11030634 0.76908568 0.52325277 0.64184411 0.89484534
 0.98199236 1.04551332 1.12151906 1.12460592 1.05120472 0.8523234
 0.68919958 0.74714608 0.87192682 1.12413742 1.21568354 1.21831922
 0.98860086 0.67314518 0.5402378  0.56811854 0.89558295 0.98597531
 1.01508046 1.12366882 1.0929825  1.0465848  0.87946253 0.71406361
 0.75999624 0.93812823 1.08056602 1.20206172 1.13244932 0.98382492
 0.73102624 0.59778146 0.59176816 0.86586463 0.96680234 1.01152844
 1.11964766 1.09156742 1.06261254 0.91466514 0.68983324 0.69191933
 0.94866935 1.09544054 1.20314192 1.21640562 0.9709195  0.76518865
 0.59085872 0.63443184 0.90806022 0.99262082 1.0733943  1.13566232
 1.07894594 0.93948831 0.75202436 0.70973378 0.87395734 1.01603058
 1.16903928 1.25559018 1.08407232 0.82295018 0.58617328 0.60507846
 0.79719775 0.97437195 1.01440242 1.07156408 1.11242194 1.05663812
 0.92429601 0.76548771 0.72742719 0.8676636  1.08256282 1.18825806
 1.25235044 1.08644714 0.7624405  0.56826083 0.51051549 0.75236759
 0.95095529 1.0279482  1.09925274 1.14162918 1.08303708 0.93994964
 0.74661761 0.67753858 0.86652513 1.07283572 1.14068472 1.18672428
 1.07607774 0.81518162 0.59398515 0.53007238 0.7806901  0.98625229
 1.02882462 1.11426906 1.11302554 1.04051146 0.90065601 0.73306989
 0.71566195 0.9377808  1.10579254 1.20701182 1.19364138 1.0456771
 0.76670228 0.55514853 0.57143421 0.84393581 0.95533692 1.01656291
 1.11156784 1.1077122  1.07281262 0.91893301 0.73113561 0.67152493
 0.82289968 1.08941836 1.19856906 1.2227542  1.03419938 0.78475036
 0.60613246 0.65176881 0.91551929 1.01423764 1.0718774  1.13757214
 1.11769314 0.96270894 0.76821594 0.66603752 0.84843575 1.01883474
 1.1611038  1.24014348 1.13323788 0.83329899 0.58793952 0.5365435
 0.84241798 1.00317472 1.06456368 1.11681002 1.10215374 1.0499279
 0.80335841 0.70418957 0.76537512 0.9297456  1.16190156 1.2530175
 1.16364854 0.92919884 0.64072974 0.51508239 0.74823143 0.94122501
 0.99318934 1.06774408 1.1308174  1.08987484 0.96698839 0.76766405
 0.70736481 0.82516705 1.07261448 1.18759528 1.23988904 1.122636
 0.82017117 0.59489392 0.53509305 0.77437015 0.96780507 1.04562908
 1.12729802 1.12324536 1.039035   0.86143455 0.73993726 0.72266031
 0.92149098 1.10421846 1.22106094 1.19352532 1.01990268 0.77718521
 0.53715959 0.62588908 0.83197648 0.95627674 1.01958934 1.12393214
 1.12739748 1.0689109  0.89747279 0.71085069 0.68202913 0.85990747
 1.09619314 1.20034588 1.23120782 1.05390102 0.74589585 0.58200223
 0.68557967 0.9363916  1.02081364 1.0674883  1.12997606 1.11266688
 0.94268918 0.75320781 0.66081148 0.84858893 1.00380077 1.15122606
 1.233191   1.10292576 0.8011565  0.58948649 0.5505846  0.83518838
 1.01105483 1.07610716 1.13942132 1.10248014 1.0085191  0.77010211
 0.71199833 0.78339543 0.9473579  1.1618319  1.22132026 1.11201306
 0.9256438  0.5920128  0.56570527 0.80322673 0.96630539 1.01754239
 1.09180102 1.13926968 1.07992756 0.92268187 0.73871265 0.70139619
 0.87556747 1.08234856 1.21280126 1.2671105  1.04087532 0.7857906
 0.54489444 0.52049929 0.80499452 0.96154539 1.02557888 1.11181502
 1.13079628 1.05738034 0.90760876 0.7537458  0.70659295 0.91847282
 1.10206566 1.1927793  1.22061976 1.05410906 0.79632151 0.53347587
 0.55049346 0.81093362 0.94786214 1.00171405 1.10503318 1.12476076
 1.09929628 0.93414277 0.72827904 0.64381701 0.85493157 1.08410528
 1.16964654 1.24946322 1.06416868 0.81183098 0.61035996 0.58866252
 0.8355027  1.02288464 1.04174094 1.13202516 1.1107002  0.99289421
 0.7994156  0.69786645 0.79674208 0.98005702 1.1611523  1.24338576
 1.14250548 0.8750278  0.61970385 0.53832176 0.76615442 0.9780455
 1.02775984 1.07051808 1.09353242 1.07045934 0.91960487 0.75388446
 0.71562739 0.85837083 1.02118116 1.21020602 1.1843986  1.0670723
 0.7780487  0.5971186  0.5684786  0.81135089 0.93611371 1.03182109
 1.08748028 1.15468374 1.08293876 0.90592774 0.7477991  0.66512868
 0.86783674 1.09566242 1.19084688 1.22911672 1.04254338 0.77408464
 0.60405472 0.6602846  0.92652787 1.02694192 1.0563552  1.1215739
 1.11785074 0.98925032 0.7896669  0.67123121 0.81093444 1.00805146
 1.16135222 1.23000162 1.12017558 0.84314634 0.5991582  0.54545842
 0.81104676 0.99372571 1.05883046 1.11010972 1.11693412 1.0600558
 0.8049973  0.70907266 0.7419302  0.92150152 1.15158152 1.23312528
 1.15902314 0.92329167 0.62341885 0.49418442 0.74535421 0.94627952
 0.99392268 1.05514752 1.11892018 1.10613114 0.97630466 0.76298835
 0.68856516 0.80542899 1.0636385  1.1953837  1.23263954 1.14105946
 0.82680318 0.57915414 0.507916   0.7542125  0.96701734 1.0456864
 1.11871358 1.12987458 1.05503976 0.87886034 0.74915122 0.71884377
 0.92866548 1.08853802 1.21042682 1.19653038 1.04503462 0.79186894
 0.54011857 0.59217297 0.81422995 0.92653189 1.02725216 1.11951302
 1.12617484 1.0960986  0.90400837 0.73663879 0.68697212 0.8251576
 1.10039112 1.18738248 1.24135504 1.06522796 0.76982839 0.61323697
 0.67962887 0.91498391 1.03536936 1.05523958 1.13391644 1.09665516
 0.95974045 0.73750414 0.65619828 0.83939751 1.01788984 1.1697427
 1.2339018  1.09366438 0.7968064  0.57589372 0.55013663 0.82734873
 1.00997256 1.08113252 1.14157374 1.10288286 1.02577868 0.74169294
 0.70753523 0.78685986 0.96071018 1.14703034 1.24197882 1.1157802
 0.91229944 0.58272781 0.53052275 0.82080769 0.98021027 1.01360895
 1.10768298 1.11231724 1.09037134 0.9188396  0.734561   0.71668687
 0.89136546 1.07960942 1.20540272 1.24012634 1.04912342 0.73725863
 0.56024647 0.51908634 0.81184468 0.94766358 1.02793742 1.12599244
 1.14135136 1.09193756 0.91075474 0.73380625 0.67314188 0.90181909
 1.09920234 1.18628684 1.21229404 1.06875324 0.80641128 0.55469654
 0.50764922 0.8130659  0.98673754 1.01176253 1.12750828 1.11574886
 1.04458096 0.88137294 0.74598586 0.704311   0.91349402 1.09731646
 1.17485266 1.20656246 1.04760652 0.7998843  0.52528615 0.55511841
 0.8174283  0.96305283 1.02086062 1.12031234 1.09555564 1.08393108
 0.92490912 0.7367135  0.67546077 0.87607744 1.1065025  1.16554696
 1.22582036 1.04019534 0.79962909 0.57327055 0.60038966 0.85851709
 1.00851576 1.04673772 1.13901776 1.1009518  1.02248514 0.82560263
 0.68421636 0.79016609 0.9813631  1.16120234 1.23948044 1.1454862
 0.88597189 0.60416087 0.54786524 0.76829917 0.9587082  1.01511115
 1.08083694 1.10006378 1.09365008 0.9442161  0.76582532 0.7046649
 0.84204373 1.00697302 1.1951743  1.22036884 1.12131996 0.83842244
 0.57982176 0.51039988 0.73481742 0.90981881 1.05423956 1.11028694
 1.12868758 1.08618062 0.93404566 0.77860004 0.6852714  0.85111545
 1.08405416 1.16178718 1.23356694 1.06483952 0.84447976 0.62937952
 0.52878712 0.7053708  0.99032684 1.04852932 1.11238118 1.13089106
 1.06310604 0.91370837 0.74077117 0.7318944  0.91923278 1.08632096
 1.20280778 1.21673428 1.00078976 0.70755476 0.52608829 0.64263495
 0.83782137 0.97293006 1.01974026 1.10054324 1.12106012 1.04546022
 0.87076914 0.71782796 0.71440498 0.83200911 1.08351468 1.19244162
 1.22346166 1.01608161 0.74695028 0.603959   0.58219496 0.85246312
 0.995663   1.0677765  1.131367   1.10454418 0.98757702 0.80437786
 0.7045896  0.80660516 0.98949508 1.18229838 1.23983782 1.1260311
 0.92245245 0.63743169 0.56501002 0.73616616 0.93869017 1.0142852
 1.05779818 1.1231353  1.06126844 0.98265761 0.79276394 0.71000654
 0.81008408 1.05569218 1.17423858 1.24621734 1.12378886 0.83341559
 0.59457903 0.53002443 0.75369248 0.94997216 1.04354488 1.1057297
 1.12519668 1.05941602 0.88291146 0.77778628 0.71731348 0.90242222
 1.08050276 1.19535188 1.21604604 1.04523742 0.81276146 0.54938585
 0.5835175  0.80080382 0.94590851 1.00365652 1.1298364  1.13098688
 1.09366166 0.89739418 0.71706211 0.67906449 0.84317326 1.09482508
 1.19160334 1.26014854 1.0584553  0.76609475 0.57421383 0.61453716
 0.9093422  1.03618098 1.05820368 1.14268564 1.09543124 0.95376931
 0.75315567 0.67641042 0.84252084 1.01637886 1.15491274 1.24687658
 1.10686494 0.81511792 0.56373395 0.5666326  0.83912138 0.98841176
 1.06620764 1.12118458 1.0875318  1.0394248  0.80659227 0.73445105
 0.78864889 0.919429   1.14525372 1.2260938  1.13397292 0.90873847
 0.58958488 0.53309797 0.73656783 0.89232283 0.98379114 1.04791196
 1.09179618 1.104035   0.99904962 0.80588642 0.70821334 0.76821597
 1.03432112 1.15835112 1.2351385  1.1658791  0.86513787 0.62810236
 0.55898076 0.76953194 0.98192731 1.01249653 1.09101784 1.1289153
 1.0587551  0.90354666 0.72674666 0.7432733  0.91266425 1.08909062
 1.17641974 1.18432504 0.97468762 0.6729456  0.55918884 0.67909572
 0.88381404 0.99221865 1.06573998 1.12867232 1.10187712 0.99883753
 0.84106924 0.71462529 0.80697885 0.90521785 1.13344682 1.20186236
 1.18641874 0.96224687 0.64694141 0.53652679 0.62370752 0.89089635
 0.98156956 1.05483576 1.11349302 1.10287726 0.99965307 0.93253005
 0.70971165 0.75881402 0.98854525 1.1013871  1.2154002  1.13810946
 0.96354812 0.73203416 0.56538805 0.6265479  0.91842165 0.9682184
 1.06872172 1.12720684 1.07745682 0.99463122 0.83178753 0.71986316
 0.82976837 0.99883451 1.13640782 1.2300618  1.09474514 0.87380875
 0.58865381 0.60897134 0.78743636 0.92863162 1.01924394 1.0807727
 1.12925208 1.07012482 0.92750306 0.76117279 0.70613099 0.84347512
 1.09187186 1.19700032 1.22660824 1.07055562 0.785583   0.54912316
 0.56714013 0.82290051 0.9900524  1.0537719  1.13276652 1.11637564
 1.00503486 0.81227556 0.70335246 0.76076685 0.97850748 1.16117628
 1.25948746 1.16585634 0.94165147 0.6455791  0.53383668 0.70208328
 0.92200285 0.97135869 1.05883754 1.11683256 1.10512762 1.02617026
 0.84087648 0.70294799 0.74180068 0.91262777 1.11643492 1.208528
 1.20312554 0.97023169 0.66728425 0.5523938  0.67587768 0.89964356
 0.99896912 1.05522222 1.1326131  1.08885226 0.96623833 0.78718789
 0.7010931  0.82478039 1.01992902 1.13532098 1.23775742 1.07727894
 0.86261764 0.59103191 0.60409343 0.78622465 0.92558984 1.01750355
 1.07676146 1.1453436  1.05300332 0.9375777  0.7456055  0.69352717
 0.83198306 1.08882558 1.21244492 1.23472924 1.06118458 0.79717722
 0.56288577 0.56385288 0.84590956 0.98875738 1.0481513  1.13167656
 1.1186721  1.0148101  0.81953704 0.71208408 0.740291   0.97301803
 1.15101766 1.24617968 1.17842142 0.96169325 0.65686043 0.55370013
 0.68515219 0.90229342 0.99525057 1.02861736 1.09173504 1.09120166
 0.99236146 0.83439904 0.72089647 0.76695488 0.92507011 1.1393207
 1.2320981  1.17532266 0.95992674 0.65704415 0.4989234  0.64613776
 0.90381757 0.96870832 1.05246696 1.13028786 1.08269104 1.00357653
 0.84176258 0.70667617 0.81948181 0.95705454 1.13586642 1.21062108
 1.09844902 0.92737999 0.61107136 0.57681578 0.74196117 0.87981539
 0.99697566 1.06425934 1.13965502 1.08956434 0.95008613 0.78340249
 0.67785903 0.80158656 1.07471494 1.1821966  1.26812318 1.13053068
 0.83424561 0.58417821 0.56999203 0.82801979 1.00855061 1.00148791
 1.12910094 1.12210116 1.05179164 0.82274209 0.68796211 0.73124319
 0.94952981 1.13816152 1.2186831  1.21067976 0.9142135  0.64137045
 0.54228514 0.7048123  0.94415904 1.03768564 1.07769738 1.11166992
 1.08779662 0.90870341 0.74085546 0.67612311 0.85493691 1.00505295
 1.22896304 1.17534278 1.07889962 0.72803369 0.57661651 0.62946428
 0.87275539 0.9538737  1.0186199  1.09971308 1.14336114 1.06685352
 0.88899758 0.71130081 0.69288398 0.83330364 1.11032144 1.19182876
 1.21031756 1.02355488 0.75056206 0.63787872 0.68523319 0.92799453
 1.01911354 1.07257476 1.13869314 1.11779734 0.91826538 0.72028942
 0.67823507 0.88292045 1.02059604 1.15337642 1.2458589  1.08031338
 0.79799921 0.57346129 0.54602017 0.86842475 1.03238028 1.07990994
 1.1480554  1.11139396 1.00901537 0.79043127 0.7162231  0.81990026
 0.94979214 1.16877366 1.24423114 1.16743452 0.87183145 0.57038942
 0.51754065 0.7991266  0.91786844 1.0146232  1.07871552 1.14056272
 1.09424208 0.93693265 0.74245683 0.69905627 0.83182981 1.08666592
 1.205834   1.23702398 1.0688597  0.79327341 0.57459071 0.56558101
 0.83583675 0.99130188 1.05403994 1.13387606 1.11769202 1.01833662
 0.810966   0.71525168 0.7618146  0.96992407 1.15597554 1.2508328
 1.16859444 0.940788   0.65882467 0.53964269 0.69779335 0.90992919
 0.97572703 1.06248434 1.10299486 1.09584744 1.02390878 0.83895502
 0.70003828 0.74036634 0.93509313 1.1382212  1.20889838 1.19219734
 0.97989819 0.66699623 0.54250547 0.66749988 0.91970209 0.98462521
 1.06707552 1.13804024 1.0799842  0.97562661 0.79116666 0.70354869
 0.83616629 1.00961506 1.13979522 1.22855224 1.0764684  0.86488184
 0.56737599 0.60763213 0.79473896 0.94094201 1.0177581  1.08024982
 1.13629002 1.05603256 0.93594548 0.74420785 0.71035756 0.86442074
 1.09837798 1.20151676 1.22354064 1.07578434 0.78193226 0.54014357
 0.57678027 0.83280839 0.99118776 1.03233126 1.13168586 1.12340358
 1.02996004 0.83213252 0.69831206 0.75164065 0.96090539 1.13908528
 1.2394027  1.16549298 0.93699128 0.65555534 0.53861958 0.67974333
 0.90292718 0.99432534 1.02546546 1.10074962 1.09979884 1.00605434
 0.83054279 0.71922189 0.77413739 0.9412759  1.1270787  1.21957646
 1.19728936 0.94055895 0.67759707 0.50225722 0.62510982 0.87875094
 0.99914619 1.06489734 1.12582068 1.07931526 0.96181127 0.85197326
 0.7144331  0.83178669 0.9706015  1.1311567  1.17874922 1.09972234
 0.96115378 0.62746745 0.59428529 0.68038678 0.86888973 0.99896077
 1.04891686 1.12465564 1.06539214 0.95404017 0.8589805  0.70704849
 0.79162834 1.0449374  1.13950428 1.2344866  1.11677982 0.86942681
 0.6596634  0.65381859 0.77502228 1.01046426 0.99006578 1.09019104
 1.1123736  1.06626544 0.87777395 0.69413567 0.74956786 0.94774054
 1.08336338 1.16660348 1.17451556 0.92725609 0.6379194  0.55528511
 0.68811211 0.94738722 1.02483963 1.11357048 1.15985038]



*************************************************************
MODEL ERRORS (of CLIPPED predictions): 
 
[1.29375001e-02 9.59945321e-02 2.20217615e-01 7.72748739e-02
 4.34219129e-02 2.64723688e-01 1.20308049e-01 5.17195612e-02
 4.29649986e-02 2.22509593e-01 2.11083487e-01 1.33304745e-01
 1.19808853e-01 2.29289770e-01 2.84368009e-03 9.92325973e-03
 8.88267998e-03 6.37789220e-02 1.68348979e-02 6.04743809e-02
 6.75975978e-02 8.64741206e-02 1.91666801e-02 9.58583970e-03
 1.09406197e-02 1.00197762e-01 3.16943154e-02 1.74250994e-02
 1.26632884e-01 7.07621872e-02 2.77807731e-02 4.17114682e-02
 1.37627600e-02 2.34152805e-02 1.00961002e-02 3.81486379e-02
 2.16585794e-03 6.96922606e-03 4.50513586e-02 2.35016998e-02
 4.85421009e-02 8.41448233e-02 6.87022582e-02 7.17775011e-03
 6.55280873e-02 8.65864083e-02 6.43734708e-02 3.01197395e-02
 1.05670668e-01 1.16000799e-02 7.93687999e-03 9.83189791e-02
 1.09593198e-01 2.97209900e-02 4.67347503e-02 2.51479387e-01
 1.20341673e-01 3.12654600e-02 7.32077211e-02 1.49741933e-01
 1.45754620e-01 1.67902827e-01 1.11722900e-02 1.43525109e-01
 2.39964742e-02 5.66006787e-02 1.33963199e-02 6.25208020e-02
 7.52146244e-02 6.00701608e-02 1.29141614e-01 2.04855222e-02
 1.06591441e-01 4.16909996e-03 1.30723203e-02 2.59847008e-02
 1.30855501e-01 7.61763901e-02 4.06799018e-02 1.32128373e-01
 1.66140407e-01 6.95009530e-02 1.53752655e-01 1.96265206e-02
 1.59616634e-01 2.66505331e-01 1.93351254e-01 1.33254573e-01
 3.72682154e-01 3.20580125e-01 2.00416982e-01 5.39184585e-02
 4.13443387e-01 4.76528168e-01 2.80680060e-01 2.11850822e-01
 3.26728016e-01 1.87885892e-02 1.00980692e-01 4.83026616e-02
 1.28023000e-02 1.01203270e-01 1.82763264e-01 7.37542436e-02
 1.19812982e-02 1.59400031e-01 1.53340414e-01 1.05733238e-01
 3.13227996e-02 1.92666128e-01 2.18920782e-01 1.53583378e-01
 1.34978443e-01 1.53046474e-01 2.30892859e-02 4.58281189e-02
 3.14915995e-03 4.47173007e-02 6.05483502e-02 9.57449675e-02
 2.05384158e-02 1.12440558e-02 1.76057920e-01 1.17375299e-01
 1.10899441e-01 9.19898003e-02 1.86064631e-01 1.30399823e-01
 1.46093354e-01 1.52167305e-01 1.60976127e-01 2.58990657e-02
 6.86131716e-02 3.52333412e-02 3.50863002e-02 5.46840020e-04
 1.09385222e-01 7.68238157e-02 7.07741901e-02 1.00203361e-02
 3.93198617e-02 2.79960409e-02 5.11087216e-02 5.80653409e-03
 4.63589728e-02 9.73151103e-02 5.91450147e-02 1.70041732e-02
 6.91030249e-02 1.21778399e-02 4.08636406e-02 1.15046643e-01
 6.96980506e-02 6.54539615e-02 5.70101514e-02 9.62289944e-02
 1.05179459e-01 1.22275941e-01 1.56990606e-02 1.04970366e-01
 1.25889495e-01 1.40541926e-01 7.84931406e-02 7.33284801e-02
 2.02791095e-02 6.12891391e-02 3.19188386e-02 1.98510401e-02
 9.00283679e-02 7.25352541e-02 2.01965813e-02 1.58689991e-01
 3.49228904e-02 7.20890006e-03 6.54123202e-02 1.40543655e-01
 1.55150682e-01 1.07447527e-01 2.00474486e-01 2.45375678e-01
 2.00128071e-02 7.94499964e-02 9.77237597e-02 1.75462794e-02
 6.71726763e-02 2.33394504e-01 1.42377660e-01 4.46401983e-02
 2.22753569e-01 1.94544137e-01 7.48859420e-02 1.02931196e-02
 2.79895127e-01 3.18084121e-01 1.61962375e-01 7.99543783e-02
 3.09721828e-01 3.92920226e-02 6.32146001e-03 1.00376122e-01
 6.29618987e-02 2.55079009e-02 1.49171069e-01 8.05389062e-02
 3.90597284e-02 1.75206557e-01 5.56675196e-02 9.06732026e-03
 1.59571484e-01 2.45493174e-01 1.51876196e-01 1.25053320e-02
 1.73214555e-01 1.75116956e-01 7.02526001e-03 7.55182505e-02
 9.28009599e-02 4.82234806e-02 9.55201611e-02 2.05930457e-01
 1.62973449e-01 1.42845018e-02 3.68836492e-01 2.31141403e-01
 1.05448022e-01 7.96648189e-02 2.66573608e-01 2.84149557e-01
 2.15022653e-01 4.31560315e-02 3.28767985e-01 6.78915083e-02
 1.15887998e-02 4.13377210e-02 1.25177562e-01 6.97033852e-02
 9.78475213e-02 7.09719583e-02 1.96478158e-01 4.40076999e-02
 2.84921806e-02 6.12533800e-02 1.49770483e-01 1.21675402e-01
 1.11211017e-01 1.06518388e-01 1.28961861e-01 2.17417981e-02
 2.49723792e-02 2.04446204e-02 3.65272611e-02 4.99805212e-02
 2.84059364e-02 7.70277604e-02 2.55143046e-02 9.41820294e-02
 7.29442835e-02 6.84735402e-02 2.28273608e-02 1.23094678e-01
 1.04131021e-01 1.20268084e-01 8.83727670e-02 1.91942289e-01
 1.74242891e-02 3.11727095e-02 4.42101583e-02 2.05607805e-02
 3.17985192e-02 7.59340748e-02 3.24164256e-02 4.75413278e-02
 8.85350630e-03 4.39583808e-02 4.89846803e-02 8.54787230e-02
 3.06062400e-02 6.52059764e-02 7.01534152e-02 6.56906981e-03
 1.30480304e-01 3.81521098e-02 1.36959199e-02 4.90984395e-02
 4.34289388e-02 2.21539605e-02 9.97771695e-02 1.77169275e-02
 6.98690042e-02 9.42014009e-02 8.79229605e-02 9.07828808e-02
 2.81392206e-02 1.70431986e-01 1.88183427e-01 1.37512326e-01
 1.30122170e-01 1.17416859e-01 2.14009006e-02 1.57794915e-02
 2.78929602e-02 5.28476015e-02 4.33841795e-02 7.03896135e-02
 5.77493496e-02 9.16966647e-02 4.75311764e-02 9.66504030e-03
 6.28286600e-02 1.41840996e-02 9.97592043e-03 1.94292199e-02
 1.61053501e-02 6.64298683e-02 1.49972020e-02 7.28902593e-02
 2.66209003e-02 6.68433607e-02 1.13703936e-01 1.20603710e-01
 1.36969388e-01 1.45136304e-02 1.30916074e-01 1.21082261e-01
 3.24269012e-02 1.32405804e-02 1.95657387e-01 1.38026565e-01
 8.76086876e-02 1.45170987e-01 1.61066815e-01 4.04105783e-02
 3.81744206e-02 2.86099799e-02 1.05789281e-01 1.74171805e-01
 1.27633855e-01 5.74247949e-02 2.22143725e-01 2.33739600e-01
 9.94350389e-02 3.01699998e-04 2.33237758e-01 2.92709976e-01
 1.97830662e-01 1.30348042e-01 2.14481086e-01 2.73353569e-02
 3.05922609e-02 7.41943195e-02 1.64365992e-02 8.07684008e-03
 1.37467116e-01 6.20117374e-02 4.99072336e-02 1.11718051e-01
 7.31094182e-02 2.84366198e-02 2.97594592e-02 1.38903067e-01
 1.28752738e-01 1.15791239e-01 5.48586138e-02 1.73178703e-01
 3.26146260e-02 2.73956805e-02 2.54993793e-02 4.16852608e-02
 7.24219996e-03 5.28744310e-02 1.98457576e-02 1.09450240e-02
 7.57767260e-02 7.57043436e-02 5.41943610e-02 6.10739812e-02
 1.01560362e-01 1.62398189e-01 1.09969705e-01 2.12072153e-02
 1.21240765e-01 8.82603228e-03 1.13278404e-02 1.68961603e-02
 1.75095201e-02 5.98586015e-02 3.24032567e-02 1.57900061e-02
 9.12499875e-02 7.55335204e-03 1.98806007e-03 5.01390807e-02
 1.45799797e-02 6.72378018e-03 5.15436381e-02 3.28587811e-03
 1.29606590e-01 2.66277064e-02 4.70408611e-02 3.58299993e-04
 6.27082363e-02 8.20162818e-02 4.20031808e-02 6.35221675e-02
 2.21254546e-02 8.07949305e-02 1.35192335e-01 5.95462397e-02
 4.10201997e-02 1.07212707e-01 9.21468437e-02 1.02376468e-01
 2.78486721e-02 1.07438840e-01 4.16633021e-03 5.86400591e-02
 1.55633800e-02 2.72418391e-02 2.97369994e-02 3.48337740e-02
 1.09760500e-02 3.23034413e-02 6.26070946e-02 2.51206998e-02
 6.46520406e-02 1.33518338e-01 2.31726691e-02 7.67666008e-03
 1.45137325e-01 1.38548896e-01 1.16930781e-02 7.82728568e-02
 7.89046213e-02 1.03782001e-03 7.50323385e-02 2.10821226e-01
 1.27133861e-01 1.45046478e-02 2.98928559e-01 2.38964260e-01
 1.22366957e-01 1.32397801e-01 1.93595082e-01 2.80729085e-01
 2.73419917e-01 8.32502097e-02 2.38895386e-01 5.54505102e-02
 5.81909195e-02 2.14801207e-02 7.60042220e-02 3.58471386e-02
 4.92613688e-02 1.05768003e-01 4.38032784e-02 3.72052491e-02
 3.49955410e-02 5.92919998e-03 2.20037401e-02 9.27756429e-02
 8.44222531e-02 2.76545957e-02 9.59278792e-02 1.74924523e-01
 9.49958637e-02 8.14101547e-02 5.17791212e-02 1.14973560e-01
 1.95171818e-01 2.42698938e-01 1.62503049e-02 3.07766408e-01
 2.96295434e-01 1.66855514e-01 1.11076362e-01 2.73450047e-01
 3.94575000e-01 3.58210802e-01 2.63818968e-02 3.50006133e-01
 1.36617050e-01 3.13393809e-02 1.02282263e-01 1.37941604e-02
 5.27090020e-03 1.23864457e-01 8.10202286e-02 6.34946972e-02
 7.38454983e-02 1.35463685e-01 3.18206996e-02 3.16482410e-02
 9.13917795e-02 1.24270648e-01 9.72059071e-02 9.74404998e-03
 1.38641953e-01 4.21035029e-02 1.99359395e-02 8.97603184e-02
 1.72625203e-02 3.76314409e-02 1.02064371e-01 3.64898778e-02
 4.95856255e-02 1.47985369e-01 1.61762938e-01 7.78240785e-02
 6.61631972e-02 1.57435641e-01 1.74312755e-01 1.76522881e-01
 8.70447159e-02 1.40815571e-01 3.04121408e-03 2.44808886e-02
 5.27792200e-02 8.63560010e-04 5.71181402e-02 3.35206687e-02
 5.80781661e-02 9.20790359e-02 3.62848826e-02 1.04380203e-02
 5.99372797e-02 9.24080028e-04 3.31282206e-02 5.42757288e-02
 1.09783281e-02 9.73892286e-02 3.05582397e-02 5.87756783e-02
 3.69492993e-02 8.87484029e-02 9.12415385e-02 1.34589210e-01
 1.44813776e-01 1.98550187e-02 1.39455914e-01 1.24646738e-01
 1.57781802e-02 1.06601799e-02 1.53306365e-01 1.19126268e-01
 8.25830773e-02 1.00650214e-01 1.76113471e-01 5.99516928e-02
 3.32470387e-02 5.10338806e-02 1.19988039e-01 1.80918649e-01
 1.34035930e-01 3.73907946e-02 2.40185663e-01 2.38187179e-01
 9.90647823e-02 1.97357200e-02 2.23274335e-01 2.76211411e-01
 1.72831073e-01 1.49085075e-01 2.20497251e-01 3.19786035e-02
 3.59888226e-02 8.79326835e-02 1.84011795e-02 4.51924391e-02
 1.62505761e-01 5.17640747e-02 3.00016790e-03 1.67168096e-01
 1.01880103e-01 4.98862006e-02 2.92720608e-02 1.96237847e-01
 1.78786159e-01 1.30081743e-01 1.16936095e-01 2.01429397e-01
 5.86949009e-03 3.09017003e-02 2.56673191e-02 1.77875794e-02
 3.27404402e-02 4.24662717e-02 3.97952758e-02 6.20015301e-02
 1.71006005e-03 5.33104800e-02 5.15248021e-03 7.79135227e-02
 4.97705601e-02 9.32823643e-02 5.78617863e-02 1.66542921e-02
 1.25308678e-01 7.35363066e-02 1.66667607e-02 3.36140804e-02
 4.09065410e-02 3.98387983e-02 8.37649703e-02 1.59387346e-02
 3.50361653e-02 1.53913632e-01 7.09371790e-02 7.94250220e-02
 2.72111595e-02 1.24024972e-01 1.36804417e-01 1.79199740e-01
 6.08518645e-02 3.12440693e-02 8.17164406e-02 5.90510108e-02
 7.51865981e-03 4.23398390e-02 1.75185353e-01 1.38034001e-01
 4.86969948e-02 2.43642360e-01 1.78505674e-01 7.51105994e-02
 7.89719000e-02 1.54198319e-01 2.75936902e-01 2.24185735e-01
 2.86618918e-02 2.85923302e-01 1.14123613e-01 2.05473192e-02
 8.57339427e-02 8.46997425e-02 1.77002195e-02 1.82699725e-01
 8.59234761e-03 1.04671039e-01 5.96883558e-02 1.94928404e-02
 3.09817195e-02 1.73469096e-01 1.23768061e-01 1.49415448e-01
 3.44905145e-02 2.92210013e-01 7.18109608e-02 1.39345722e-02
 1.20063648e-01 3.72634605e-02 5.17376000e-03 1.64879397e-01
 1.28500894e-01 1.19588356e-02 1.95661023e-01 1.64946333e-01
 6.37948215e-02 2.21916009e-03 2.48842686e-01 2.78591484e-01
 1.32819384e-01 5.36844693e-02 2.77549475e-01 3.58982310e-02
 5.57907782e-02 1.60113141e-01 1.78416003e-03 3.34974416e-02
 2.33120352e-01 1.79261655e-01 5.92514910e-02 2.83833861e-01
 3.03287297e-01 1.08537443e-01 4.45098393e-02 1.81543455e-01
 3.08758616e-01 2.61724323e-01 7.67707750e-02 3.12515527e-01
 1.40228078e-01 2.68217716e-02 1.04016677e-01 4.77544405e-02
 3.57448384e-02 1.09134622e-01 5.79640083e-02 1.33762201e-02
 1.00912839e-01 4.62353602e-02 1.79687403e-02 8.98716375e-02
 1.42764375e-01 5.01825213e-02 4.08074819e-02 1.27220139e-01
 7.23384395e-02 1.24156717e-02 7.78157189e-02 5.45866415e-02
 3.89195606e-02 6.09369203e-02 1.35583282e-01 7.27550089e-02
 6.48834603e-03 2.38559037e-01 1.54464915e-01 2.72247605e-02
 4.00321595e-02 2.02740461e-01 1.66776121e-01 1.36164695e-01
 9.43272337e-02 2.20371917e-01 2.80092265e-02 6.71252003e-03
 6.21732585e-02 5.76554984e-02 5.35024004e-03 9.09218267e-02
 1.59370694e-02 5.19013926e-02 4.82221246e-02 1.75698400e-02
 6.83205994e-03 1.46693602e-01 1.14446111e-01 8.29046741e-02
 8.69515389e-02 2.14690581e-01 3.53760272e-02 4.18703333e-02
 1.04388431e-01 4.22279201e-02 2.74537206e-02 1.87042996e-01
 1.27301514e-01 2.20265556e-02 2.15702027e-01 1.76081255e-01
 9.89579037e-02 3.95188406e-02 1.44806236e-01 2.48699963e-01
 2.05021694e-01 4.20118421e-02 2.27617323e-01 3.54874544e-02
 2.49224603e-02 9.92192402e-02 3.25788185e-02 8.03771988e-03
 8.28839391e-02 3.95872891e-02 2.29809880e-02 6.55599684e-02
 6.38135597e-02 2.43999194e-02 5.92096597e-02 1.69721276e-01
 4.74866182e-02 3.77282314e-02 1.08854100e-01 2.40382869e-02
 3.13034840e-02 1.10124409e-01 8.94051790e-02 8.85723997e-03
 9.18849632e-02 2.08464533e-01 1.14443488e-01 5.01784123e-02
 3.36701363e-01 2.23829404e-01 1.04370378e-01 7.64445812e-02
 2.38954037e-01 3.43412757e-01 2.76590854e-01 5.54429255e-02
 2.63589591e-01 5.06734885e-02 6.09667413e-02 1.27137396e-02
 8.00733790e-02 3.16889212e-02 8.76507815e-03 6.71900734e-02
 3.47811058e-02 1.32145137e-01 5.92097193e-02 7.70157995e-03
 2.01245397e-02 6.35244250e-02 5.14618494e-02 1.11677863e-01
 6.75557405e-02 1.32291391e-01 3.33559029e-02 5.75400004e-03
 2.01293994e-02 7.79756829e-02 5.30713201e-02 8.82817358e-02
 3.60744074e-02 1.00120313e-01 1.42871216e-01 6.34267181e-02
 6.81886822e-02 8.91849026e-02 2.13229939e-01 1.68206707e-01
 5.52933738e-02 1.59141675e-01 3.02801486e-02 6.28363937e-02
 7.49596208e-02 8.20439961e-03 1.00298457e-01 3.77541222e-02
 4.84129675e-02 1.01216242e-01 6.80724084e-02 8.14798009e-03
 2.52702795e-02 2.72832401e-02 2.89837401e-02 3.03230528e-02
 4.30738740e-02 2.51996387e-02 4.60679308e-02 9.64089409e-02
 5.07941982e-03 5.93357012e-02 3.14034782e-02 1.06991902e-01
 1.05142593e-01 1.24413297e-01 1.16813265e-01 1.81794286e-01
 1.07193038e-01 9.07279179e-02 8.82820413e-02 2.38186255e-01
 2.63421923e-01 8.52916241e-02 2.40562335e-01 2.02147186e-01
 2.59182043e-02 1.21236175e-01 1.89867001e-02 3.82283814e-02
 1.60204262e-01 1.51763305e-01 1.89056732e-02 1.50051296e-01
 2.54358739e-01 1.27695724e-01 1.12589762e-01 1.49361134e-01
 2.88907319e-01 2.52284437e-01 1.17652752e-01 2.23498970e-01
 7.12535754e-02 9.27426070e-02 5.57490215e-02 1.53897395e-02
 5.50734587e-02 3.42521891e-02 1.53091280e-02 3.58133242e-02
 1.38478354e-01 5.02063986e-03 2.25185999e-03 3.01667806e-02
 8.54050592e-02 7.38012493e-02 8.23684484e-02 8.23984668e-02
 9.67443511e-02 3.10187377e-02 3.98259386e-02 1.11562002e-03
 3.43157984e-02 3.46310996e-02 6.25764206e-02 4.68347669e-02
 1.59216318e-02 6.73747361e-02 2.09574793e-02 4.57648002e-02
 1.26016185e-01 2.50023678e-02 4.11225706e-02 9.79772881e-02
 1.02564462e-01 6.15484007e-02 2.65362822e-02 3.95336598e-02
 4.96814214e-02 2.79683005e-02 1.16598882e-01 5.14166206e-02
 5.63768018e-03 1.54365271e-01 1.57870159e-01 4.48104218e-02
 6.07470013e-02 9.58688036e-02 1.76515132e-01 1.33307651e-01
 1.95013471e-02 2.16897964e-01 6.11355528e-02 2.98911706e-02
 5.18585406e-02 4.52675000e-02 1.11812996e-02 6.17358126e-02
 2.14996524e-02 3.56222093e-02 5.19001149e-02 1.24946795e-02
 4.16098610e-02 1.24412857e-01 1.30322888e-01 9.84993204e-02
 4.84572724e-02 2.19498515e-01 4.24265787e-02 1.16346180e-02
 1.21883728e-01 1.31533202e-02 2.46422794e-02 1.51705474e-01
 1.43733352e-01 5.29083237e-02 1.66997895e-01 1.97313547e-01
 1.09181918e-01 4.35847603e-02 3.23782600e-02 2.27281436e-01
 2.38252014e-01 1.06013380e-01 1.40342653e-01 1.43889561e-01
 3.86604406e-02 2.97721606e-02 1.02404803e-02 1.72695406e-02
 6.09662989e-03 6.38551712e-02 2.09456999e-02 1.43286940e-02
 2.08283612e-03 6.49849027e-02 5.71044013e-02 1.22689039e-01
 2.92238407e-02 1.01484142e-01 1.30765632e-01 6.12872606e-03
 3.46447416e-02 1.17482198e-02 6.17383197e-02 1.42214596e-02
 5.57885803e-02 1.23701677e-01 2.78596543e-02 1.72704309e-02
 2.18899906e-01 1.27374753e-01 2.54800208e-02 5.87298982e-02
 1.65340766e-01 1.72184542e-01 1.78321674e-01 6.40477240e-02
 2.36608431e-01 1.07555920e-02 2.62011606e-02 3.91701013e-02
 4.69518192e-02 2.41119191e-02 3.10595073e-02 1.82543565e-02
 1.34369405e-03 2.55678222e-02 1.55608403e-02 2.15132795e-02
 8.00974593e-02 2.11105794e-02 2.33195908e-02 4.31273431e-02
 9.70925838e-02 3.16927172e-02 7.12639978e-03 1.04534492e-01
 9.74852033e-03 6.69706007e-03 1.38603136e-01 1.52901292e-01
 5.57142086e-02 1.18475869e-01 2.41109192e-01 1.16977379e-01
 9.05445591e-02 7.18657598e-02 2.28612930e-01 2.12188333e-01
 7.89983869e-02 2.27001578e-01 1.45495072e-01 4.86288071e-02
 4.90194410e-02 1.09412400e-02 6.42707990e-03 5.69059979e-04
 4.06851284e-02 3.05908592e-03 1.99177284e-02 4.35113236e-02
 4.05152813e-02 6.06020018e-02 8.56546611e-02 3.61510599e-03
 1.23509662e-02 1.12862624e-01 9.93891731e-02 3.03469840e-02
 4.46068235e-02 8.22521374e-02 6.51940005e-03 5.27541414e-02
 1.92856073e-01 1.21314578e-01 1.78652387e-02 2.39136145e-01
 2.36909986e-01 6.77909777e-02 9.86808166e-02 1.46452457e-01
 2.53225565e-01 2.55118459e-01 2.52058562e-02 2.55981445e-01
 7.78720528e-02 5.04736491e-02 5.98096009e-03 4.89179008e-02
 9.80388001e-03 3.47989500e-02 4.09597121e-02 5.22773452e-02
 6.24675713e-02 3.48742194e-02 2.86241192e-02 3.74645591e-02
 3.09792794e-02 4.78880443e-02 4.23378758e-02 1.08437398e-02
 7.86002204e-02 4.02598232e-02 2.27336008e-02 3.41665410e-02
 6.01691008e-02 1.54385902e-02 4.10828106e-02 5.19425608e-03
 7.44436234e-02 9.05644745e-02 5.71257398e-02 6.25590235e-02
 9.67119995e-04 1.32390007e-01 1.11176372e-01 1.31180063e-01
 7.64004290e-02 6.67268112e-02 6.57862723e-02 3.77743393e-02
 4.55711596e-02 7.55898431e-02 8.45842361e-02 1.61677562e-02
 6.89959228e-02 1.66133329e-01 3.84494802e-03 2.45846007e-02
 8.53450969e-02 5.99530414e-02 4.00084741e-02 1.11858927e-01
 5.96515574e-02 1.88801326e-02 6.93655983e-02 1.15303375e-01
 5.84177412e-02 5.54670393e-02 1.05120033e-01 1.79631501e-01
 2.22349226e-01 1.74331367e-02 1.96326986e-01 1.92062855e-01
 8.29513818e-02 9.90017969e-03 1.99849561e-01 2.72813678e-01
 1.27157629e-01 1.54535577e-01 2.75656939e-01 1.47934705e-01
 1.20645642e-01 6.06265590e-02 1.35505214e-01 2.15917423e-01
 2.61961877e-01 1.11177098e-02 3.06379318e-01 3.63926947e-01
 1.96379453e-01 7.97199979e-02 3.31608653e-01 4.97688532e-01
 3.98456722e-01 4.60402779e-02 3.82706434e-01 1.29681960e-01
 2.08931207e-03 1.40113488e-01 2.70316005e-03 4.73245978e-03
 1.92454457e-01 1.19098924e-01 7.47003406e-02 1.41942352e-01
 1.62664890e-01 3.56071815e-02 4.29188013e-02 1.65968359e-01
 1.50350630e-01 9.98783708e-02 7.78166391e-03 2.13356316e-01
 9.85954553e-02 8.86860013e-04 9.67985168e-02 6.32257164e-02
 1.22131422e-01 1.59286961e-01 3.43151614e-02 1.83661833e-01
 2.45795891e-01 2.12161854e-01 7.94593617e-02 6.87132776e-02
 3.05835068e-01 2.16076195e-01 1.17798313e-01 2.10453257e-01
 1.08148791e-01 9.84703191e-03 9.64296013e-02 2.66733207e-02
 6.49006013e-03 8.14815909e-02 1.21109366e-01 7.02885911e-02
 1.50977336e-02 1.90893665e-01 4.85187583e-02 2.76614409e-02
 2.02950593e-02 1.38521984e-01 1.08855896e-01 1.55406103e-01
 6.11048229e-02 9.14662704e-02 4.76225978e-03 4.99394387e-02
 1.82055403e-02 1.09907940e-01 4.63079028e-02 2.95701977e-02
 9.30505171e-02 9.87901762e-02 1.44239858e-01 1.18229583e-01
 1.94604993e-02 1.39865533e-01 1.63377956e-01 1.38041437e-01
 7.79557526e-02 8.15395340e-02 7.58370385e-02 7.80150369e-02
 6.51790015e-03 2.26762407e-02 1.15232930e-01 7.55814537e-02
 1.14330798e-02 2.12894589e-01 8.97544399e-02 6.31302595e-02
 7.70507380e-02 9.01653767e-02 1.84278950e-01 2.06848323e-01
 3.69757265e-02 2.54426420e-01 8.33576359e-03 3.43751013e-02
 3.54440212e-02 3.81894782e-02 4.75885794e-02 1.56064797e-02
 2.68717995e-03 5.10020000e-05 4.27420288e-02 2.45087799e-02
 1.09718004e-02 6.66905195e-02 1.32350000e-02 3.61690745e-02
 7.01761022e-02 8.63484964e-02 2.85084993e-02 5.06076822e-03
 9.84843299e-02 4.74635977e-03 1.03118003e-03 1.15608878e-01
 1.35276973e-01 3.66030522e-02 1.12947248e-01 2.00444758e-01
 9.19097364e-02 6.88837990e-02 8.95061567e-02 2.07147703e-01
 1.69129163e-01 4.12064493e-02 2.28110120e-01 1.04522407e-01
 3.89766693e-02 6.98088184e-02 2.67217401e-02 1.16045596e-02
 2.96644196e-02 6.09385483e-02 2.41079405e-02 3.25761992e-03
 2.66710222e-02 9.77599993e-04 4.61661182e-02 1.19604357e-01
 5.10209054e-02 3.01561002e-02 8.23601857e-02 1.56566501e-01
 2.36812420e-02 2.39865500e-02 1.22525878e-01 8.05804040e-03
 6.00817986e-02 2.02778384e-01 1.68255031e-01 4.23773602e-02
 2.44374186e-01 3.01284105e-01 1.12882517e-01 1.00543343e-01
 1.11024000e-01 3.01959366e-01 3.31870556e-01 8.15336779e-02
 2.64264733e-01 1.65601254e-01 3.71517986e-02 4.48137987e-03
 4.55208793e-02 5.11153415e-02 2.98487898e-02 2.40380373e-02
 1.11131869e-01 1.81052871e-02 2.35502003e-03 4.75712605e-02
 3.12650613e-02 5.04744006e-03 1.76213253e-02 3.19682546e-02
 3.94864343e-02 6.23048954e-02 6.47897422e-02 1.59175396e-02
 5.16244397e-02 7.67024830e-02 9.10392702e-02 1.01034962e-01
 9.50109959e-03 1.35601372e-01 1.58735111e-01 7.46779218e-02
 5.75314015e-02 1.05601683e-01 1.92221403e-01 1.55304909e-01
 3.68648507e-02 2.06382796e-01 9.00318399e-02 2.40479391e-02
 1.15200840e-01 7.47398008e-03 1.13868602e-02 1.00855723e-01
 9.20030847e-02 5.16963489e-02 6.66324496e-02 1.62843809e-01
 8.36711973e-02 7.15022385e-02 1.08376957e-01 1.78370163e-01
 1.59055233e-01 2.01369468e-02 2.38324568e-01 1.17890812e-01
 3.12827080e-02 7.05792606e-02 1.57648809e-02 2.85120402e-02
 4.23106365e-02 1.10105120e-01 3.88856903e-02 4.06964589e-03
 1.26424596e-01 8.03487971e-02 1.13930881e-01 4.72065993e-03
 1.88470244e-01 1.03790157e-01 1.24662034e-01 1.67370975e-01
 1.24366388e-01 3.80174518e-02 7.82359391e-02 8.98864027e-03
 5.29086590e-02 1.05242757e-02 1.08629838e-01 3.93087715e-02
 2.76542990e-03 3.00948005e-02 5.76698184e-02 4.25559990e-02
 2.19772793e-02 6.10553809e-02 1.04566380e-01 1.94267944e-01
 3.89630236e-02 9.63286217e-03 1.94949191e-02 2.94074602e-02
 2.53750011e-03 2.94884592e-02 6.67376220e-02 5.40552996e-02
 5.48218228e-02 1.35238543e-01 4.31702007e-03 4.92474213e-02
 1.24311037e-01 1.99829012e-01 1.48039207e-01 2.83804126e-02
 2.37788692e-01 1.24727152e-01 4.11265977e-02 1.67264506e-01
 5.08227795e-02]

*************************************************************

