THIS FILE CONTAINS  cv_cross_val_predict() predictions FOR THIS CURRENT CONFIGURATION.
		 It can be used to verificate obtained results.





---------------------------------------------------------------------------------------------------------
FINAL y_pred (clipped).  FINAL PREDICTIONS USED TO CALCULATE SCORE METRICS
			 (mean over several cross_val_predict() executions)
---------------------------------------------------------------------------------------------------------
[25.5514418  22.6620164  32.7876822  31.2985352  31.0648462  23.5516766
 20.2508128  17.9992432  15.2057002  19.3598956  20.7135628  19.5985792
 21.4277246  19.5370054  17.8849276  18.7755584  20.5230164  17.4688876
 18.0878566  18.1918402  14.6670042  16.871327   16.2806286  14.5177766
 15.8602856  15.0823112  15.962774   15.954886   18.3895656  20.230311
 14.5378116  16.1566576  14.3063265  15.5082706  14.9536302  22.035993
 21.8086472  21.8831886  23.4403836  28.9029116  37.5258114  30.3498134
 24.1644072  25.1099164  22.3374674  21.183696   22.1968222  19.322584
 14.9291281  18.8532022  21.0355886  20.5877036  27.025673   22.1750528
 17.5500398  34.3657224  22.6169568  29.6754632  22.555992   21.0257794
 18.9112498  17.2622158  23.7210224  26.2177956  27.9381352  25.0045822
 20.32308    20.4802356  18.6295234  20.1026096  24.4567352  21.5617962
 22.778705   23.2407814  24.8405662  22.3462358  20.7737952  21.6918802
 20.9952042  20.8792092  27.773565   23.742555   23.265183   21.8112144
 24.4664444  26.702562   22.286836   24.1410658  30.1304326  32.4738128
 25.5534992  24.838044   25.1889396  25.3759808  21.4904382  26.8867878
 23.025793   41.5943462  45.5543916  35.775472   22.1489096  24.4829636
 18.452693   19.7646302  20.5595046  19.4330594  18.9655828  20.6390906
 20.6785838  19.1327504  22.2069336  24.0354122  19.0867872  18.4170368
 21.6890972  19.0994556  20.3348254  19.8213444  19.4342298  19.615623
 21.6838536  21.702561   20.326868   18.5775836  20.6463104  21.7659734
 18.5430316  15.8907884  17.8341282  15.4005808  20.0598872  19.4255242
 19.5389192  16.1330648  14.4296152  16.7629782  17.1815658  18.748384
 14.7345724  16.1756164  14.6714574  10.8418688  14.098025   15.186946
 14.8102936  16.155551   16.168905   13.8504389  14.0845735  17.0209334
 19.312684   17.3888562  15.8600781  17.3205146  17.6700738  15.872745
 14.9776378  39.3411672  31.413832   25.7616444  37.8154112  47.0884826
 46.5169588  49.2714784  21.0796302  21.7943646  48.1901246  19.4362732
 24.468761   25.6420734  20.3098444  22.2538518  21.0701594  26.7588782
 23.7684784  31.439912   24.0623596  24.4926216  29.9313408  34.9157104
 36.2573664  25.3990974  34.2541676  29.337554   21.226975   24.0832536
 42.2408402  30.8397266  28.630683   34.6343702  29.4172468  27.3932912
 34.7672446  31.33951    28.2820032  46.4817292  36.916262   30.9919938
 35.0063232  31.2090486  34.2687204  21.9640622  43.4033804  49.4126252
 49.8648392  23.0221156  22.9661502  18.6606846  21.5607116  18.9051908
 20.4339736  19.584465   23.2313692  24.7713746  21.278783   23.5144054
 23.0554986  25.22627    21.3332342  23.4136406  31.8467186  24.2612144
 28.0907492  25.8429142  44.1954062  45.358822   42.086962   31.9451668
 43.4724564  30.983093   22.2615172  35.2971854  45.5023772  43.6536486
 28.6266588  22.9368594  25.7151428  35.1232868  25.3374594  24.9959758
 27.3949882  20.61657    22.051165   25.3880162  16.7388762  16.7824282
 21.1981034  19.685567   22.9207528  26.9429652  24.9812492  24.2839732
 29.574326   39.9087756  20.7732764  19.6469818  39.8509812  50.
 37.9815116  33.4076286  35.3964026  38.968679   47.9998988  33.965944
 35.8241166  23.14729    30.803408   49.547327   46.5182586  23.6500978
 21.015227   24.8323902  25.8667488  37.8244602  34.6270194  32.8704802
 34.8958648  32.2559434  26.5661864  36.5224692  45.3318324  35.4626796
 42.4877956  48.762818   32.040861   23.7689796  21.8751482  22.6171096
 22.7345282  24.6928864  33.5731602  34.9106738  30.2940654  23.6693242
 22.359041   27.7181298  25.6579582  19.7570478  24.2245848  34.0914546
 27.5385718  25.2385448  26.3459702  33.7197758  36.4106432  28.134769
 35.5553576  30.605523   24.9251546  20.3505942  19.9304412  24.4741056
 19.7551986  21.1294362  22.5392704  18.174135   18.4731172  18.6206508
 22.2162724  21.4183994  23.8005046  23.5191182  21.4539576  18.6376302
 24.4730222  25.3980936  24.0664848  21.10655    20.559839   23.376737
 20.9587248  19.226913   21.349828   23.574759   23.4132234  22.3042392
 21.0821116  19.7516162  22.4053434  21.948728   20.9263578  31.9278864
 22.1381908  25.1203578  29.4686772  19.2427638  18.3521488  24.5696132
 25.9044888  27.5585338  22.777268   23.4008206  19.7028224  27.666106
 19.8412742  20.9031988  15.8667223  21.0719798  21.7561466  19.483076
 24.5572492  18.4352874  23.3830082  24.7167968  45.4994832  34.5298596
 18.698164   24.9016284  42.1971208  49.0850868  48.8285476  30.019985
 37.2547268  10.5752034   9.7599712  19.590759   10.9634938  15.1207178
 10.3465238  12.1751962   7.51667012 12.6892     12.2989214  12.325938
 10.8333244   9.4588157   9.441859    9.3535941   9.9929202  13.217654
 16.3318798  15.1266356  11.6916274  18.2793226  16.1171942  16.0339816
 16.1387128  14.1037968   6.32217988 12.2554028   8.5055694  12.6354597
 13.2608096  11.6404724   7.6478883   8.06965174 15.8244294  28.5898612
 14.8234908  13.4732754  22.9502276  15.2751974   9.6357066  12.2169824
  6.60816646  9.1749096  11.0161354   9.8256146   6.52559188 11.3910456
 16.9621994  17.3490258  21.0920824  12.1974264  14.788973   10.6035516
 14.5108102  10.5656672  11.676094   11.8241688  15.256108   14.7892878
 21.7172576  14.3570341  13.0832672  10.8898402  11.3559684   8.429044
  8.4965393  11.1985546   9.5057539  12.7761598  15.7492924  13.3631936
 10.5945082   9.892475   15.2334368  15.1759524  13.4379506  14.8358268
 13.1265134  15.7313564  16.5491778  16.9442488  11.3050341  12.7277538
 11.9892762  10.5205936  16.116743   17.4936812  17.2266578  19.1589654
 18.6696522  22.0088374  20.4380382  19.1251682  11.8951458  15.148908
 14.6797736  19.6151348  18.3170404  25.5002228  21.0434316  23.7293824
 18.5620816  15.1743898  16.6928854  12.319549   15.8215004  21.830315
 23.4841846  29.7556922  30.4444004  23.929626   21.4455308  22.6402444
 18.5287338  23.167038   14.7530716  12.5979338  10.9479836  15.7104459
 17.9143668  20.5662094  21.9046788  20.938026   17.5798884  19.208714
 20.9020446  18.622516   19.351013   22.3776082  20.0168784  27.1232918
 24.2210994  20.6692646 ]



*************************************************************
MODEL ERRORS (of CLIPPED predictions): 
 
[1.5514418e+00 1.0620164e+00 1.9123178e+00 2.1014647e+00 5.1351538e+00
 5.1483235e+00 2.6491871e+00 9.1007566e+00 1.2942998e+00 4.5989561e-01
 5.7135630e+00 6.9857919e-01 2.7227539e-01 8.6299461e-01 3.1507239e-01
 1.1244416e+00 2.5769837e+00 3.1112401e-02 2.1121435e+00 8.1598004e-03
 1.0670042e+00 2.7286730e+00 1.0806286e+00 1.7776599e-02 2.6028559e-01
 1.1823112e+00 6.3722599e-01 1.1548860e+00 1.0434400e-02 7.6968902e-01
 1.8378116e+00 1.6566576e+00 1.1063265e+00 2.4082706e+00 1.4536302e+00
 3.1359930e+00 1.8086472e+00 8.8318861e-01 1.2596164e+00 1.8970884e+00
 2.6258113e+00 3.7498133e+00 1.1355928e+00 4.0991640e-01 1.1374674e+00
 1.8836960e+00 2.1968222e+00 2.7225840e+00 5.2912807e-01 5.4679781e-01
 1.3355886e+00 8.7703601e-02 2.0256729e+00 1.2249472e+00 1.3499602e+00
 1.0342776e+00 2.0830431e+00 1.9245368e+00 7.4400800e-01 1.4257793e+00
 2.1124980e-01 1.2622159e+00 1.5210224e+00 1.2177956e+00 5.0618649e+00
 1.5045822e+00 9.2308003e-01 1.5197644e+00 1.2295234e+00 7.9739040e-01
 2.5673521e-01 1.3820380e-01 2.1295000e-02 1.5921859e-01 7.4056619e-01
 9.4623578e-01 7.7379519e-01 8.9188021e-01 2.0479579e-01 5.7920921e-01
 2.2643501e-01 1.5744500e-01 1.5348170e+00 1.0887856e+00 5.6644440e-01
 1.0256200e-01 2.1316400e-01 1.9410658e+00 6.5304327e+00 3.7738128e+00
 2.9534993e+00 2.8380439e+00 2.2889397e+00 3.7598079e-01 8.9043820e-01
 1.5132122e+00 1.6257930e+00 2.8943462e+00 1.7543916e+00 2.5754721e+00
 5.3510904e+00 2.0170364e+00 1.4730699e-01 4.6463019e-01 4.5950460e-01
 6.6940598e-02 5.3441721e-01 2.3909061e-01 8.7858379e-01 2.6724961e-01
 5.0693363e-01 1.2354122e+00 2.8678721e-01 2.8296319e-01 3.1890972e+00
 7.9945558e-01 8.6517459e-01 6.2134439e-01 9.6577018e-01 3.1562299e-01
 3.1614640e-01 1.4025609e+00 1.7313200e-01 1.2775836e+00 1.8463104e+00
 3.6597341e-01 2.8430316e+00 3.0921161e-01 1.6587180e-01 1.1005808e+00
 8.5988718e-01 1.7447580e-01 3.4610808e+00 2.2669351e+00 1.1703848e+00
 1.3370218e+00 2.1843420e-01 1.6483840e+00 1.4345725e+00 1.6243836e+00
 6.7145741e-01 3.5581312e+00 6.9802499e-01 4.1305399e-01 3.0102935e+00
 2.3555510e+00 5.6890500e-01 7.4956107e-01 3.7154264e+00 1.6209334e+00
 2.1873159e+00 2.2111437e+00 5.6007808e-01 2.0794854e+00 6.7007381e-01
 2.7274501e-01 1.8776377e+00 1.9588327e+00 7.1138320e+00 2.4616444e+00
 1.0815412e+01 2.9115174e+00 3.4830413e+00 7.2852159e-01 1.6203698e+00
 3.2056353e+00 1.8098754e+00 4.3637266e+00 6.6876101e-01 3.3420734e+00
 2.9098444e+00 3.1538517e+00 2.0298407e+00 3.1588781e+00 1.1684784e+00
 2.0399120e+00 8.6235958e-01 1.0737840e-01 3.1340800e-02 2.2842896e+00
 3.5426335e+00 1.0800902e+01 3.6458323e+00 3.1624460e+00 5.1730251e+00
 5.5167465e+00 7.7591596e+00 1.1602734e+00 1.1693170e+00 2.6562980e-01
 7.5827532e+00 3.1067088e+00 1.6327554e+00 2.3951000e-01 8.1799680e-01
 3.5182707e+00 3.6162620e+00 6.9199377e-01 4.0632319e-01 3.6909513e+00
 1.3687204e+00 2.1359377e+00 1.1033804e+00 9.1262519e-01 1.3516080e-01
 4.2211559e-01 1.4338498e+00 3.8393154e+00 2.8392885e+00 1.0948092e+00
 1.2660264e+00 2.8446499e-01 8.3136922e-01 3.3286254e+00 2.4212170e+00
 1.4855946e+00 2.4450140e-01 3.4737301e+00 1.6676579e-01 4.1364059e-01
 5.1467185e+00 2.5612144e+00 5.9074920e-01 4.2570858e+00 6.0459381e-01
 4.6411781e+00 4.4869618e+00 3.4516680e-01 3.2275436e+00 5.1690698e-01
 2.0384829e+00 3.5971854e+00 3.8023772e+00 4.6463513e+00 3.7334120e-01
 1.0631406e+00 6.1514282e-01 3.6232867e+00 1.6374594e+00 1.6959758e+00
 5.3949881e+00 5.1656997e-01 1.4883500e-01 1.6880162e+00 8.6112380e-01
 1.7175719e+00 3.1018965e+00 8.1443298e-01 1.5792472e+00 7.4296522e-01
 5.8124918e-01 5.1602679e-01 2.5674000e-02 2.8912244e+00 1.1267236e+00
 1.2530181e+00 4.1490188e+00 0.0000000e+00 1.9815116e+00 3.3076286e+00
 1.5964026e+00 4.1313210e+00 8.0010122e-01 2.9659441e+00 6.7588341e-01
 3.4729001e-01 1.0340800e-01 4.5267299e-01 3.0182586e+00 2.9500978e+00
 8.4772997e-02 3.6760980e-01 1.4667488e+00 2.6244602e+00 2.2270193e+00
 8.7048018e-01 1.6958648e+00 8.4405661e-01 2.5338137e+00 1.4224693e+00
 6.8167597e-02 6.2679604e-02 3.5122044e+00 1.2371820e+00 1.5913901e-01
 1.7689795e+00 1.7751482e+00 5.8289039e-01 4.3452820e-01 1.0711360e-01
 5.0731602e+00 2.3893261e+00 2.3940654e+00 2.3067580e-01 6.5904099e-01
 8.8187021e-01 1.4420418e+00 5.4295218e-01 1.7245848e+00 5.0914545e+00
 2.7385719e+00 3.2385447e+00 5.4029800e-02 6.1977577e-01 3.1064320e-01
 2.6523101e-01 2.1553576e+00 2.4055231e+00 2.1251545e+00 5.0594199e-02
 3.8304412e+00 2.3741057e+00 3.5519859e-01 4.7056380e-01 1.2607296e+00
 1.9741350e+00 6.7311722e-01 1.1793492e+00 8.8372761e-01 4.1839939e-01
 5.0460000e-04 4.1911820e-01 1.0539576e+00 1.3763019e-01 5.2697778e-01
 7.9809362e-01 1.0664848e+00 1.0934500e+00 1.2598391e+00 7.7673697e-01
 1.1587248e+00 2.1269131e+00 1.9498280e+00 1.3747590e+00 2.7132235e+00
 1.2042392e+00 1.5821116e+00 1.2516162e+00 1.8053434e+00 2.9487281e+00
 2.2263577e+00 7.7211362e-01 5.6381907e+00 1.2203578e+00 1.7313228e+00
 1.7427638e+00 1.1521488e+00 1.4696132e+00 1.4044888e+00 9.5853382e-01
 1.2273200e-01 6.9917941e-01 1.1028224e+00 2.4338939e+00 1.6412742e+00
 3.0319881e-01 1.9332777e+00 6.2802023e-01 9.4385338e-01 3.1169240e+00
 4.4275081e-01 1.4647126e+00 2.5830083e+00 7.9167967e+00 2.3599483e+01
 7.0298595e+00 3.2018361e+00 1.8016284e+00 7.8028793e+00 9.1491318e-01
 1.1714524e+00 1.9980015e+01 1.2745274e+01 3.2247965e+00 4.0400286e+00
 4.5907588e+00 2.9365063e+00 1.8207178e+00 2.7534761e+00 1.9751962e+00
 2.8833299e+00 1.7891999e+00 9.9892139e-01 2.5938001e-02 2.0333245e+00
 2.2588158e+00 1.0581410e+00 1.9535941e+00 2.0707980e-01 1.7176540e+00
 1.2318798e+00 8.0733643e+00 1.9916275e+00 4.4793224e+00 3.4171941e+00
 2.9339817e+00 3.6387129e+00 5.6037970e+00 1.3221799e+00 5.9554029e+00
 2.9055693e+00 5.4354596e+00 1.1608096e+00 3.3404725e+00 8.5211170e-01
 3.0696518e+00 3.9244294e+00 6.8986118e-01 2.3765092e+00 1.4026725e+01
 7.9502277e+00 1.9248025e+00 8.2642937e+00 4.0830178e+00 3.9183354e-01
 1.9749095e+00 3.5161355e+00 5.7438540e-01 2.2744081e+00 2.9910457e+00
 2.6219940e-01 3.1490259e+00 2.9208240e-01 1.2025737e+00 3.0889730e+00
 2.3035517e+00 4.3108101e+00 3.3433279e-01 6.7609400e-01 2.3241687e+00
 7.5610799e-01 6.8928778e-01 5.6172576e+00 5.7034101e-02 1.3832672e+00
 2.5101597e+00 1.7559685e+00 2.7095601e-01 9.6539304e-02 1.6014454e+00
 9.9424613e-01 4.3238401e+00 2.6507075e+00 2.0368063e+00 2.0549180e-01
 1.9075249e+00 3.3343679e-01 2.5759523e+00 6.6204941e-01 1.8358268e+00
 2.7348661e-01 5.3135639e-01 4.4917780e-01 8.5575122e-01 3.5949659e+00
 1.3722461e+00 7.1072382e-01 2.9794064e+00 1.2167430e+00 2.5063188e+00
 8.2665777e-01 1.4589654e+00 8.3034778e-01 1.8088374e+00 9.6196181e-01
 7.7483177e-01 7.1048541e+00 3.9510920e+00 4.4202266e+00 4.8486519e-01
 1.5829597e+00 5.9002228e+00 2.1565683e+00 6.0706177e+00 4.7620816e+00
 1.8743898e+00 7.1145999e-03 3.1954899e-01 1.2215004e+00 4.3031499e-01
 4.8418459e-01 6.0556922e+00 5.4444003e+00 2.1296260e+00 8.4553081e-01
 1.4402444e+00 5.7126617e-01 2.5670381e+00 4.4692841e-01 5.5979338e+00
 2.8479836e+00 2.1104460e+00 2.1856332e+00 1.2337906e+00 2.5953212e+00
 2.1619740e+00 2.1201117e+00 9.0871400e-01 2.9795539e-01 1.1225160e+00
 2.5510130e+00 2.2391800e-02 5.8312160e-01 3.2232919e+00 2.2210994e+00
 8.7692642e+00]

*************************************************************

