THIS FILE CONTAINS  cv_cross_val_predict() predictions FOR THIS CURRENT CONFIGURATION.
		 It can be used to verificate obtained results.





---------------------------------------------------------------------------------------------------------
FINAL y_pred (clipped).  FINAL PREDICTIONS USED TO CALCULATE SCORE METRICS
			 (mean over several cross_val_predict() executions)
---------------------------------------------------------------------------------------------------------
[25.5783114  22.3881386  32.7988388  32.6732334  32.3188454  23.9567894
 19.7050144  17.4357604  16.2690037  17.9761742  19.6754046  19.3342006
 21.479356   19.3499956  17.959221   19.2806976  20.8865864  16.9291202
 16.9130094  18.9627686  14.3495995  17.0249044  15.9710593  13.819272
 15.6654342  15.2133915  15.5467282  15.1830732  17.9184418  19.3088484
 13.76715    16.917073   13.5977012  14.6624476  14.3159256  20.6319964
 20.6528482  21.3466632  22.7901624  28.5220234  37.0909716  30.840844
 23.7761456  24.5486402  21.946514   20.851737   21.620524   18.833142
 16.6471834  18.6624056  20.1645642  20.5247666  26.0356256  21.106624
 17.6208986  34.5095808  22.5607828  30.0190362  21.8634364  20.4321346
 17.9976338  18.0787942  23.58976    25.5060306  28.5596082  24.9998318
 19.379481   20.1418856  19.2142874  19.4929202  24.8381116  21.3331276
 22.6142746  23.4123178  24.0650784  22.0768392  20.326847   21.4981242
 20.3326246  20.6804474  27.7504814  23.6775     23.3164506  21.4306606
 24.141951   26.7355718  21.9804316  22.7757568  29.175575   31.708858
 25.0685036  23.6769516  25.0389296  25.0429662  20.7791272  26.0455738
 22.4128448  41.1341586  42.9992212  35.1461356  22.8236578  23.4765028
 18.8429352  19.787359   20.4121358  18.1739698  18.4439826  20.5483178
 21.091207   18.938525   23.30663    22.8379326  18.4404408  17.9232274
 20.878878   18.9002538  19.683592   20.01085    19.2574268  20.4109414
 21.926884   21.9795346  19.9008312  16.8914756  19.5480018  20.9761902
 17.475531   15.8922896  18.9625782  15.6072026  20.2212162  19.759553
 19.790065   16.3120764  13.6023622  17.4598002  17.2966722  18.580778
 15.2473596  15.9284596  15.6031538   9.6205146  13.442517   15.1349482
 15.1323778  15.4900709  15.8131714  14.8647406  14.0481629  17.3900406
 19.6585628  17.220104   18.5668116  16.6708724  17.3385008  15.437564
 15.5816056  38.0733766  27.8045574  29.5955208  35.9107846  46.389091
 47.1185958  50.         20.1991992  20.6859712  46.345772   19.7202756
 23.9105242  25.480095   20.6805368  21.961595   20.0375306  25.3974218
 22.5747288  30.5326238  23.680611   24.0710032  30.075094   34.2175818
 36.3732862  24.782437   31.319219   24.7207058  20.3925652  22.9588548
 42.3283754  30.9414162  29.1385272  34.7684052  29.1720752  26.7089622
 33.8951404  30.3007828  27.5084264  46.8628882  36.9585154  31.156733
 32.3886738  30.468792   33.3692794  21.0706652  42.7921914  48.7849578
 50.         23.357061   23.0711474  18.7380318  21.553864   18.4326936
 19.4903968  19.786001   21.90799    24.9294102  22.9413986  23.461552
 23.0898878  26.2390642  20.9750378  24.7862118  29.1313912  21.7164408
 27.212591   25.774734   42.2416078  44.102709   41.0569166  32.2905998
 44.6625056  31.8281094  22.0121464  34.444245   45.389385   42.9434428
 27.5187186  22.7068252  25.9284316  34.0958324  25.0262384  25.2043402
 26.3405578  20.1904182  21.2570212  24.4930442  17.714503   16.5360892
 20.8416688  19.9263272  22.8493672  25.5462752  24.6178066  24.7050998
 29.1251364  40.820938   20.5644638  18.5297     39.7597744  50.
 36.6922322  32.9834238  35.0404674  39.19526    47.2418626  34.0113264
 35.1254868  24.192231   29.9523638  49.4734044  47.4658746  23.0411654
 20.6004498  25.0420886  25.328212   37.8317824  34.221327   33.2486072
 34.595857   31.687244   26.199774   34.7342658  44.5280274  35.2826252
 41.8472174  46.278284   31.2188656  23.1511976  21.3664012  22.04227
 22.6022712  23.8098506  32.7583698  34.0409964  28.9546762  23.4759836
 22.0521364  28.2307318  25.8298668  19.0614044  24.468536   32.4495196
 28.4441238  25.3478448  25.2676076  33.005378   36.1043938  28.4403974
 35.3654108  29.3506044  25.9960628  19.2812426  19.773411   23.5517558
 19.0530664  20.6975742  22.0382728  18.3095086  18.5092282  19.109813
 22.5700348  21.716764   23.7259026  23.529307   20.9562618  18.1995318
 24.2267116  25.269613   23.5378322  20.6473892  20.0833     22.55216
 19.632709   18.773752   21.079495   23.2356642  23.2722402  21.131434
 20.0489718  18.7448316  21.8415818  20.9221232  19.9915958  32.2062442
 20.5538412  24.8421546  28.7504874  19.3470272  17.811901   24.9874796
 26.6444006  27.9635372  22.7917076  24.0671684  19.3641934  27.0334678
 19.369468   20.503183   14.4595678  21.3535026  23.4425874  19.9055284
 23.3597408  17.9028432  24.144897   22.6099968  45.5845664  29.490219
 19.462319   20.5035626  34.0465674  44.6849088  45.0990446  24.9709978
 32.8493814  10.17140366  9.5847898  18.0115102  10.6893326  14.0241894
  9.6338268  10.913465    9.72117668 12.691375   11.7169656  11.5681686
 11.0160704   9.4920194   8.47924356  9.7209521   9.82200578 13.0946146
 15.8008282  15.3290292  11.8347538  17.2543462  15.8944652  15.2093332
 15.3828388  13.3968585   5.91488508 13.4431748   7.99021542 12.2538329
 13.060393   11.8404438   7.0527423   7.67472568 15.5579944  23.5412232
 13.0711534  12.7843162  24.3645644  12.2485108   9.7260584  12.7226468
  6.40479542  8.22910148  9.9461416  10.6307626   6.54957266 12.0508848
 15.05253    17.0949396  19.8728402  10.929436   14.5502428  10.632608
 14.1010084  10.7585891  12.0730257  11.4793476  14.9494786  15.1943405
 19.6772696  15.0437081  13.8395434   9.799594   11.4315642   7.20096702
  8.00513952 10.4958272   9.03751074 12.4249386  14.9455946  13.3429642
 10.26478     8.4205378  14.9142952  14.8818178  12.904235   14.1515787
 13.033965   15.358985   16.1954176  16.40551    11.0283648  12.4972316
 12.350896   10.91999    15.7066898  16.9008702  16.3912268  19.6269818
 18.6795542  21.8744804  20.0882644  20.2079974  12.601389   14.556498
 15.8486518  19.0518832  18.5986928  23.0137058  20.0334606  23.4488158
 18.5868178  15.0166645  15.8786023  12.2506288  15.3476442  19.9632024
 22.5193994  28.5128466  29.5839386  21.9310116  21.0391446  22.7979546
 18.033191   22.5767686  14.2298841  12.3753915  11.0086829  15.2985578
 20.0290728  20.7959654  22.8712924  23.1845602  17.9665666  19.9619052
 21.1934688  19.2501748  19.5140116  23.5829924  20.2959526  25.304284
 23.5366308  20.5416886 ]



*************************************************************
MODEL ERRORS (of CLIPPED predictions): 
 
[1.5783114e+00 7.8813863e-01 1.9011612e+00 7.2676659e-01 3.8811545e+00
 4.7432108e+00 3.1949856e+00 9.6642399e+00 2.3099630e-01 9.2382580e-01
 4.6754045e+00 4.3420061e-01 2.2064400e-01 1.0500044e+00 2.4077900e-01
 6.1930239e-01 2.2134137e+00 5.7087982e-01 3.2869906e+00 7.6276863e-01
 7.4959952e-01 2.5750957e+00 7.7105927e-01 6.8072802e-01 6.5434203e-02
 1.3133914e+00 1.0532718e+00 3.8307321e-01 4.8155820e-01 1.6911516e+00
 1.0671500e+00 2.4170730e+00 3.9770120e-01 1.5624475e+00 8.1592560e-01
 1.7319964e+00 6.5284818e-01 3.4666321e-01 1.9098376e+00 2.2779765e+00
 2.1909716e+00 4.2408438e+00 1.5238544e+00 1.5135980e-01 7.4651402e-01
 1.5517370e+00 1.6205240e+00 2.2331419e+00 2.2471833e+00 7.3759443e-01
 4.6456420e-01 2.4766600e-02 1.0356256e+00 2.2933760e+00 1.2791014e+00
 8.9041919e-01 2.1392171e+00 1.5809639e+00 1.4365636e+00 8.3213460e-01
 7.0236617e-01 2.0787942e+00 1.3897600e+00 5.0603062e-01 4.4403920e+00
 1.4998318e+00 2.0519000e-02 1.8581144e+00 1.8142874e+00 1.4070798e+00
 6.3811159e-01 3.6687240e-01 1.8572541e-01 1.2317800e-02 3.4921601e-02
 6.7683917e-01 3.2684699e-01 6.9812417e-01 8.6737537e-01 3.8044739e-01
 2.4951860e-01 2.2250000e-01 1.4835494e+00 1.4693394e+00 2.4195100e-01
 1.3557179e-01 5.1956838e-01 5.7575679e-01 5.5755749e+00 3.0088580e+00
 2.4685037e+00 1.6769516e+00 2.1389296e+00 4.2966198e-02 1.7912720e-01
 2.3544261e+00 1.0128448e+00 2.4341586e+00 8.0077881e-01 1.9461356e+00
 4.6763420e+00 3.0234971e+00 2.4293520e-01 4.8735899e-01 3.1213579e-01
 1.3260303e+00 1.0560174e+00 1.4831780e-01 1.2912070e+00 4.6147501e-01
 1.6066300e+00 3.7932601e-02 3.5955921e-01 7.7677262e-01 2.3788781e+00
 6.0025382e-01 1.5164080e+00 8.1085002e-01 1.1425732e+00 1.1109414e+00
 7.3115997e-02 1.6795346e+00 5.9916878e-01 4.0852439e-01 7.4800181e-01
 4.2380980e-01 1.7755311e+00 3.0771041e-01 9.6257818e-01 1.3072026e+00
 1.0212162e+00 1.5955301e-01 3.2099349e+00 2.0879235e+00 1.9976377e+00
 6.4019978e-01 1.0332780e-01 1.4807780e+00 1.9473596e+00 1.8715404e+00
 1.6031538e+00 4.7794852e+00 4.2516999e-02 4.6505180e-01 3.3323779e+00
 1.6900709e+00 2.1317139e-01 2.6474059e-01 3.7518370e+00 1.9900405e+00
 1.8414372e+00 2.3798959e+00 3.2668116e+00 2.7291276e+00 3.3850080e-01
 1.6243599e-01 2.4816055e+00 3.2266233e+00 3.5045574e+00 6.2955208e+00
 8.9107847e+00 3.6109090e+00 2.8814042e+00 0.0000000e+00 2.5008008e+00
 4.3140287e+00 3.6542280e+00 4.0797243e+00 1.1052420e-01 3.1800950e+00
 3.2805369e+00 2.8615949e+00 3.0624695e+00 1.7974218e+00 2.5271200e-02
 1.1326238e+00 4.8061100e-01 5.2899683e-01 1.7509399e-01 2.9824183e+00
 3.4267137e+00 1.1417563e+01 6.5807810e+00 7.7792940e+00 6.0074348e+00
 6.6411452e+00 7.6716247e+00 1.0585839e+00 6.6147280e-01 1.3159481e-01
 7.8279247e+00 3.7910378e+00 2.5048597e+00 7.9921722e-01 1.5915736e+00
 3.1371119e+00 3.6585155e+00 8.5673302e-01 2.2113261e+00 4.4312081e+00
 4.6927941e-01 3.0293348e+00 4.9219140e-01 2.8495780e-01 0.0000000e+00
 7.5706100e-01 1.3288527e+00 3.7619681e+00 2.8461361e+00 1.5673064e+00
 2.2096033e+00 4.8600101e-01 4.9201000e-01 3.1705897e+00 7.5860143e-01
 1.5384480e+00 2.1011220e-01 2.4609358e+00 5.2496219e-01 1.7862118e+00
 2.4313912e+00 1.6440799e-02 2.8740901e-01 4.3252659e+00 2.5583923e+00
 5.8972912e+00 3.4569166e+00 6.9059980e-01 2.0374944e+00 3.2810941e-01
 2.2878537e+00 2.7442451e+00 3.6893849e+00 5.3565574e+00 1.4812814e+00
 1.2931747e+00 8.2843161e-01 2.5958323e+00 1.3262384e+00 1.9043401e+00
 4.3405576e+00 9.0418197e-02 9.4297880e-01 7.9304421e-01 1.1450300e-01
 1.9639108e+00 3.4583311e+00 5.7367277e-01 1.6506329e+00 6.5372479e-01
 2.1780659e-01 9.4900198e-02 4.7486359e-01 1.9790620e+00 1.3355362e+00
 2.3703001e+00 4.2402258e+00 0.0000000e+00 6.9223219e-01 2.8834238e+00
 1.2404674e+00 3.9047401e+00 1.5581374e+00 3.0113263e+00 1.3745131e+00
 1.3922310e+00 7.4763620e-01 5.2659559e-01 3.9658747e+00 2.3411653e+00
 4.9955019e-01 1.5791140e-01 9.2821199e-01 2.6317823e+00 1.8213270e+00
 1.2486072e+00 1.3958570e+00 1.4127560e+00 2.9002261e+00 3.6573419e-01
 8.7197262e-01 1.1737480e-01 4.1527824e+00 3.7217159e+00 9.8113441e-01
 1.1511976e+00 1.2664012e+00 1.1577300e+00 3.0227119e-01 9.9014938e-01
 4.2583699e+00 3.2590036e+00 1.0546762e+00 4.2401639e-01 3.5213640e-01
 3.6926821e-01 1.2701333e+00 1.2385956e+00 1.9685360e+00 3.4495196e+00
 3.6441238e+00 3.3478448e+00 1.1323924e+00 9.4622001e-02 4.3938002e-03
 4.0397398e-02 1.9654108e+00 1.1506044e+00 3.1960628e+00 1.0187573e+00
 3.6734109e+00 1.4517558e+00 3.4693360e-01 9.0242583e-01 1.7617272e+00
 2.1095085e+00 7.0922822e-01 6.9018698e-01 5.2996522e-01 7.1676397e-01
 7.4097402e-02 4.2930701e-01 5.5626178e-01 3.0046821e-01 7.7328843e-01
 6.6961300e-01 5.3783220e-01 1.5526108e+00 7.8329998e-01 4.7839999e-02
 1.6729100e-01 1.6737520e+00 1.6794950e+00 1.0356642e+00 2.5722401e+00
 3.1434000e-02 5.4897177e-01 2.4483161e-01 1.2415818e+00 1.9221232e+00
 1.2915958e+00 4.9375579e-01 4.0538411e+00 9.4215459e-01 2.4495125e+00
 1.8470272e+00 6.1190099e-01 1.8874795e+00 2.1444006e+00 1.3635372e+00
 1.0829240e-01 3.2831602e-02 7.6419342e-01 3.0665321e+00 1.1694680e+00
 9.6817002e-02 3.3404322e+00 3.4649739e-01 7.4258739e-01 2.6944716e+00
 1.6402591e+00 1.9971569e+00 3.3448970e+00 5.8099966e+00 2.3684566e+01
 1.9902190e+00 2.4376810e+00 2.5964375e+00 1.5953433e+01 5.3150911e+00
 4.9009552e+00 2.5029003e+01 1.7150620e+01 3.6285963e+00 4.2152104e+00
 3.0115101e+00 3.2106674e+00 7.2418940e-01 3.4661732e+00 7.1346498e-01
 6.7882329e-01 1.7913750e+00 4.1696560e-01 7.3183137e-01 2.2160704e+00
 2.2920194e+00 2.0207565e+00 2.3209522e+00 3.7799421e-01 1.5946146e+00
 7.0082819e-01 7.8709707e+00 2.1347537e+00 3.4543462e+00 3.1944652e+00
 2.1093333e+00 2.8828387e+00 4.8968587e+00 9.1488510e-01 7.1431746e+00
 2.3902154e+00 5.0538330e+00 9.6039301e-01 3.5404439e+00 1.4472578e+00
 2.6747258e+00 3.6579945e+00 4.3587766e+00 4.1288466e+00 1.4715684e+01
 9.3645639e+00 4.9514890e+00 8.1739416e+00 3.5773532e+00 5.9520459e-01
 1.0291015e+00 2.4461415e+00 2.3076260e-01 2.2504272e+00 3.6508849e+00
 1.6474700e+00 2.8949397e+00 9.2715979e-01 2.4705639e+00 2.8502429e+00
 2.3326080e+00 3.9010084e+00 1.4141090e-01 1.0730257e+00 1.9793476e+00
 4.4947860e-01 1.0943404e+00 3.5772696e+00 7.4370807e-01 2.1395433e+00
 3.6004059e+00 1.8315642e+00 1.4990330e+00 3.9486048e-01 2.3041728e+00
 1.4624892e+00 4.6750612e+00 3.4544053e+00 2.0570357e+00 5.3522003e-01
 3.3794622e+00 1.4295200e-02 2.2818179e+00 1.1957650e+00 1.1515787e+00
 3.6603501e-01 1.5898500e-01 9.5417596e-02 1.3944900e+00 3.8716352e+00
 1.6027684e+00 3.4910399e-01 2.5800099e+00 8.0668980e-01 3.0991299e+00
 8.7732002e-03 1.9269818e+00 8.2044578e-01 1.6744804e+00 1.3117356e+00
 3.0799741e-01 6.3986111e+00 4.5435019e+00 3.2513483e+00 1.0481168e+00
 1.3013072e+00 3.4137058e+00 3.1665394e+00 6.3511844e+00 4.7868180e+00
 1.7166646e+00 8.2139772e-01 2.5062880e-01 7.4764419e-01 1.4367976e+00
 4.8060060e-01 4.8128467e+00 4.5839386e+00 1.3101161e-01 4.3914461e-01
 1.5979546e+00 1.0668091e+00 1.9767686e+00 9.7011590e-01 5.3753915e+00
 2.9086828e+00 1.6985579e+00 7.0927203e-02 1.0040346e+00 1.6287076e+00
 8.4560201e-02 1.7334334e+00 1.6619052e+00 6.5311999e-03 1.7501748e+00
 2.7140117e+00 1.1829925e+00 3.0404741e-01 1.4042840e+00 1.5366307e+00
 8.6416883e+00]

*************************************************************

