THIS FILE CONTAINS  cv_cross_val_predict() predictions FOR THIS CURRENT CONFIGURATION.
		 It can be used to verificate obtained results.





---------------------------------------------------------------------------------------------------------
FINAL y_pred (clipped).  FINAL PREDICTIONS USED TO CALCULATE SCORE METRICS
			 (mean over several cross_val_predict() executions)
---------------------------------------------------------------------------------------------------------
[16.5764208 14.8214013 16.2973004 16.1252662 17.0161512 13.332136
 13.3935898 14.2250886 12.985177  15.3359617 15.3678228 17.5845246
 15.80822   15.2769117 24.4360344 19.737176  20.1482114 21.4969214
 25.9692796 29.4193636 22.1529828 24.4889554 23.2656736 24.5015482
 20.9659054 10.6131334 11.8277152 11.8430818 10.1622876 25.3904982
 23.2748032 24.4301404 21.5223904 17.3218788 17.199867  17.573501
 17.7517208 13.7842621 13.106204  13.5849028 13.9646677 12.5886684
 12.6345974 12.1418892 18.810306  21.7471966 17.2777518 18.840576
 26.1228618 25.9101554 26.1885372 27.43947   30.1673204 30.076868
 27.9427546 24.2858628 24.3204184 24.6934122 27.7767194 20.7255358
 24.022509  13.5671752 13.1396308 13.5747385 13.7331379 15.214782
 12.7128384 13.0221018 13.0333332 12.423326  24.6645076 14.462981
 14.4044746 12.9202048 13.7734356 20.4061622 23.5256072 19.3635514
 25.6743324 23.1255066 24.2694054 22.5438032 25.6486628 25.7548812
 13.3050904 15.1894969 14.4820252 13.9946607 14.6835742 12.548432
 13.7338908 13.4059162 13.3195994 12.7556296 12.5069054 14.2727529
 17.4446584 16.2404722 18.406816  18.538561  18.8290812 29.737991
 12.7699288 12.9134775 12.8709528 13.0964287 19.3568084 25.5936562
 22.8501762 23.4214482 26.4538836 23.0175612 22.0894364 24.5723066
 14.0957358 13.2238916 29.9991892 25.8838976 23.8961178 19.9521362
 16.0338672 21.6190776 19.9132618 14.712454  18.46303   18.93587
 17.2573124 29.719473  24.334866  31.6005358 23.4096586 16.6027238
 15.6629282 16.5202906 14.5543275 13.2819726 14.08189   13.1737078
 13.4224476 25.0844788 28.6289986 25.9592154 33.2308804 30.1905008
 27.5766144 27.1811116 26.5310688 22.8746008 23.8215656 27.8521766
 18.999132  17.3897738 19.061792  19.2483492 14.1977102 14.3961269
 13.8373831 14.325073  15.1271611 16.0253478 15.687495  16.1612756
 18.7626518 18.0451822 18.5036772 27.3413492 23.183117  19.658972
 22.9249182 22.402108  27.1518612 23.3285376 21.3379554 29.409948
 18.5768688 22.955925  21.5721134 22.1403242 22.2344018 32.1216884
 25.602654  27.1172776 24.9657838 26.4973064 27.5843198 15.6482428
 15.3181175 16.4512268 15.3180208 19.4159136 19.1159062 20.3633626
 19.2977578 29.292685  28.2150718 30.5791864 33.9215054 17.498449
 19.1949826 17.4726304 18.3541944 31.912925  30.5492398 28.9056118
 27.359581  20.3927004 15.8767295 20.494563  22.8285714 17.3205364
 14.7624212 16.3984542 15.9363197 15.7675811 32.170168  29.4377896
 33.6978682 26.5176914 31.8415104 16.8375518 16.6412872 15.9262538
 15.9368808 18.4392554 18.5569052 18.2250808 18.2774756 15.4981854
 16.1516324 14.648025  15.1815469 30.5455894 24.1161876 29.959789
 24.2864604 30.4754162 28.717395  32.025053  29.0549454 24.5722916
 24.8377032 23.5944126 36.1883126 33.7420942 36.8729668 32.8164468
 34.7886906 18.8716996 17.7223106 18.264493  18.7802352 20.1587864
 22.9968602 25.7526048 19.5460444 20.5580352 19.7606852 22.2680288
 18.1462772 19.5176324 18.2329592 17.8827146 19.6741712 16.9773196
 30.9120178 25.9248618 27.7227462 30.6232272 26.6595292 23.206653
 23.7245126 26.8133242 23.5939218 21.0417872 22.5146168 19.271713
 31.9930426 32.2365344 20.4947932 23.0485774 24.821883  21.3842208
 19.9790554 18.201045  18.963649  18.396978  17.9058264 16.3304124
 17.8092988 18.6707098 17.6731672 34.2611882 34.5697468 32.871825
 27.7970834 23.392337  17.3351774 30.2277236 24.4539222 32.286006
 32.227376  35.8795574 32.2839878 25.9990656 25.882529  24.5472628
 27.581655  32.4601516 37.1863612 33.6700392 34.982237  26.314176
 24.4579546 23.3057274 22.4905534 32.573872  28.4705874 31.450757
 29.3021144 33.0601042 34.9772154 25.250666  36.037794  38.8717334
 38.1308248 30.0882052 28.6264762 34.9797664 34.8931564 36.4256768
 21.791004  30.3366984 29.0810392 33.2283694 29.672844  28.4218694
 28.744253  27.5150816 31.759341  38.8221394 36.2539168 38.6310408
 36.5155992 39.1552412 36.6900598 36.3570974 34.6509332 35.6883608
 33.092718  34.6675384 34.4765156 33.5038692 29.3634688 33.5758004
 27.8601366 30.2047996 27.073275  27.8314764 21.528488  21.9667744
 25.3300146 23.7586576 29.4722168 29.153814  30.416664  30.2417342
 30.6057014 27.7195618 27.557175  36.6876934 38.52752   38.62706
 36.129771  34.6995652 34.0909022 34.776253  36.4291246 37.0770912
 37.610363  36.8685032 24.4392882 24.2650928 29.9274828 25.33077
 30.645019  32.2207182 26.3067518 28.5794118 44.3975348 33.728357
 30.5540604 29.0741358]



*************************************************************
MODEL ERRORS (of CLIPPED predictions): 
 
[1.4235792e+00 1.7859870e-01 1.7026995e+00 1.2526619e-01 1.6151199e-02
 1.6678640e+00 6.0641021e-01 2.2508860e-01 1.0148230e+00 3.3596170e-01
 3.6782280e-01 3.5845246e+00 8.0822003e-01 1.2769117e+00 4.3603441e-01
 2.2628241e+00 2.1482115e+00 4.9692139e-01 1.0307204e+00 3.4193635e+00
 2.8470173e+00 4.8895541e-01 1.7343264e+00 1.4984518e+00 3.4094598e-02
 6.1313337e-01 1.8277152e+00 8.4308177e-01 1.1622876e+00 1.6095018e+00
 4.7251968e+00 5.6985962e-01 2.5223904e+00 1.3218788e+00 1.9986700e-01
 1.4264990e+00 2.4827920e-01 2.1573789e-01 8.9379603e-01 4.1509721e-01
 3.5332300e-02 5.8866841e-01 3.6540261e-01 8.5811079e-01 8.1030601e-01
 2.5280339e-01 1.7222482e+00 8.4057599e-01 3.1228619e+00 2.0898447e+00
 3.8114629e+00 2.5605299e+00 8.3267963e-01 4.9231319e+00 9.4275463e-01
 1.7141372e+00 3.2041839e-01 3.0658779e-01 4.7767196e+00 7.2553581e-01
 3.0225091e+00 5.6717521e-01 8.6036921e-01 1.4252615e+00 2.6686209e-01
 1.7852180e+00 1.7128384e+00 2.2101801e-02 1.0333332e+00 5.7667398e-01
 5.6645074e+00 5.3701901e-01 1.4044746e+00 7.9795197e-02 2.2656441e-01
 2.4061623e+00 1.5256072e+00 1.6364486e+00 3.2566759e-01 1.1255066e+00
 3.7305946e+00 4.5619681e-01 2.3513372e+00 1.2451189e+00 3.0509040e-01
 1.1894969e+00 1.4820251e+00 5.3392998e-03 3.1642580e-01 5.4843199e-01
 7.3389077e-01 4.0591621e-01 6.8040061e-01 2.4437040e-01 5.0690538e-01
 1.2727529e+00 5.5534160e-01 2.4047220e-01 4.0681601e-01 5.3856099e-01
 4.1709189e+00 3.7379911e+00 1.7699288e+00 9.1347748e-01 1.2904720e-01
 1.0964288e+00 1.3568084e+00 5.5936561e+00 1.8501762e+00 1.4214482e+00
 8.4538832e+00 4.0175614e+00 1.0894364e+00 1.4276934e+00 9.0426421e-01
 2.7761085e+00 9.9918920e-01 1.8838975e+00 3.8961177e+00 9.5213622e-01
 1.0338672e+00 2.3809223e+00 8.6738199e-02 3.7124541e+00 1.5369700e+00
 6.4130001e-02 2.2573123e+00 1.2805270e+00 1.6651340e+00 3.9946419e-01
 1.5903414e+00 6.0272378e-01 3.3707181e-01 1.4797094e+00 1.4456725e+00
 2.8197259e-01 8.1890002e-02 8.2629222e-01 5.7755238e-01 3.9155211e+00
 2.6289985e+00 4.0784601e-02 2.2308805e+00 1.8094991e+00 4.2338559e-01
 3.1811116e+00 5.3106880e-01 1.1253992e+00 2.1784344e+00 3.1478233e+00
 8.6799997e-04 6.1022621e-01 4.0617919e+00 4.2483492e+00 1.8022898e+00
 6.0387307e-01 2.1626170e+00 3.2507300e-01 1.8728389e+00 2.5347801e-02
 6.8749499e-01 1.8387244e+00 2.2373483e+00 1.9548178e+00 5.5036774e+00
 1.6586508e+00 1.8311700e-01 3.4102800e-01 7.5081803e-02 1.5978920e+00
 2.1518612e+00 6.7146242e-01 3.3379555e+00 4.0994799e-01 4.2313120e-01
 4.4075001e-02 1.4278866e+00 1.4032421e-01 2.7655983e+00 8.7831157e-01
 2.3973460e+00 2.1172776e+00 3.4216199e-02 4.9730641e-01 5.8431977e-01
 1.8517572e+00 6.8188250e-01 9.5122677e-01 8.1802082e-01 2.5840864e+00
 2.8840938e+00 3.6366374e+00 3.2022421e+00 2.9268500e-01 3.7150719e+00
 1.5791864e+00 9.2150539e-01 2.5015509e+00 1.1949826e+00 1.0273696e+00
 8.5419440e-01 2.4129250e+00 1.4507602e+00 9.0561181e-01 8.5958099e-01
 3.9270040e-01 2.8767295e+00 1.4945630e+00 3.8285713e+00 8.2053638e-01
 1.7375787e+00 3.3984542e+00 2.9363196e+00 2.7675810e+00 6.7016798e-01
 5.6221038e-01 2.3021319e+00 1.0176914e+00 1.6584896e+00 6.6244823e-01
 3.5871279e-01 4.2625380e-01 9.3688083e-01 9.3925542e-01 1.9430948e+00
 7.7491921e-01 2.2252440e-01 5.0181460e-01 6.5163243e-01 8.5197502e-01
 8.1845307e-01 1.5455894e+00 3.8381240e-01 3.9597890e+00 1.2135396e+00
 2.4583800e-02 4.7826052e+00 2.0250530e+00 1.4450547e+00 2.5722916e+00
 3.3377032e+00 2.0944126e+00 6.9116874e+00 2.3579059e+00 4.0729666e+00
 6.5835533e+00 1.3113095e+00 1.0283004e+00 1.6776894e+00 1.9355071e+00
 4.1976479e-01 3.4121361e-01 2.7968602e+00 6.5260482e-01 9.5395559e-01
 1.1580352e+00 8.3931482e-01 1.4680288e+00 4.5372280e-01 1.4176323e+00
 9.6704078e-01 1.8271460e-01 1.5741712e+00 5.2268040e-01 9.1201782e-01
 1.5751382e+00 5.2274621e-01 2.7677280e-01 5.5595293e+00 6.6530001e-03
 7.5487398e-02 2.9133241e+00 3.2939217e+00 4.0417871e+00 9.1461682e-01
 3.0717130e+00 4.9304259e-01 2.7365344e+00 1.0052068e+00 3.2485774e+00
 2.5218830e+00 1.1842208e+00 6.2094462e-01 1.2010450e+00 1.3636490e+00
 1.8969780e+00 2.9417360e-01 5.6958759e-01 2.3092988e+00 5.2929020e-01
 8.2683277e-01 2.3611882e+00 4.6974680e-01 2.8281751e+00 3.9708340e-01
 2.0076630e+00 5.6648226e+00 3.0277236e+00 5.5392218e-01 1.9139940e+00
 2.2726240e+00 4.0795574e+00 5.0160122e+00 2.4009345e+00 2.9174709e+00
 2.2527373e+00 5.9183450e+00 9.0398483e+00 9.1363877e-01 1.5700392e+00
 2.2177629e+00 1.6858240e+00 1.9420455e+00 9.9427259e-01 3.3905535e+00
 1.7261280e+00 1.3294126e+00 1.5075700e-01 7.6978855e+00 8.6010420e-01
 1.1622785e+01 2.6493340e+00 4.7622061e+00 5.4282665e+00 5.2691751e+00
 6.3117948e+00 1.3735238e+00 9.6202335e+00 1.0931565e+00 6.6256766e+00
 1.0908996e+01 6.6366982e+00 5.9189606e+00 8.2836938e-01 2.4728439e+00
 1.8218694e+00 2.9442530e+00 4.0150814e+00 1.7593410e+00 2.7786061e-01
 2.7460833e+00 3.5310409e+00 4.2155991e+00 2.1552413e+00 1.0099401e+00
 2.2570975e+00 4.9066801e-02 1.2883608e+00 3.1927180e+00 1.6675384e+00
 7.7651560e-01 1.1038692e+00 3.5365312e+00 1.9758004e+00 2.3986340e-01
 4.9520040e-01 1.6732750e+00 3.6314764e+00 8.7151200e-01 4.6332254e+00
 5.1300144e+00 6.1586576e+00 1.4722168e+00 2.1538141e+00 3.5833361e+00
 7.5826579e-01 1.6057014e+00 7.1956182e-01 3.5571749e+00 6.8769342e-01
 1.5275199e+00 7.6270599e+00 1.8702290e+00 1.3004348e+00 1.9090978e+00
 1.2237470e+00 2.4291246e+00 9.2290878e-01 5.6103630e+00 1.1314968e+00
 5.6071180e-01 1.3734907e+01 3.9274828e+00 3.3307700e+00 1.3549809e+00
 3.7792819e+00 6.9324821e-01 1.5794117e+00 3.9753479e-01 1.7283570e+00
 2.5540605e+00 1.9258642e+00]

*************************************************************

