THIS FILE CONTAINS  cv_cross_val_predict() predictions FOR THIS CURRENT CONFIGURATION.
		 It can be used to verificate obtained results.





---------------------------------------------------------------------------------------------------------
FINAL y_pred (clipped).  FINAL PREDICTIONS USED TO CALCULATE SCORE METRICS
			 (mean over several cross_val_predict() executions)
---------------------------------------------------------------------------------------------------------
[16.2540332  15.2079542  16.5380436  17.008578   17.3188998  13.3554705
 14.3877374  15.2210534  12.8504656  15.31324    14.8575997  17.558057
 14.8261318  17.3536158  25.3726252  20.313191   21.3938384  21.554212
 27.7346424  27.3396134  23.849217   25.6742656  25.8755328  24.7563404
 20.5865692   9.4050894  11.0545718  11.553085    9.48406296 26.5289022
 22.2885076  24.9386724  20.0040772  18.3844858  17.273953   17.417648
 18.1219868  14.018109   13.5616806  13.721487   14.6290164  12.9611804
 12.8700484  11.5538218  17.820394   20.499616   17.1979466  18.4705508
 26.4544804  26.1095382  25.992724   28.0305912  31.5314058  30.9493616
 27.1620526  22.6236702  24.6633996  25.0530422  25.6179838  20.0321484
 24.5952476  13.8996081  12.8969124  13.9625856  14.0943536  15.1422663
 12.8937291  13.2624852  13.2389834  12.4853851  21.6835734  14.8846601
 15.3501734  13.7678584  14.0118032  20.1656886  23.739614   20.5071942
 25.7566298  23.476535   25.0049332  21.6965824  25.9983312  27.5695248
 12.9284574  14.6458588  14.2400582  14.469238   14.3006706  12.3799848
 13.2211884  13.6267329  13.7944671  13.0547998  12.5367006  13.673103
 18.238454   16.2813192  18.7559912  17.9435498  19.1021208  27.5057156
 12.4002546  12.869768   13.0726203  13.5877794  18.8858868  27.151591
 20.4242228  24.4563148  24.7745576  22.7560004  22.225997   25.3847262
 13.5791952  12.8857962  29.1479792  25.4614094  23.1773776  20.0301072
 14.3548628  20.5790958  19.2354746  13.8895319  19.755041   19.19471
 17.4396792  30.5966398  23.9769618  31.0311094  22.719344   16.5917658
 15.3071328  17.1870134  14.862788   13.584211   14.3044588  13.1783782
 14.0261198  25.1701904  29.3878824  25.5768508  33.7904658  30.4876096
 28.1509044  27.4764272  24.7859182  21.8756646  23.699938   27.4380252
 19.8626324  18.2932916  17.3643396  18.5963128  14.4164258  14.492224
 14.3469308  14.7245385  14.5398124  16.062436   15.4262925  16.8074292
 19.2921296  15.2896285  16.9480221  27.363674   23.1148316  20.0213952
 22.2069424  21.542914   27.8081528  22.1979882  21.8660982  28.1098762
 19.206336   23.0726434  21.3301894  21.5144484  21.3332672  31.830164
 24.6257412  27.8750232  25.1334576  27.035968   27.1752178  15.0206423
 14.8637217  16.0225406  15.1050368  20.4168538  19.9311112  20.8875586
 19.4962916  28.1400086  27.5822502  29.347269   33.0796972  18.3175274
 17.390324   18.4378384  18.4627334  31.0636708  30.5727156  28.6536672
 27.150774   19.909338   15.497743   21.164914   20.5755344  16.6612936
 14.3268994  15.7839243  16.3024864  15.5356504  31.327866   30.2780974
 35.6826142  28.9389628  31.5306866  15.849093   17.7128641  16.1130016
 16.265016   19.2272238  19.246957   18.8363588  18.1172966  16.1267638
 15.656888   15.4726521  16.0388006  30.0522094  24.2238968  30.2147106
 24.3234544  31.2003456  28.9376812  31.2419396  28.8191704  24.6442762
 25.7129692  21.5053624  38.4937358  34.329162   38.64389    32.4516166
 33.917098   18.006288   17.9367734  17.8058444  19.0010694  20.544156
 22.6513306  26.3505114  19.5537116  20.6345018  20.1759442  21.6832786
 18.0731622  20.8120546  17.9489664  16.958232   19.3546342  16.6209484
 31.7342136  25.6010818  27.1796364  31.852684   26.3924774  24.3271432
 23.7280952  26.2147922  24.2345716  20.0638032  21.7512308  17.4811538
 31.949048   32.0720894  20.7674956  22.7295194  25.340645   20.3266788
 20.084111   18.5145078  18.5612094  18.859729   18.3637958  16.5526462
 18.3064278  18.1779576  17.7731212  35.441006   35.1817112  35.326663
 28.5266682  23.9019316  17.3175972  30.41625    23.6170468  34.5500462
 33.5278728  37.5631704  33.2837374  26.6474958  25.9493276  25.1441458
 29.3035068  33.4652918  37.8315666  35.0202444  35.6862452  26.2317506
 24.5605038  23.0763254  20.457334   34.5483512  29.4779138  31.5114312
 30.091847   34.3120678  35.400684   26.778502   37.5923974  42.9707052
 41.2530548  32.2483978  30.1280698  35.0370248  36.0221618  37.5926238
 22.4374722  33.7020534  30.2488328  33.3946468  29.6177364  27.9126274
 28.7857876  25.947609   32.3998534  37.4924712  36.402585   37.8702146
 35.7216462  39.3527474  36.0208358  35.3263546  34.3520744  36.029708
 33.2734186  35.8429166  36.1609116  33.0215028  31.3889678  33.3122896
 28.5700424  31.7537392  28.8230074  27.3947996  19.4113934  21.8641314
 24.6970078  23.9056244  29.173198   28.7232626  29.575674   28.8243532
 29.3493012  26.6434876  26.5326702  35.7387068  37.0216064  37.1011538
 34.9828718  33.940375   34.820705   35.0514836  34.6651064  36.5173414
 36.7468622  34.5600538  21.3520108  21.2102262  29.7591428  25.9116846
 32.9273724  31.2271268  24.5172072  26.5529796  47.2403224  33.670109
 29.5398566  27.6980784 ]



*************************************************************
MODEL ERRORS (of CLIPPED predictions): 
 
[1.7459668e+00 2.0795420e-01 1.4619564e+00 1.0085779e+00 3.1889981e-01
 1.6445295e+00 3.8773739e-01 1.2210534e+00 1.1495343e+00 3.1323999e-01
 1.4240029e-01 3.5580571e+00 1.7386819e-01 3.3536158e+00 1.3726252e+00
 1.6868089e+00 3.3938384e+00 5.5421197e-01 7.3464239e-01 1.3396134e+00
 1.1507829e+00 1.6742656e+00 8.7553281e-01 1.2436596e+00 4.1343081e-01
 5.9491062e-01 1.0545717e+00 5.5308503e-01 4.8406297e-01 4.7109780e-01
 5.7114925e+00 6.1327599e-02 1.0040772e+00 2.3844857e+00 2.7395299e-01
 1.5823520e+00 1.2198680e-01 1.8108999e-02 4.3831941e-01 2.7851301e-01
 6.2901640e-01 9.6118039e-01 1.2995160e-01 1.4461782e+00 1.7960601e-01
 1.5003840e+00 1.8020535e+00 4.7055081e-01 3.4544804e+00 1.8904618e+00
 4.0072761e+00 1.9694088e+00 5.3140581e-01 4.0506382e+00 1.6205260e-01
 3.3763299e+00 6.6339958e-01 5.3042199e-02 2.6179838e+00 3.2148398e-02
 3.5952475e+00 8.9960808e-01 1.1030875e+00 1.0374144e+00 9.4353601e-02
 1.8577337e+00 1.8937291e+00 2.6248521e-01 1.2389834e+00 5.1461488e-01
 2.6835735e+00 1.1533990e-01 2.3501735e+00 7.6785839e-01 1.1803200e-02
 2.1656885e+00 1.7396140e+00 4.9280581e-01 2.4337021e-01 1.4765350e+00
 2.9950669e+00 1.3034176e+00 2.0016687e+00 5.6952482e-01 7.1542598e-02
 6.4585882e-01 1.2400582e+00 4.6923801e-01 6.9932938e-01 3.7998480e-01
 2.2118840e-01 6.2673289e-01 2.0553289e-01 5.4799799e-02 5.3670061e-01
 6.7310297e-01 2.3845400e-01 2.8131920e-01 7.5599122e-01 5.6450199e-02
 3.8978791e+00 1.5057156e+00 1.4002546e+00 8.6976802e-01 7.2620302e-02
 1.5877794e+00 8.8588679e-01 7.1515908e+00 5.7577717e-01 2.4563148e+00
 6.7745576e+00 3.7560005e+00 1.2259970e+00 6.1527377e-01 1.4208049e+00
 3.1142037e+00 1.4797920e-01 1.4614094e+00 3.1773777e+00 1.0301071e+00
 6.4513719e-01 3.4209042e+00 7.6452541e-01 2.8895319e+00 2.4495900e-01
 1.9471000e-01 2.4396791e+00 4.0336019e-01 2.0230381e+00 9.6889061e-01
 2.2806561e+00 5.9176582e-01 6.9286722e-01 8.1298661e-01 1.1372120e+00
 5.8421099e-01 3.0445880e-01 8.2162178e-01 2.6119800e-02 3.8298097e+00
 3.3878825e+00 4.2314920e-01 2.7904658e+00 1.5123904e+00 1.5090440e-01
 3.4764273e+00 1.2140818e+00 2.1243353e+00 2.3000619e+00 3.5619748e+00
 8.6263239e-01 2.9329160e-01 2.3643396e+00 3.5963128e+00 1.5835742e+00
 5.0777602e-01 1.6530693e+00 7.2453851e-01 2.4601877e+00 6.2436000e-02
 4.2629251e-01 1.1925708e+00 1.7078704e+00 4.7103715e+00 3.9480221e+00
 1.6363260e+00 1.1483160e-01 2.1395201e-02 7.9305762e-01 2.4570861e+00
 2.8081529e+00 1.8020118e+00 3.8660982e+00 8.9012378e-01 2.0633601e-01
 7.2643399e-02 1.6698107e+00 4.8555160e-01 3.6667328e+00 1.1698360e+00
 3.3742588e+00 2.8750231e+00 1.3345760e-01 1.0359679e+00 1.7521781e-01
 2.4793577e+00 1.1362783e+00 5.2254063e-01 6.0503680e-01 1.5831462e+00
 2.0688889e+00 3.1124413e+00 3.0037084e+00 8.5999137e-01 3.0822501e+00
 3.4726900e-01 7.9697199e-02 1.6824726e+00 6.0967600e-01 6.2161598e-02
 9.6273339e-01 1.5636708e+00 1.4272844e+00 6.5366721e-01 6.5077400e-01
 9.0662003e-02 2.4977429e+00 2.1649139e+00 1.5755343e+00 1.6129360e-01
 2.1731007e+00 2.7839243e+00 3.3024864e+00 2.5356505e+00 1.7213400e-01
 2.7809739e-01 3.1738579e-01 3.4389627e+00 1.9693134e+00 1.6509070e+00
 7.1286410e-01 6.1300159e-01 1.2650160e+00 1.7272238e+00 1.2530431e+00
 1.6364120e-01 3.8270339e-01 1.2676381e-01 1.5688799e-01 2.7347900e-02
 3.8800601e-02 1.0522094e+00 2.7610320e-01 4.2147107e+00 1.1765456e+00
 7.0034558e-01 4.5623188e+00 1.2419395e+00 1.6808296e+00 2.6442761e+00
 4.2129693e+00 5.3623999e-03 4.6062641e+00 1.7708380e+00 5.8438902e+00
 6.9483833e+00 2.1829021e+00 1.8937120e+00 1.4632266e+00 2.3941555e+00
 1.9893061e-01 4.4156000e-02 2.4513307e+00 1.2505114e+00 9.4628841e-01
 1.2345018e+00 4.2405581e-01 8.8327861e-01 5.2683783e-01 2.7120545e+00
 1.2510335e+00 7.4176800e-01 1.2546341e+00 8.7905163e-01 1.7342136e+00
 1.8989182e+00 2.0363601e-02 9.5268399e-01 5.2924776e+00 1.1271431e+00
 7.1904801e-02 2.3147922e+00 3.9345715e+00 3.0638032e+00 1.5123080e-01
 1.2811538e+00 4.4904801e-01 2.5720894e+00 7.3250443e-01 2.9295194e+00
 3.0406449e+00 1.2667879e-01 5.1588899e-01 1.5145078e+00 9.6120942e-01
 2.3597291e+00 1.6379580e-01 3.4735379e-01 2.8064277e+00 1.0220424e+00
 7.2687882e-01 3.5410061e+00 1.0817112e+00 3.7333700e-01 1.1266682e+00
 1.4980685e+00 5.6824026e+00 3.2162499e+00 2.8295320e-01 3.5004619e-01
 9.7212720e-01 5.7631702e+00 4.0162625e+00 1.7525042e+00 2.8506725e+00
 1.6558542e+00 4.1964931e+00 8.0347080e+00 2.6843339e-01 2.9202445e+00
 1.5137548e+00 1.7682494e+00 1.8394963e+00 1.2236747e+00 1.3573340e+00
 2.4835120e-01 3.2208619e-01 2.1143121e-01 6.9081531e+00 2.1120677e+00
 1.1199316e+01 1.1214980e+00 3.2076025e+00 1.3292948e+00 2.1469452e+00
 4.1516023e+00 1.2806980e-01 9.5629749e+00 2.2221618e+00 7.7926240e+00
 1.0262527e+01 1.0002053e+01 4.7511673e+00 9.9464679e-01 2.4177363e+00
 1.3126274e+00 2.9857876e+00 2.4476089e+00 2.3998535e+00 1.6075288e+00
 2.5974150e+00 2.7702146e+00 3.4216461e+00 2.3527474e+00 1.6791642e+00
 1.2263546e+00 3.4792560e-01 1.6297081e+00 3.3734186e+00 2.8429165e+00
 2.4609115e+00 6.2150282e-01 1.5110322e+00 1.7122896e+00 4.7004241e-01
 1.0537392e+00 3.4230075e+00 3.1947997e+00 2.9886067e+00 4.7358685e+00
 4.4970078e+00 6.3056245e+00 1.1731980e+00 1.7232625e+00 4.4243259e+00
 2.1756468e+00 3.4930119e-01 3.5651240e-01 2.5326703e+00 2.6129320e-01
 2.1606401e-02 6.1011539e+00 3.0171282e+00 2.0596249e+00 1.1792949e+00
 9.4851643e-01 6.6510642e-01 1.4826586e+00 4.7468624e+00 3.4399462e+00
 3.6479893e+00 1.6789774e+01 3.7591429e+00 3.9116845e+00 9.2737240e-01
 4.7728734e+00 2.4827929e+00 4.4702041e-01 3.2403224e+00 1.6701090e+00
 1.5398566e+00 3.3019216e+00]

*************************************************************

