THIS FILE CONTAINS  cv_cross_val_predict() predictions FOR THIS CURRENT CONFIGURATION.
		 It can be used to verificate obtained results.





---------------------------------------------------------------------------------------------------------
FINAL y_pred (clipped).  FINAL PREDICTIONS USED TO CALCULATE SCORE METRICS
			 (mean over several cross_val_predict() executions)
---------------------------------------------------------------------------------------------------------
[27.0445424  22.6932906  32.978737   31.1576428  31.1735312  23.6498934
 20.2051836  18.0257732  15.0240992  18.8115844  20.3087294  19.481389
 21.2683762  19.4490834  17.9526622  19.1875952  21.1160336  17.1710786
 18.2981832  18.3132134  14.7855423  16.9092244  15.9826604  14.7021276
 16.109608   15.7855356  16.110388   16.1304423  18.33844    19.600712
 14.3220408  16.2567304  14.679611   15.5576788  14.8846001  22.288298
 21.96763    21.861094   23.4008586  29.230152   37.377593   31.1295742
 24.2161914  24.7374848  21.8255094  21.1201466  21.8565616  19.1070746
 14.999642   18.6280414  20.2687696  20.7214292  27.35084    21.7107056
 17.453997   33.728774   22.4315684  30.121211   22.1925234  20.7370966
 18.2740138  17.7531424  23.802847   25.3604574  26.8850504  25.5960404
 19.9963492  20.426449   18.5536276  19.7641802  25.0998136  21.340302
 22.8662508  23.624513   25.058117   22.0457098  20.662938   21.7760128
 20.7250112  20.6951988  27.7067194  23.4701572  23.1771588  21.236464
 24.3710312  26.3641742  22.3489196  24.3338274  30.2210272  32.360182
 25.4571204  24.8045374  24.9946086  25.8998152  22.0477738  26.7314432
 23.5826058  42.5425082  44.8124148  35.5523322  22.4169396  24.2863652
 19.5202148  19.6424444  20.5718292  19.3921096  18.810059   20.5250432
 20.7488644  19.2215456  21.8484312  24.0411944  18.9720252  18.515833
 22.247972   18.8999698  20.8099896  19.9383614  19.5984548  19.6326206
 21.8211254  21.7372164  19.787499   17.9524718  20.179012   21.5476258
 17.8386992  16.2562678  17.7379582  15.7001138  19.7020254  19.2914532
 19.4766576  16.5199314  14.6132212  16.8627246  16.842351   18.6595972
 15.0472975  16.0933098  14.9327189  10.7940883  13.3369816  15.4371618
 14.7572382  16.4993226  16.7890108  14.1694012  13.941465   17.210158
 19.7683152  17.352376   16.3030638  17.4254368  17.2248394  15.7204222
 15.4332136  38.5737446  31.7673134  25.9329772  37.4006278  46.6612018
 46.3704808  48.9645648  21.2002868  21.5453592  46.684341   18.8804876
 23.528173   24.5330538  20.2886526  22.188297   20.8697768  26.1294876
 23.8240406  30.9183468  24.2848166  24.9714996  30.3841378  34.2664322
 36.4344184  25.3945302  34.125059   27.560971   21.4328884  24.1552188
 42.5999634  30.910264   28.7114508  34.5605852  29.1998782  27.4399542
 34.7727446  31.7715986  29.6049356  46.3492428  37.5610192  31.8108636
 35.9253664  30.7766072  33.7814212  21.8179558  42.9522564  49.2615918
 49.4097212  22.9587098  22.7884878  18.8025474  22.1875498  18.772877
 20.2201748  19.1816652  22.8461692  24.74139    20.725296   23.322065
 22.035385   25.1700956  20.8598472  23.07883    31.6232674  24.1674418
 28.6527434  25.5779468  44.6209534  46.0479682  42.7016074  31.3224934
 43.7496914  30.4755144  22.1925564  35.0140958  45.3916192  43.2000244
 27.9636922  23.0294176  26.6253282  34.9044346  25.4104322  24.9907872
 26.8716628  20.4753884  21.6598172  25.7780664  17.2318996  17.0323606
 20.5615118  19.5644748  22.7764294  26.4626466  24.9860984  24.4337318
 29.791729   41.057272   20.7843316  19.4891902  40.206398   50.
 37.49928    33.5288926  35.7550664  38.9462342  48.3459098  34.6009438
 36.0649368  23.4021686  31.0912542  49.3097036  45.7995692  23.8877608
 21.396148   24.9198386  25.5946736  38.3204728  34.080715   33.116787
 34.835224   32.1894822  26.9126668  36.5949108  45.2614082  35.264618
 42.0080218  47.6418456  32.6625642  24.3477214  21.6480616  22.3821428
 22.5711     24.5846174  33.075261   34.990742   30.3518044  23.974978
 21.9159302  28.9010582  26.0808162  19.6659612  24.78836    34.0148934
 27.6261384  24.8861976  26.0597408  33.7996244  35.781745   28.5909566
 36.3713884  30.8247796  25.4876194  20.489375   19.9425726  24.6622094
 20.0646086  21.2386062  22.3846682  18.0411716  18.1416656  18.6518606
 22.4161028  21.483453   23.8992854  23.4860088  21.3367956  18.5253218
 24.41947    25.5108594  23.7793866  20.9927182  20.2486142  23.1321852
 20.7582422  18.7126408  21.385813   23.3485024  23.5227502  21.974981
 21.143491   19.5509636  22.051893   21.6459088  20.8784242  32.6984182
 22.5051056  24.5845132  29.2679112  19.0119986  18.1071608  25.0064464
 26.3129166  26.4208072  22.7798872  23.1599618  19.7560138  28.1548584
 19.824577   21.2109434  17.6932332  22.3424392  22.1065152  19.4788134
 24.4701974  18.368744   24.2835792  23.7533134  46.012739   32.4532806
 18.2213912  25.4391396  40.7898944  47.8489266  47.8716798  31.3665932
 35.5039756  10.2266406   9.7898022  21.0385406  11.345731   15.4497586
 10.8803884  12.1796747   7.7212482  13.4891512  12.2262869  11.8543004
 10.520435    9.7730866   9.7380216   9.4314452   9.9334805  12.6713339
 15.900535   15.0289956  11.3477744  18.0970362  15.7272622  15.9723416
 15.7343378  13.601637    6.83288578 11.7239422   9.01727054 12.7425046
 13.4578521  11.6757986   7.894869    7.62382788 15.4505404  26.6046818
 13.974035   13.3894991  21.9577686  14.4031075   9.05732034 12.2786938
  6.34075996  8.845235   10.9406018   9.656204    6.31752468 12.0553524
 16.3016552  16.4845228  19.9607374  12.0315012  15.498985   10.2078464
 15.739327   10.5484336  12.1803878  11.522961   15.7048931  14.9677432
 21.7851152  14.8432054  13.3207712  10.545545   11.4087926   8.6429767
  7.77570392 11.1982092   9.2571499  13.4739354  15.997503   13.6753392
 10.2861736   9.614269   14.856148   15.5221082  13.756407   14.3550128
 13.817541   15.4893214  16.6116304  18.102479   11.4329256  13.1600399
 12.9517788  11.007139   15.7164736  17.6179748  17.224534   19.1556824
 18.6843284  21.4738428  19.9150088  18.7594082  12.1567342  15.085188
 14.5844856  19.111383   18.9529062  24.5806624  21.1482726  23.4777328
 17.6293618  14.8054914  17.3163348  12.7835958  16.0525468  21.3265142
 23.3956714  30.2837228  31.0805356  23.9811708  21.5897846  23.6413398
 18.7017604  23.2332366  15.346448   13.3964144  11.2044196  15.0856365
 17.816331   20.8431554  21.699985   20.7337734  16.9708588  18.7954746
 20.751019   18.72942    19.3250108  22.5728316  20.1402212  28.6023514
 25.0257264  21.0926208 ]



*************************************************************
MODEL ERRORS (of CLIPPED predictions): 
 
[3.04454231e+00 1.09329057e+00 1.72126305e+00 2.24235725e+00
 5.02646875e+00 5.05010653e+00 2.69481635e+00 9.07422638e+00
 1.47590077e+00 8.84156004e-02 5.30872917e+00 5.81389010e-01
 4.31623787e-01 9.50916588e-01 2.47337803e-01 7.12404788e-01
 1.98396635e+00 3.28921407e-01 1.90181684e+00 1.13213398e-01
 1.18554235e+00 2.69077563e+00 7.82660425e-01 2.02127606e-01
 5.09607971e-01 1.88553560e+00 4.89612013e-01 1.33044231e+00
 6.15600012e-02 1.39928806e+00 1.62204075e+00 1.75673044e+00
 1.47961104e+00 2.45767879e+00 1.38460004e+00 3.38829803e+00
 1.96763003e+00 8.61093998e-01 1.29914141e+00 1.56984794e+00
 2.47759295e+00 4.52957439e+00 1.08380854e+00 3.74847986e-02
 6.25509381e-01 1.82014656e+00 1.85656154e+00 2.50707459e+00
 5.99641979e-01 7.71958590e-01 5.68769574e-01 2.21429199e-01
 2.35084009e+00 1.68929446e+00 1.44600296e+00 1.67122602e+00
 2.26843166e+00 1.47878897e+00 1.10747659e+00 1.13709664e+00
 4.25986201e-01 1.75314236e+00 1.60284698e+00 3.60457391e-01
 6.11494970e+00 2.09604049e+00 5.96349180e-01 1.57355106e+00
 1.15362763e+00 1.13581979e+00 8.99813592e-01 3.59697998e-01
 6.62508011e-02 2.24512994e-01 9.58117008e-01 6.45709813e-01
 6.62937999e-01 9.76012826e-01 4.74988788e-01 3.95198792e-01
 2.93280602e-01 4.29842800e-01 1.62284124e+00 1.66353595e+00
 4.71031189e-01 2.35825807e-01 1.51080400e-01 2.13382745e+00
 6.62102699e+00 3.66018200e+00 2.85712051e+00 2.80453730e+00
 2.09460855e+00 8.99815202e-01 1.44777381e+00 1.66855681e+00
 2.18260574e+00 3.84250832e+00 1.01241481e+00 2.35233212e+00
 5.08306026e+00 2.21363473e+00 9.20214772e-01 3.42444390e-01
 4.71829206e-01 1.07890397e-01 6.89940989e-01 1.25043198e-01
 9.48864400e-01 1.78454399e-01 1.48431197e-01 1.24119437e+00
 1.72025204e-01 1.84166998e-01 3.74797201e+00 5.99969804e-01
 3.90010387e-01 7.38361418e-01 8.01545203e-01 3.32620591e-01
 1.78874597e-01 1.43721640e+00 7.12500989e-01 6.52471781e-01
 1.37901199e+00 1.47625804e-01 2.13869929e+00 5.62678017e-02
 2.62041807e-01 1.40011382e+00 5.02025425e-01 3.08546811e-01
 3.52334237e+00 1.88006854e+00 9.86778796e-01 1.23727536e+00
 5.57649016e-01 1.55959725e+00 1.74729753e+00 1.70669019e+00
 9.32718873e-01 3.60591173e+00 6.30183965e-02 1.62838206e-01
 2.95723820e+00 2.69932270e+00 1.18901086e+00 4.30598795e-01
 3.85853505e+00 1.81015801e+00 1.73168480e+00 2.24762392e+00
 1.00306380e+00 1.97456324e+00 2.24839404e-01 1.20422199e-01
 2.33321357e+00 2.72625542e+00 7.46731329e+00 2.63297725e+00
 1.04006281e+01 3.33879828e+00 3.62951922e+00 1.03543520e+00
 1.49971318e+00 3.45464087e+00 3.31565905e+00 4.91951227e+00
 2.71827012e-01 2.23305368e+00 2.88865256e+00 3.08829689e+00
 2.23022318e+00 2.52948761e+00 1.22404063e+00 1.51834679e+00
 1.08481658e+00 3.71499598e-01 4.84137803e-01 2.93356776e+00
 3.36558151e+00 1.08054695e+01 3.77494097e+00 4.93902922e+00
 4.96711159e+00 5.44478130e+00 7.40003681e+00 1.08973598e+00
 1.08854926e+00 3.39414805e-01 7.80012178e+00 3.06004572e+00
 1.62725544e+00 6.71598613e-01 5.04935622e-01 3.65075731e+00
 4.26101923e+00 1.51086354e+00 1.32536638e+00 4.12339258e+00
 8.81421208e-01 2.28204417e+00 6.52256429e-01 7.61591792e-01
 5.90278804e-01 3.58709812e-01 1.61151218e+00 3.69745255e+00
 2.21245027e+00 1.22712302e+00 1.47982526e+00 1.18334800e-01
 4.46169198e-01 3.35860991e+00 2.97470403e+00 1.67793500e+00
 1.26461506e+00 3.52990437e+00 6.40152812e-01 7.88299963e-02
 4.92326736e+00 2.46744180e+00 1.15274346e+00 4.52205324e+00
 1.79046601e-01 3.95203185e+00 5.10160732e+00 2.77506590e-01
 2.95030856e+00 1.02448559e+00 2.10744357e+00 3.31409574e+00
 3.69161916e+00 5.09997559e+00 1.03630781e+00 9.70582426e-01
 1.52532816e+00 3.40443468e+00 1.71043217e+00 1.69078720e+00
 4.87166262e+00 3.75388414e-01 5.40182829e-01 2.07806635e+00
 3.68100405e-01 1.46763945e+00 3.73848820e+00 9.35525179e-01
 1.72357059e+00 2.62646586e-01 5.86098373e-01 3.66268188e-01
 1.91728994e-01 1.74272799e+00 1.11566842e+00 1.41080976e+00
 3.79360199e+00 0.00000000e+00 1.49927998e+00 3.42889261e+00
 1.95506644e+00 4.15376568e+00 4.54090208e-01 3.60094380e+00
 4.35063213e-01 6.02168620e-01 3.91254187e-01 6.90296412e-01
 2.29956913e+00 3.18776083e+00 2.96148002e-01 2.80161411e-01
 1.19467366e+00 3.12047291e+00 1.68071496e+00 1.11678696e+00
 1.63522398e+00 9.10517812e-01 2.18733311e+00 1.49491084e+00
 1.38591796e-01 1.35381997e-01 3.99197817e+00 2.35815430e+00
 4.62564200e-01 2.34772134e+00 1.54806161e+00 8.17857206e-01
 2.71100014e-01 2.15382606e-01 4.57526112e+00 2.30925798e+00
 2.45180440e+00 7.49780014e-02 2.15930194e-01 3.01058203e-01
 1.01918375e+00 6.34038806e-01 2.28836012e+00 5.01489353e+00
 2.82613850e+00 2.88619757e+00 3.40259194e-01 6.99624419e-01
 3.18255007e-01 1.90956593e-01 2.97138834e+00 2.62477970e+00
 2.68761945e+00 1.89374998e-01 3.84257269e+00 2.56220937e+00
 6.64608598e-01 3.61393809e-01 1.41533184e+00 1.84117162e+00
 3.41665596e-01 1.14813936e+00 6.83897197e-01 4.83453006e-01
 9.92854014e-02 3.86008799e-01 9.36795592e-01 2.53218003e-02
 5.80529988e-01 9.10859406e-01 7.79386580e-01 1.20728183e+00
 9.48614180e-01 5.32185197e-01 9.58242178e-01 1.61264086e+00
 1.98581302e+00 1.14850235e+00 2.82275009e+00 8.74980986e-01
 1.64349103e+00 1.05096364e+00 1.45189297e+00 2.64590883e+00
 2.17842412e+00 1.58180005e-03 6.00510550e+00 6.84513211e-01
 1.93208885e+00 1.51199865e+00 9.07160819e-01 1.90644646e+00
 1.81291664e+00 1.79192796e-01 1.20112799e-01 9.40038204e-01
 1.15601385e+00 1.94514155e+00 1.62457705e+00 6.10943377e-01
 1.06766798e-01 6.42439187e-01 5.93484819e-01 3.12118649e+00
 5.29802620e-01 1.53125596e+00 3.48357916e+00 6.95331335e+00
 2.41127396e+01 4.95328045e+00 3.67860889e+00 2.33913970e+00
 9.21010590e+00 2.15107346e+00 2.12832022e+00 1.86334076e+01
 1.44960241e+01 3.57335949e+00 4.01019764e+00 6.03854036e+00
 2.55426908e+00 2.14975858e+00 2.21961164e+00 1.97967470e+00
 2.67875171e+00 2.58915114e+00 9.26286876e-01 4.45699602e-01
 1.72043502e+00 2.57308650e+00 7.61978388e-01 2.03144526e+00
 2.66519487e-01 1.17133391e+00 8.00535023e-01 8.17100430e+00
 1.64777446e+00 4.29703617e+00 3.02726221e+00 2.87234163e+00
 3.23433781e+00 5.10163689e+00 1.83288574e+00 5.42394209e+00
 3.41727042e+00 5.54250479e+00 1.35785210e+00 3.37579870e+00
 6.05130970e-01 2.62382793e+00 3.55054045e+00 1.29531825e+00
 3.22596502e+00 1.41105013e+01 6.95776844e+00 2.79689240e+00
 8.84267998e+00 4.02130604e+00 6.59240067e-01 1.64523494e+00
 3.44060183e+00 7.43795991e-01 2.48247528e+00 3.65535235e+00
 3.98344815e-01 2.28452277e+00 8.39262605e-01 1.36849880e+00
 3.79898500e+00 1.90784645e+00 5.53932714e+00 3.51566404e-01
 1.18038785e+00 2.02296090e+00 1.20489311e+00 8.67743194e-01
 5.68511534e+00 5.43205380e-01 1.62077117e+00 2.85445499e+00
 1.80879259e+00 5.70233017e-02 6.24296069e-01 1.60179079e+00
 1.24285007e+00 3.62606454e+00 2.40249705e+00 1.72466075e+00
 5.13826370e-01 2.18573093e+00 4.38520014e-02 2.92210817e+00
 3.43593001e-01 1.35501277e+00 4.17540997e-01 2.89321393e-01
 5.11630416e-01 3.02478999e-01 3.46707439e+00 9.39960122e-01
 2.51778811e-01 2.49286103e+00 8.16473603e-01 2.38202524e+00
 8.24533999e-01 1.45568240e+00 8.15671623e-01 1.27384281e+00
 1.48499119e+00 1.14059174e+00 6.84326601e+00 4.01481199e+00
 4.51551437e+00 9.88617003e-01 9.47093785e-01 4.98066235e+00
 2.05172729e+00 6.32226706e+00 3.82936192e+00 1.50549138e+00
 6.16334796e-01 7.83595800e-01 1.45254683e+00 7.34857991e-02
 3.95671397e-01 6.58372259e+00 6.08053541e+00 2.18117070e+00
 9.89784598e-01 2.44133973e+00 3.98239613e-01 2.63323665e+00
 1.46448001e-01 6.39641428e+00 3.10441971e+00 1.48563647e+00
 2.28366899e+00 9.56844628e-01 2.80001497e+00 2.36622667e+00
 2.72914124e+00 4.95474607e-01 4.48980987e-01 1.22941995e+00
 2.52501082e+00 1.72831595e-01 4.59778786e-01 4.70235157e+00
 3.02572632e+00 9.19262123e+00]

*************************************************************

