THIS FILE CONTAINS  cv_cross_val_predict() predictions FOR THIS CURRENT CONFIGURATION.
		 It can be used to verificate obtained results.





---------------------------------------------------------------------------------------------------------
FINAL y_pred (clipped).  FINAL PREDICTIONS USED TO CALCULATE SCORE METRICS
			 (mean over several cross_val_predict() executions)
---------------------------------------------------------------------------------------------------------
[1.14927534 1.04943066 0.82558852 0.7138777  0.68421778 0.89520069
 1.08443896 1.18997286 1.20240178 1.00395832 0.73730418 0.59689931
 0.64378365 0.89573577 0.9870548  1.06634894 1.13013288 1.07032314
 0.94825442 0.76505904 0.70757038 0.84482705 1.00179517 1.1863258
 1.25563756 1.11767544 0.85607832 0.59831453 0.5787575  0.80121821
 0.97244116 1.02968658 1.07351474 1.10656    1.06210794 0.9149263
 0.75526761 0.72746399 0.88440456 1.07102414 1.18293742 1.2281827
 1.05689642 0.78926564 0.56926328 0.53132556 0.75068996 0.95136222
 1.04617752 1.0889339  1.15792278 1.08202384 0.92820898 0.76589168
 0.68099757 0.85727954 1.08944768 1.15986394 1.22858872 1.05293088
 0.82667009 0.58297457 0.54433291 0.79856301 0.98302836 1.02240148
 1.11842784 1.08397532 1.01773201 0.85063365 0.72722169 0.74760364
 0.95414922 1.11781272 1.24688782 1.1957603  0.99057248 0.69362139
 0.53923994 0.67193083 0.88328051 0.97681754 1.01428599 1.09999758
 1.14421108 1.0656214  0.87414647 0.69525729 0.68785361 0.87184851
 1.08429022 1.20542394 1.23410722 1.04348252 0.72801945 0.60420178
 0.65962228 0.93653172 0.97896707 1.06878432 1.13122246 1.09320022
 0.97366905 0.74592712 0.71311665 0.85831297 1.01277341 1.145332
 1.22943544 1.07992022 0.81623609 0.61972357 0.58182708 0.81989535
 0.99800282 1.04623106 1.11665284 1.13662416 1.04739874 0.84396136
 0.72736058 0.78413012 0.90898322 1.08537408 1.17643528 1.24112462
 0.98576453 0.68762521 0.55553011 0.60848267 0.82271043 0.97466246
 1.01028561 1.10134776 1.12116806 1.04009965 0.92734164 0.74829973
 0.69902008 0.94387436 1.08176372 1.18791446 1.157083   0.93725041
 0.79189002 0.62802644 0.72594286 0.95749514 0.97655026 1.0865027
 1.1175659  1.08857762 0.95324927 0.71841407 0.68600444 0.89302781
 1.03365276 1.12924076 1.24153378 1.03852276 0.76767194 0.61075007
 0.58363198 0.87001449 1.00825566 1.09720734 1.17886346 1.11741056
 0.96041341 0.73308876 0.66115218 0.8527996  0.98637428 1.18520536
 1.18185174 1.08213918 0.74935159 0.5288526  0.62804972 0.89048089
 0.98164687 1.04383094 1.12652462 1.1371262  1.03297936 0.84440335
 0.68887979 0.75587109 0.89658063 1.10727984 1.21904882 1.22082202
 1.01397517 0.67920928 0.52730527 0.55024061 0.88144879 0.97193408
 1.0271817  1.12821612 1.07389052 1.0696118  0.88598855 0.72124461
 0.75509716 0.91641069 1.07152224 1.20092722 1.13793678 1.02839438
 0.78128832 0.58197193 0.57878246 0.84856174 0.97346909 1.02137267
 1.111844   1.11202718 1.05619776 0.90997972 0.68622362 0.68592668
 0.95421538 1.10144592 1.19731528 1.19611052 0.94182797 0.7927429
 0.6168864  0.65664269 0.89276455 0.98862703 1.0627675  1.13185534
 1.07517398 0.93535654 0.75500484 0.69840167 0.86173684 1.00400271
 1.17757418 1.26522668 1.0962452  0.83723439 0.59537685 0.60280935
 0.79763741 0.97460863 1.02565976 1.06869532 1.11058902 1.0608833
 0.91813619 0.76671122 0.73862512 0.87875874 1.06431932 1.19463546
 1.24407502 1.08802142 0.77960187 0.58102471 0.50778078 0.73189225
 0.94562081 1.01571708 1.08360888 1.1535442  1.0800921  0.93574178
 0.74660396 0.67938655 0.85917671 1.06266184 1.15016286 1.18902338
 1.06409596 0.83636016 0.6008644  0.53223266 0.74616243 0.97908916
 1.01443634 1.11047946 1.1113171  1.04936422 0.89161289 0.74113204
 0.72675434 0.92571614 1.09663558 1.20457664 1.20589056 1.06157318
 0.78280634 0.54908804 0.56126038 0.83305725 0.97600786 1.01146559
 1.09769146 1.10434736 1.08392216 0.91658027 0.72209356 0.68008709
 0.83334517 1.07811918 1.19828614 1.2150977  0.99760273 0.78768878
 0.61837363 0.66833207 0.91694007 1.00745133 1.06351212 1.13175872
 1.09687436 0.9559904  0.75402786 0.67140834 0.84306374 1.00061337
 1.16325832 1.24838568 1.14850338 0.834641   0.59239916 0.5375834
 0.83756285 1.00891253 1.06650372 1.123871   1.09822716 1.05680408
 0.80056883 0.71376206 0.77036001 0.94304045 1.1675997  1.24362498
 1.15359514 0.89694231 0.64208547 0.5132454  0.75740865 0.93438414
 0.98754805 1.06146078 1.12134216 1.09333732 0.97323788 0.77082016
 0.71536763 0.82092149 1.07873818 1.18341808 1.23887592 1.10478204
 0.82798002 0.59352445 0.52991647 0.75256806 0.97162513 1.03908476
 1.12515664 1.12378666 1.03782302 0.87731683 0.7335746  0.72631335
 0.91734014 1.09617732 1.22233076 1.20915492 1.03184236 0.77783731
 0.55009891 0.62917188 0.81387289 0.97944172 1.01525415 1.1215088
 1.11809894 1.07206386 0.89297959 0.71342275 0.6864891  0.86467441
 1.0827961  1.20189386 1.21705558 1.0378634  0.74456986 0.59377663
 0.7007975  0.94946167 1.00693024 1.0598914  1.13292808 1.10613792
 0.94953215 0.73831252 0.6693395  0.83964048 0.99316831 1.17417602
 1.2411166  1.11898648 0.80798319 0.59186545 0.55638901 0.83482132
 1.01135175 1.0766922  1.12969866 1.09421966 1.01217416 0.7787136
 0.70882824 0.77286633 0.96456968 1.17166046 1.23591236 1.10441174
 0.86961261 0.60029795 0.55758725 0.77807793 0.96380744 1.01786158
 1.08404496 1.14136728 1.07642778 0.93045428 0.7403732  0.69906941
 0.8781198  1.08211392 1.20629916 1.26900704 1.03340766 0.79288557
 0.55500827 0.52002273 0.77585241 0.96797552 1.0224622  1.1134974
 1.1398212  1.06698058 0.91093283 0.76162071 0.7105449  0.90455242
 1.11136292 1.17920888 1.22960496 1.05803572 0.80901949 0.54781535
 0.55431114 0.79417439 0.94539392 1.00092582 1.0937747  1.12696676
 1.10355728 0.93744889 0.72969129 0.64208897 0.84201528 1.07299684
 1.15089348 1.24861154 1.04551254 0.80918302 0.62026036 0.60002591
 0.8317708  1.02482596 1.04330484 1.1385101  1.10740924 0.99305833
 0.79824339 0.69309508 0.80088432 0.97197932 1.15501402 1.25310296
 1.14230894 0.88207971 0.61682662 0.54352503 0.75704799 0.97763896
 1.03718114 1.06564602 1.08387874 1.07737114 0.90738392 0.75764701
 0.72671036 0.86605864 1.03519472 1.21603242 1.18266356 1.05790018
 0.78381699 0.605219   0.59304296 0.82011368 0.92989939 1.02705586
 1.07304596 1.15948668 1.08176726 0.91985746 0.74291805 0.6750816
 0.85708689 1.08477782 1.18825818 1.2101454  1.01110678 0.77042225
 0.61268687 0.68536071 0.93425597 1.02773684 1.05918626 1.12074524
 1.10576726 0.98767598 0.7770574  0.67120001 0.81620151 0.99577599
 1.16383996 1.22877078 1.13251418 0.85748079 0.60172916 0.55274075
 0.80270619 0.97951463 1.07243228 1.11289112 1.1059206  1.0597644
 0.80360267 0.71755796 0.72463925 0.9507648  1.16344666 1.24637622
 1.1511623  0.8918063  0.63901486 0.50600947 0.74708533 0.93853204
 1.00133767 1.0504675  1.1221984  1.10245692 0.97773554 0.77092498
 0.71138564 0.80892352 1.06209732 1.17391778 1.21855468 1.11998726
 0.83383581 0.58740341 0.52067052 0.72983332 0.96328383 1.04170406
 1.1147687  1.13466466 1.04962772 0.88532659 0.74831398 0.71926826
 0.92944552 1.07950554 1.21435752 1.21485348 1.05431884 0.78363122
 0.5453943  0.59491762 0.79993574 0.92427483 1.01841768 1.11470874
 1.13466226 1.085985   0.90268666 0.73163987 0.69693046 0.83977714
 1.09394672 1.1848853  1.22911934 1.02716523 0.76316973 0.61754348
 0.69048149 0.92243246 1.0400391  1.06506558 1.13255358 1.08968868
 0.96345095 0.73829784 0.66330362 0.8436959  0.99793636 1.16553378
 1.24198914 1.10490788 0.79511163 0.58111957 0.55678026 0.83587065
 1.00143317 1.06415824 1.14436986 1.08793956 1.0320246  0.73886269
 0.70740241 0.76660585 0.97899478 1.16898946 1.23731228 1.10720106
 0.89445351 0.58183802 0.53190015 0.81574685 0.97773828 0.99943699
 1.08961852 1.11893692 1.08901454 0.91602359 0.74018676 0.7376634
 0.88784543 1.06768318 1.20520172 1.24614824 1.03821992 0.76160407
 0.57321565 0.51394404 0.79797782 0.95250401 1.0323064  1.1133989
 1.14649066 1.07933394 0.91096902 0.73631713 0.68292929 0.88898638
 1.1026367  1.17608824 1.19781862 1.0584394  0.81784963 0.54610439
 0.51461415 0.77188403 0.98935569 1.00846415 1.13203208 1.11461964
 1.0476306  0.88814552 0.74864629 0.70756216 0.89945544 1.09277936
 1.18591936 1.21630812 1.04563344 0.80811356 0.51928659 0.55747188
 0.80176515 0.96312861 1.01751971 1.12841438 1.10181062 1.07650392
 0.92721586 0.73032863 0.68909944 0.87116749 1.09505784 1.16342918
 1.21867714 1.01091624 0.79508723 0.57511188 0.63823704 0.84598802
 1.01157976 1.05391282 1.13820044 1.10542842 1.01519258 0.82486278
 0.6875488  0.788355   0.96834212 1.15141818 1.23532468 1.15402276
 0.89617101 0.61223671 0.5470194  0.76267245 0.95898026 1.01992974
 1.08059238 1.09656348 1.08429628 0.93484949 0.77783501 0.69410137
 0.84133502 1.01018209 1.20031714 1.2051405  1.12147086 0.85706657
 0.59867457 0.50710128 0.72098848 0.92787428 1.04089178 1.0872745
 1.1462182  1.08449392 0.93377131 0.80073443 0.69460487 0.86510948
 1.08789084 1.16131896 1.25231976 1.03448208 0.85027513 0.64339289
 0.54154489 0.70000938 0.96943357 1.03257636 1.10821732 1.1254347
 1.0488341  0.90333907 0.73818998 0.742184   0.91135443 1.06303314
 1.20350022 1.2212907  1.01596283 0.70016891 0.53739235 0.65193554
 0.84183799 0.97996114 1.01475918 1.1332865  1.13843398 1.05781712
 0.8672538  0.7218918  0.732392   0.84521182 1.0745905  1.18719072
 1.2110487  1.01270917 0.74721097 0.59694952 0.59170426 0.84298547
 0.98603003 1.06201414 1.1286227  1.09068474 0.98580472 0.81998997
 0.71196054 0.78579726 0.98239814 1.17479412 1.23551198 1.14313958
 0.94297284 0.65999041 0.56545816 0.73292435 0.95161899 1.0196724
 1.0593295  1.12481106 1.0646262  0.99696839 0.80869176 0.71267357
 0.81240323 1.05892086 1.1667623  1.2362181  1.1077357  0.83085985
 0.59977234 0.53742827 0.7451908  0.95100345 1.03670226 1.10645444
 1.12195186 1.04520146 0.90138883 0.7703105  0.72081419 0.89124523
 1.05163494 1.19056912 1.21839748 1.05355702 0.81263401 0.5623863
 0.60707554 0.78848991 0.9444211  0.99332134 1.12641086 1.1392811
 1.08235854 0.90039602 0.72431923 0.69081862 0.83836364 1.0842076
 1.19774074 1.2514774  1.04011198 0.7543889  0.55549995 0.63471155
 0.91528733 1.03810348 1.06055032 1.14254622 1.09682838 0.94170939
 0.73688419 0.67687125 0.83643697 1.01791938 1.16251954 1.25225452
 1.1115974  0.81746543 0.5646417  0.57000725 0.81593519 0.98573585
 1.07134418 1.10922826 1.08031706 1.04339778 0.80088646 0.74532514
 0.78084129 0.94553044 1.1324099  1.24062936 1.1289661  0.87696614
 0.59803311 0.54919718 0.73371898 0.8999713  0.97488225 1.04947526
 1.09004462 1.10413804 1.01624968 0.81981528 0.70772755 0.7660774
 1.0426512  1.16505098 1.21066258 1.11630044 0.85603905 0.64627378
 0.58394705 0.79282655 0.9908966  1.00641505 1.09013142 1.13221218
 1.06384636 0.92248016 0.74127318 0.73403505 0.88626547 1.06608586
 1.15342992 1.18804922 0.99494098 0.69378908 0.56946211 0.66250369
 0.8857186  0.98181967 1.0667577  1.12675918 1.10490154 0.98145912
 0.83637274 0.7138174  0.82666952 0.91772326 1.14066202 1.18459134
 1.1976084  0.97450447 0.65063619 0.50367021 0.59581952 0.89167919
 0.98798544 1.04377586 1.12993222 1.09420392 1.00344036 0.94109597
 0.72156583 0.7581644  0.98001451 1.11244692 1.21200288 1.13876448
 0.96316788 0.77811904 0.5699799  0.6131309  0.89933198 0.99514974
 1.06544658 1.12681862 1.06240348 1.02107859 0.8246044  0.73140855
 0.7946948  0.97479839 1.13739844 1.22946376 1.09901108 0.90319517
 0.63186788 0.60822306 0.77769891 0.93053179 1.01938104 1.07620724
 1.13078442 1.06849816 0.91370601 0.76120108 0.70808306 0.84133259
 1.09082424 1.19659892 1.21630016 1.0513803  0.78422286 0.53173007
 0.56847871 0.82795162 0.99618155 1.04500834 1.13738884 1.11914604
 1.00236797 0.82272355 0.70711143 0.76087238 0.97389847 1.14905946
 1.25450948 1.1771398  0.95180476 0.64214936 0.53060216 0.71305999
 0.90740715 0.96764117 1.06184602 1.11405888 1.10064466 1.02787718
 0.84787765 0.71016166 0.74273852 0.91388152 1.11433896 1.20262152
 1.18649602 0.95329488 0.67435734 0.56615781 0.68287513 0.89212451
 0.99052353 1.066565   1.13948816 1.0708873  1.00207912 0.78761295
 0.71245984 0.80355453 0.99086786 1.1447697  1.22703642 1.0831485
 0.90151793 0.59797692 0.59599756 0.77617875 0.92325152 1.02234978
 1.07533986 1.14038832 1.05637032 0.92861546 0.74923646 0.70599925
 0.83715406 1.08249526 1.21860824 1.22336554 1.03521798 0.79492647
 0.55506084 0.55077571 0.83951204 0.99264516 1.04158326 1.12559212
 1.12381406 1.01599155 0.82162272 0.70915655 0.74800582 0.96508504
 1.13789492 1.24550678 1.19549782 0.96938399 0.65181313 0.55472229
 0.68549268 0.89984947 0.99038862 1.02340184 1.08996592 1.09448302
 0.99151869 0.83572675 0.72556558 0.76796472 0.9348244  1.12957884
 1.22299826 1.15633852 0.93869334 0.67020545 0.52431963 0.63452317
 0.89163807 0.97886392 1.04672482 1.12902982 1.08169344 1.02348128
 0.84045805 0.71651472 0.78504235 0.91912471 1.13376142 1.19668706
 1.1154353  0.95684719 0.63347964 0.58479396 0.72529977 0.8696215
 0.99470845 1.0617208  1.14546374 1.08834224 0.95815025 0.78679956
 0.68641993 0.80023906 1.05413182 1.17143278 1.27200856 1.10273716
 0.83459884 0.5779921  0.57877492 0.85688088 1.01203789 1.00466352
 1.11974278 1.13030464 1.04772196 0.83002413 0.69458803 0.74060512
 0.92435136 1.12533398 1.19619226 1.2041053  0.9235758  0.64122201
 0.56367981 0.70024908 0.94241752 1.0330593  1.06321816 1.11369388
 1.08277284 0.90769556 0.73314948 0.64672759 0.85843454 1.01344308
 1.2129161  1.16206922 1.05195248 0.74265919 0.58240019 0.63735145
 0.86836273 0.9388312  1.01167876 1.10089884 1.14840372 1.0712493
 0.87824754 0.70198675 0.68783609 0.83781113 1.11082152 1.18893628
 1.20413304 1.0201823  0.73717008 0.64657911 0.71814251 0.93732753
 1.01848868 1.0798363  1.12564452 1.10431738 0.93371416 0.70168207
 0.68004302 0.87692556 1.0138688  1.16161468 1.25879752 1.08256432
 0.79199294 0.59129996 0.55910487 0.84406118 1.04909762 1.07389348
 1.1507076  1.09542706 0.9995596  0.80622649 0.70604361 0.80975854
 0.97025735 1.17063862 1.23453122 1.14493948 0.84273986 0.58604367
 0.51887708 0.77388116 0.91394264 1.01616844 1.0733237  1.14283986
 1.09326288 0.93898411 0.73646412 0.71499761 0.8239534  1.07846966
 1.1958216  1.23052094 1.0502437  0.7876873  0.5717769  0.56210765
 0.82302653 0.99092081 1.05194948 1.13265222 1.12574256 1.01666009
 0.81671487 0.71729409 0.76077208 0.96986013 1.15005044 1.2464937
 1.1712597  0.95780127 0.65601523 0.54355943 0.70665929 0.91439763
 0.97106683 1.0675241  1.11523444 1.10952612 1.03511462 0.84477446
 0.70691781 0.73700703 0.92993449 1.13762806 1.21323838 1.1650561
 0.95670491 0.67280608 0.55352679 0.67517091 0.91537297 0.98493408
 1.06686516 1.13800306 1.0787115  1.00623466 0.78924055 0.70612211
 0.80850816 0.99339269 1.13844672 1.2280144  1.08031816 0.89560199
 0.58618862 0.59889174 0.774356   0.93295372 1.01865092 1.06614522
 1.1414303  1.05555842 0.92485154 0.74298291 0.71565739 0.86900223
 1.08758342 1.2081591  1.21113534 1.04389309 0.77894106 0.53080625
 0.58462079 0.81435963 0.99389599 1.02919528 1.13420068 1.1233421
 1.01989952 0.83263455 0.69898591 0.74497656 0.95195607 1.12929512
 1.24101018 1.18105156 0.95563592 0.66114029 0.5377561  0.68324863
 0.91404448 0.99306623 1.02746509 1.090587   1.09566444 1.00917752
 0.84592123 0.71571839 0.78319216 0.93553993 1.1266145  1.20670752
 1.18550348 0.94689057 0.67475532 0.50484389 0.60894794 0.86638872
 1.00235709 1.04416512 1.13344692 1.06376676 0.99759865 0.85186249
 0.72566862 0.81939714 0.93983166 1.0958024  1.1743638  1.11454534
 0.97155406 0.63158774 0.60283697 0.66457125 0.85769929 0.99553311
 1.02665826 1.11503094 1.05878642 0.95599539 0.86330671 0.70657213
 0.80175656 1.04140841 1.15300372 1.21929544 1.06966708 0.85124135
 0.66321572 0.69227472 0.82349155 1.01798304 1.00455245 1.1018279
 1.13540902 1.06979128 0.8912481  0.68667332 0.75571306 0.93869038
 1.06465408 1.15275424 1.1697582  0.94556143 0.62722759 0.61558504
 0.6977703  0.9495144  1.00941946 1.11570738 1.1685168 ]



*************************************************************
MODEL ERRORS (of CLIPPED predictions): 
 
[1.57667398e-02 1.15140744e-01 2.06000984e-01 7.67049119e-02
 4.54284251e-02 2.51346409e-01 1.11536592e-01 5.68787605e-02
 2.85057798e-02 2.17108577e-01 2.10829556e-01 1.18586637e-01
 1.23323344e-01 2.14732438e-01 2.02396028e-02 2.22904002e-03
 1.07016796e-02 8.19585621e-02 2.29258109e-02 6.46054149e-02
 6.88101426e-02 7.71256685e-02 3.07800267e-02 2.02626009e-02
 1.24976004e-03 7.79248625e-02 1.96371004e-02 1.42062921e-02
 1.21761307e-01 6.09167330e-02 2.93073412e-02 4.01027314e-02
 2.14685593e-02 1.84012000e-02 3.78826004e-03 4.14370447e-02
 1.02795484e-02 1.83006399e-03 4.91000079e-02 2.67065596e-02
 4.85551804e-02 8.85595009e-02 6.03639781e-02 2.02622339e-02
 6.37655705e-02 8.68156627e-02 7.73904175e-02 1.79417431e-02
 1.18455634e-01 1.21119004e-02 2.12288797e-02 9.50218588e-02
 1.00074917e-01 2.06792466e-02 5.75940311e-02 2.22518131e-01
 1.20037310e-01 3.73816416e-02 7.09670186e-02 1.61813319e-01
 1.29641905e-01 1.56504169e-01 2.45644804e-03 1.11746594e-01
 3.01161408e-02 6.41839206e-02 2.30570603e-02 7.54876807e-02
 7.36160129e-02 7.26933107e-02 1.29806519e-01 2.46467255e-02
 1.04586773e-01 3.07805799e-02 1.24316197e-02 4.98749986e-02
 1.36421293e-01 7.23465830e-02 4.16789725e-02 1.37383223e-01
 1.59808591e-01 5.99330626e-02 1.46518812e-01 9.74537991e-03
 1.74753040e-01 2.69547939e-01 2.03789726e-01 1.29672706e-01
 3.80702883e-01 3.19397300e-01 2.07403481e-01 4.69002388e-02
 4.07569170e-01 4.87235844e-01 2.84371734e-01 1.82597175e-01
 3.29852045e-01 1.93430353e-02 1.18706428e-01 5.59575818e-02
 9.17545985e-03 9.56535488e-02 1.99602515e-01 6.96199983e-02
 1.13359820e-02 1.72046140e-01 1.67369291e-01 1.05336599e-01
 3.04367393e-02 2.08773583e-01 2.10208118e-01 1.68086156e-01
 1.53708652e-01 1.74667671e-01 1.70163624e-02 3.94720398e-02
 1.23112602e-02 5.38172610e-02 6.51491135e-02 8.42985883e-02
 1.62453074e-02 2.32756790e-03 1.58370882e-01 1.26307517e-01
 1.22638121e-01 7.53542185e-02 1.67969987e-01 1.43344581e-01
 1.25054613e-01 1.69843227e-01 1.52804002e-01 3.76062803e-02
 7.04349875e-02 3.25711407e-02 3.39638405e-02 7.26134982e-03
 1.27126992e-01 9.45245996e-02 6.09171614e-02 1.75333656e-02
 5.36763817e-02 9.68336035e-03 7.52416030e-02 2.08641104e-02
 7.78801739e-02 1.13677964e-01 6.71750382e-02 3.62536386e-02
 7.66554400e-02 1.22264000e-02 3.94282006e-02 9.53017771e-02
 8.26914459e-02 5.23420349e-02 6.55380487e-02 9.84512269e-02
 1.28212437e-01 1.23860538e-01 2.98972009e-03 1.13928579e-01
 1.28425092e-01 1.61759391e-01 7.58372620e-02 1.01638108e-01
 3.03374901e-02 5.80175407e-02 3.76003608e-02 1.90712605e-02
 8.89285952e-02 7.09052980e-02 4.87723090e-02 1.49296045e-01
 3.14808008e-03 1.17532602e-02 7.20358565e-02 1.68710813e-01
 1.74884766e-01 1.01847701e-01 1.86680093e-01 2.41011232e-01
 1.96673218e-02 7.77676180e-02 1.02729321e-01 5.02600009e-03
 8.53980407e-02 2.41314545e-01 1.42697453e-01 5.33652157e-02
 2.47407377e-01 1.77686557e-01 7.82512203e-02 1.27959196e-02
 2.54520833e-01 3.12020034e-01 1.74894899e-01 6.20764457e-02
 2.95587689e-01 2.52507888e-02 1.84227005e-02 1.04923420e-01
 8.20538774e-02 2.48089992e-03 1.42645046e-01 7.33579174e-02
 3.41606513e-02 1.53489023e-01 4.66237403e-02 7.93282036e-03
 1.54084027e-01 2.00923726e-01 1.01614118e-01 3.30420211e-03
 1.60228863e-01 1.57814071e-01 1.36920102e-02 8.53624791e-02
 8.49972963e-02 2.77637206e-02 1.01934940e-01 2.10615873e-01
 1.66583076e-01 8.29184614e-03 3.74382526e-01 2.37146780e-01
 9.96213779e-02 5.93697205e-02 2.95665115e-01 2.56595314e-01
 1.88994974e-01 6.53668791e-02 3.13472301e-01 6.38977215e-02
 2.22155992e-02 3.75307389e-02 1.28949523e-01 7.38351569e-02
 9.48670357e-02 5.96398525e-02 1.84257656e-01 3.19798328e-02
 3.70270796e-02 7.08898827e-02 1.37597606e-01 1.07391194e-01
 1.02007449e-01 1.04249284e-01 1.29401520e-01 2.15051174e-02
 1.37150399e-02 2.33133808e-02 3.83601785e-02 5.42257018e-02
 2.22461242e-02 7.82512724e-02 1.43163661e-02 8.30868855e-02
 9.11877826e-02 6.20961413e-02 3.11027803e-02 1.24668963e-01
 1.21292382e-01 1.33031964e-01 9.11074653e-02 2.12417632e-01
 2.27587707e-02 1.89415906e-02 5.98540194e-02 3.24757993e-02
 3.47434990e-02 7.17262179e-02 3.24027762e-02 4.93893027e-02
 1.62019320e-02 5.41322604e-02 3.95065397e-02 8.31796229e-02
 1.86244603e-02 8.63845274e-02 7.70326704e-02 4.40879213e-03
 1.65007979e-01 4.53152396e-02 6.92359987e-04 5.28880395e-02
 4.17204984e-02 3.10067199e-02 9.07340497e-02 2.57790759e-02
 5.87766096e-02 1.06266059e-01 9.70799178e-02 9.32180583e-02
 1.58900395e-02 1.86328053e-01 2.04287484e-01 1.31451830e-01
 1.40295997e-01 1.28295422e-01 4.20718379e-02 2.08768100e-02
 4.17693406e-02 5.62124401e-02 3.22746411e-02 6.80368841e-02
 4.87072989e-02 1.00258827e-01 3.70856859e-02 2.09642202e-02
 6.25457391e-02 2.18406003e-02 4.65725735e-02 1.64908040e-02
 2.83465181e-02 8.29931349e-02 1.35764200e-02 7.96765685e-02
 3.49861793e-02 7.26567805e-02 9.28851590e-02 1.13885164e-01
 1.22781314e-01 9.14280582e-03 1.36288092e-01 1.39303625e-01
 3.02723795e-02 2.14827806e-02 2.10922897e-01 1.39368564e-01
 9.20683220e-02 1.44131079e-01 1.65921941e-01 3.46727669e-02
 3.62343788e-02 2.15489995e-02 1.01862699e-01 1.81047976e-01
 1.24844275e-01 4.78523001e-02 2.17158839e-01 2.20444754e-01
 9.37369019e-02 9.09082033e-03 2.23184362e-01 2.60453433e-01
 1.99186385e-01 1.32185027e-01 2.05303878e-01 3.41762342e-02
 3.62335518e-02 8.04776177e-02 6.96136011e-03 1.15393205e-02
 1.43716589e-01 6.51678517e-02 5.79100512e-02 1.15963615e-01
 6.69857189e-02 3.26138213e-02 3.07725798e-02 1.21049099e-01
 1.36561587e-01 1.14421770e-01 6.00351915e-02 1.94980785e-01
 2.87945736e-02 2.08513606e-02 2.76407599e-02 4.22265604e-02
 8.45418032e-03 6.87567070e-02 1.34831024e-02 7.29197823e-03
 7.99275711e-02 8.37454796e-02 5.29245399e-02 4.54443805e-02
 1.13500036e-01 1.63050294e-01 1.22909024e-01 1.79244224e-02
 1.39344350e-01 3.19910087e-02 6.99264789e-03 1.93195008e-02
 2.68080607e-02 5.67056388e-02 2.79100593e-02 1.83620676e-02
 9.57099572e-02 1.23202940e-02 1.53850997e-02 5.16870618e-02
 2.87322197e-02 2.27614008e-02 5.28696254e-02 1.50602842e-02
 1.44824415e-01 3.96977775e-02 6.09242618e-02 7.95520004e-03
 5.97562194e-02 7.54873231e-02 4.88461517e-02 4.86268736e-02
 1.35974279e-02 8.97433832e-02 1.45824790e-01 3.65962796e-02
 3.30945998e-02 1.23273432e-01 9.89735276e-02 1.04755431e-01
 2.20442563e-02 1.07805893e-01 4.46324795e-03 5.92251010e-02
 2.52860393e-02 1.89813599e-02 2.60819402e-02 2.62222774e-02
 1.41461417e-02 2.17743423e-02 4.53953147e-02 1.52921397e-02
 5.00599407e-02 1.41119659e-01 3.28585170e-02 6.08492002e-04
 1.37019306e-01 1.13400087e-01 9.19513404e-03 7.85920396e-02
 7.11485595e-02 1.05978001e-03 7.85321221e-02 2.03048825e-01
 1.25473306e-01 1.21778660e-02 3.01480889e-01 2.38729626e-01
 1.15864858e-01 1.34294346e-01 2.01062739e-01 2.73634136e-01
 2.63306081e-01 8.37267712e-02 2.09753275e-01 6.18806370e-02
 6.13076016e-02 2.31624991e-02 6.69792965e-02 4.54473794e-02
 5.25854379e-02 1.13642916e-01 4.77552265e-02 5.11256531e-02
 2.56982800e-02 7.64122000e-03 1.30185401e-02 9.67023000e-02
 9.71202329e-02 4.19940762e-02 9.21102017e-02 1.91683754e-01
 9.74640772e-02 8.21983814e-02 6.30375966e-02 1.17179558e-01
 1.99432820e-01 2.46005043e-01 1.48380538e-02 3.09494436e-01
 3.09211731e-01 1.77963957e-01 1.29829422e-01 2.72598386e-01
 3.75918835e-01 3.55562836e-01 3.62822972e-02 3.38642746e-01
 1.40348941e-01 3.32807004e-02 1.00718357e-01 2.02791002e-02
 8.56185984e-03 1.24028578e-01 7.98480138e-02 5.87233193e-02
 6.97032586e-02 1.43541381e-01 3.79589796e-02 2.19310392e-02
 9.11952406e-02 1.31322563e-01 9.43286791e-02 1.49473222e-02
 1.47748381e-01 4.25100364e-02 2.93572396e-02 9.46323797e-02
 7.60883978e-03 4.45432402e-02 8.98434147e-02 4.02524285e-02
 3.85026634e-02 1.40297562e-01 1.47749379e-01 7.19976798e-02
 6.78982437e-02 1.48263514e-01 1.80081055e-01 1.84623286e-01
 6.24803603e-02 1.32052779e-01 9.25552566e-03 1.97156593e-02
 6.72135428e-02 3.93937994e-03 5.82896397e-02 4.74503897e-02
 5.31971194e-02 1.02031961e-01 2.55350303e-02 4.46580001e-04
 5.73485792e-02 1.98954009e-02 6.45648167e-02 5.79381213e-02
 2.34617805e-03 1.22465342e-01 3.82863395e-02 5.79807609e-02
 3.41182388e-02 8.95770565e-02 7.91580603e-02 1.33014873e-01
 1.32204279e-01 1.98238157e-02 1.34188846e-01 1.36922210e-01
 1.32904397e-02 1.18910205e-02 1.65644974e-01 1.33460730e-01
 8.51540416e-02 9.33678821e-02 1.84454054e-01 7.41627663e-02
 1.96452197e-02 4.82524782e-02 1.08974516e-01 1.80627257e-01
 1.32641301e-01 2.89054997e-02 2.57476628e-01 2.08923906e-01
 8.71996433e-02 6.48477999e-03 2.15413496e-01 2.44726032e-01
 1.88427091e-01 1.37260020e-01 2.18766123e-01 3.97260785e-02
 2.85738260e-02 9.26126987e-02 2.16793995e-02 4.15182188e-02
 1.63936645e-01 5.97006977e-02 1.98203120e-02 1.63673565e-01
 1.03421278e-01 7.13521168e-02 4.33569215e-02 1.75165653e-01
 1.85818806e-01 1.38331011e-01 1.04181565e-01 2.25808576e-01
 9.60300025e-03 2.69193593e-02 2.96122003e-02 2.25776602e-02
 3.81524786e-02 4.89325151e-02 3.89580429e-02 6.24260232e-02
 2.49009603e-03 6.23429604e-02 1.22177997e-03 5.95904216e-02
 5.90547808e-02 8.50446373e-02 6.31375164e-02 1.93989389e-02
 1.39602885e-01 7.57933706e-02 7.83228036e-03 3.84183601e-02
 4.93939593e-02 2.97251996e-02 8.24432597e-02 1.09398142e-02
 2.50778217e-02 1.39294088e-01 7.73815811e-02 8.19222033e-02
 3.94468606e-02 8.59622434e-02 1.30145758e-01 1.83506250e-01
 7.17044771e-02 2.37955209e-02 8.63861814e-02 6.88770115e-02
 8.88151955e-03 4.93063182e-02 1.71474844e-01 1.37240320e-01
 4.15916517e-02 2.47940734e-01 1.58552200e-01 7.09016770e-02
 8.70592371e-02 1.42954826e-01 2.77631670e-01 2.18959883e-01
 2.20182575e-02 2.94445217e-01 1.05584219e-01 3.57304001e-03
 8.85300636e-02 9.96430367e-02 1.14543000e-02 1.85529977e-01
 8.72517191e-03 8.44170302e-02 7.79729635e-02 4.14519608e-02
 2.63151806e-02 1.82048246e-01 1.41613990e-01 1.50305241e-01
 3.58679071e-02 2.87149161e-01 6.93389699e-02 2.37387998e-04
 1.01999193e-01 3.06437798e-02 6.53056009e-03 1.67695418e-01
 1.22875139e-01 9.01768636e-03 1.92141011e-01 1.53020084e-01
 6.35938197e-02 3.80274002e-03 2.59746194e-01 2.54246026e-01
 1.19850211e-01 4.85421717e-02 2.63682634e-01 4.07386608e-02
 6.01597615e-02 1.47519603e-01 6.92345994e-03 4.61010598e-02
 2.32906088e-01 1.76750779e-01 4.94640842e-02 2.71001160e-01
 3.06721658e-01 9.83388424e-02 3.00344191e-02 1.91857293e-01
 2.97320276e-01 2.70316482e-01 6.98058531e-02 2.71333635e-01
 1.42846227e-01 3.01201455e-02 1.08540483e-01 4.88836616e-02
 3.26952003e-02 1.02362037e-01 5.53035811e-02 1.66273843e-02
 8.68742540e-02 4.16982584e-02 6.90203998e-03 8.01259801e-02
 1.44737467e-01 4.19532619e-02 4.68070358e-02 1.29573613e-01
 5.66752888e-02 1.23398881e-02 7.44748116e-02 6.26886785e-02
 3.26645784e-02 6.83640763e-02 1.33276537e-01 7.91398808e-02
 2.01270189e-02 2.33649090e-01 1.43020257e-01 2.51069795e-02
 3.28889415e-02 2.32019559e-01 1.71317980e-01 1.34323373e-01
 1.32174626e-01 2.07842857e-01 3.10732294e-02 1.38876196e-02
 6.13559410e-02 5.31788804e-02 1.94232003e-03 9.16616842e-02
 1.26046278e-02 5.00903055e-02 3.52011435e-02 7.78567977e-03
 1.09878201e-02 1.38157040e-01 1.04246989e-01 7.48288408e-02
 8.61057043e-02 2.09063843e-01 3.56480889e-02 4.66889217e-02
 1.04143873e-01 4.57282215e-02 3.68075185e-02 1.96409613e-01
 1.15291826e-01 3.25900875e-02 2.14993328e-01 1.79290324e-01
 1.04100741e-01 2.42905002e-02 1.44655347e-01 2.30055839e-01
 1.86168879e-01 4.53104451e-02 2.13788375e-01 5.35429306e-02
 1.15746800e-02 7.62068033e-02 1.50482003e-02 6.35102019e-03
 8.31582844e-02 1.74528975e-02 1.36475163e-02 7.95539990e-02
 6.76502436e-02 2.48681400e-02 4.04568389e-02 2.00078711e-01
 4.16912474e-02 5.17415963e-02 1.21611871e-01 1.86768696e-02
 1.04102138e-02 9.41714495e-02 8.52413177e-02 1.43136000e-02
 1.06156901e-01 2.18833834e-01 1.17024675e-01 6.04680069e-02
 3.28823000e-01 2.00541586e-01 1.05062820e-01 8.10009986e-02
 2.23780975e-01 3.50798607e-01 2.65286803e-01 6.47435263e-02
 2.67606229e-01 5.77045679e-02 6.59478232e-02 4.54570018e-02
 6.26995191e-02 4.40458208e-02 5.24974009e-03 7.12539181e-02
 5.27681187e-02 1.18942432e-01 6.81338981e-02 1.29524805e-02
 3.25375013e-02 6.01519905e-02 5.17225415e-02 1.04668379e-01
 5.80464415e-02 1.41769052e-01 4.29888666e-02 1.15163596e-02
 2.28736997e-02 6.41162395e-02 5.12990206e-02 1.03893839e-01
 2.87034698e-02 1.20928206e-01 1.49968162e-01 7.09309801e-02
 7.25145191e-02 1.06293380e-01 2.33750328e-01 1.90765411e-01
 5.57415076e-02 1.62383482e-01 1.73513256e-02 6.82235882e-02
 7.34283030e-02 6.52864017e-03 9.69407037e-02 5.20648994e-02
 6.43407926e-02 1.03883266e-01 7.03915581e-02 1.13766603e-02
 1.77940000e-02 1.72840003e-02 4.50369008e-02 3.28787938e-02
 3.78805622e-02 3.26034762e-02 5.45696095e-02 9.53776464e-02
 1.19220400e-02 5.86109608e-02 2.81586591e-02 9.27773416e-02
 1.23619959e-01 1.16937518e-01 1.13312557e-01 1.92971274e-01
 1.36060864e-01 9.55106765e-02 9.06334817e-02 2.46505857e-01
 2.63294458e-01 9.82920751e-02 2.17004284e-01 2.14461088e-01
 2.74056103e-02 1.31571352e-01 1.55611597e-02 4.65225987e-02
 1.48901135e-01 1.54765144e-01 2.61627901e-02 1.38297170e-01
 2.59168357e-01 1.38313204e-01 1.06452361e-01 1.40689999e-01
 2.70563990e-01 2.40578562e-01 9.89388674e-02 2.03324586e-01
 6.53084442e-02 9.46651101e-02 5.34023792e-02 1.52503196e-02
 5.36763184e-02 4.63121124e-02 3.15806121e-02 3.62741537e-02
 1.32394478e-01 3.48012010e-03 5.35493996e-03 3.55447195e-02
 8.06725994e-02 7.14537352e-02 8.14606994e-02 8.57731178e-02
 7.35581592e-02 3.36946510e-02 4.49624807e-02 1.30719403e-02
 4.15305384e-02 3.86040807e-02 6.82822317e-02 5.77088594e-02
 8.11402965e-03 4.12733033e-02 3.38012986e-02 3.12292408e-02
 1.31023005e-01 5.67746982e-02 3.26743387e-02 1.14076503e-01
 9.97156054e-02 5.38999327e-02 1.76273864e-02 4.10969593e-02
 5.14329784e-02 2.78652608e-02 9.93988216e-02 3.74877565e-02
 5.15189022e-03 1.52226701e-01 1.66200235e-01 5.15102819e-02
 3.62710804e-02 1.45447463e-01 1.85613945e-01 1.15136229e-01
 4.44676429e-02 2.40192577e-01 7.01048374e-02 3.59726511e-02
 5.09721190e-02 4.19706218e-02 1.62725598e-02 4.28023078e-02
 6.97313016e-03 2.63839569e-02 2.55013425e-02 3.54994386e-02
 6.45996779e-02 1.20688677e-01 1.10069521e-01 7.76558369e-02
 5.87305427e-02 2.02906474e-01 4.43311371e-02 1.23563805e-03
 1.22901447e-01 1.12401797e-02 2.16178596e-02 1.69083878e-01
 1.48429856e-01 5.37162125e-02 1.86688557e-01 2.09818959e-01
 1.16397120e-01 2.63137408e-02 2.11886000e-02 2.15023831e-01
 2.34557241e-01 1.38869956e-01 1.12454653e-01 1.44672409e-01
 3.22445631e-02 1.87122598e-02 6.19872008e-03 2.59428807e-02
 2.30934005e-03 7.24210888e-02 3.27998810e-02 1.49783101e-02
 6.44789822e-03 5.39250784e-02 6.05017208e-02 1.22034021e-01
 2.88436022e-02 1.47569016e-01 1.35357484e-01 1.95457265e-02
 5.37344106e-02 3.86795625e-02 5.84631786e-02 1.46096796e-02
 7.08419234e-02 9.72543061e-02 3.50427814e-02 2.88158171e-02
 1.83826327e-01 1.03338629e-01 2.64706407e-02 5.81318587e-02
 1.61074817e-01 1.42798126e-01 1.35107592e-01 6.32994547e-02
 2.26870984e-01 1.26557564e-02 2.60640606e-02 3.46046388e-02
 4.54194807e-02 2.24852599e-02 4.48565595e-02 1.82826519e-02
 3.29576200e-03 2.77103502e-02 1.66084599e-02 2.19146796e-02
 9.04055387e-02 4.02859002e-02 2.19594464e-02 2.57342495e-02
 9.84311551e-02 2.66416073e-02 1.32555543e-02 9.57709327e-02
 1.43708400e-02 3.92665993e-03 1.41270027e-01 1.42453298e-01
 5.19552380e-02 1.18581399e-01 2.36500174e-01 1.04860559e-01
 8.55665803e-02 6.05822988e-02 2.18459636e-01 2.15618089e-01
 8.22329074e-02 2.37978280e-01 1.30899370e-01 5.23463264e-02
 5.20279184e-02 1.37149198e-02 1.09100398e-02 2.27598008e-03
 3.36839631e-02 4.15458018e-03 1.89798903e-02 4.22575697e-02
 4.26112413e-02 6.65084794e-02 1.02284178e-01 2.05519181e-02
 1.94240641e-02 1.26626641e-01 1.06386617e-01 3.78660299e-02
 3.61612290e-02 9.35949236e-02 3.55660013e-04 7.07191005e-02
 1.57015279e-01 1.20889515e-01 6.49849977e-03 2.17910290e-01
 2.07848832e-01 7.72396997e-02 8.79598185e-02 1.40582904e-01
 2.14325279e-01 2.48173460e-01 3.33017334e-02 2.45935544e-01
 7.55337328e-02 4.56274189e-02 4.55935998e-03 5.38731813e-02
 6.43688021e-03 2.58367117e-02 4.45906669e-02 6.47494271e-02
 5.72965667e-02 4.12045382e-02 3.47874388e-02 4.88282591e-02
 5.01267985e-03 4.56372872e-02 3.45129557e-02 2.23342609e-03
 8.49977434e-02 3.63720432e-02 1.61655601e-02 4.02509794e-02
 6.53110594e-02 1.66200418e-02 4.31684889e-02 8.12178757e-03
 6.67287931e-02 9.84974578e-02 7.02484772e-02 6.32319227e-02
 1.80435199e-02 1.40080750e-01 1.06129073e-01 1.32202223e-01
 7.60599375e-02 6.91707656e-02 6.09243177e-02 4.29898612e-02
 4.73402813e-02 7.23084807e-02 8.54270086e-02 1.74954720e-02
 7.36650378e-02 1.67143166e-01 1.35992402e-02 1.48427403e-02
 7.62452632e-02 7.89371803e-02 6.12418689e-02 9.86976326e-02
 3.42553295e-02 7.26553984e-03 8.15451071e-02 1.05147779e-01
 6.41598776e-02 5.67250811e-02 1.04122430e-01 1.99536249e-01
 2.21044689e-01 7.59459380e-03 2.30766445e-01 2.29992688e-01
 8.50563794e-02 4.03383980e-03 2.16835842e-01 3.02280873e-01
 1.49565905e-01 1.46557406e-01 2.92318314e-01 1.58128589e-01
 1.22912847e-01 6.31650984e-02 1.41313940e-01 2.14695334e-01
 2.70025998e-01 1.45147815e-02 2.97818393e-01 3.65274429e-01
 2.16962576e-01 9.04838219e-02 3.35494041e-01 4.69895005e-01
 3.98809940e-01 5.22263870e-02 3.73923540e-01 1.00820877e-01
 5.57658821e-03 1.36937886e-01 1.20613202e-02 1.29359402e-02
 1.88384786e-01 1.26380965e-01 8.13262612e-02 1.32580414e-01
 1.87843338e-01 4.84347194e-02 6.54096380e-02 1.59393907e-01
 1.59712926e-01 9.97299254e-02 1.36130098e-02 2.17919543e-01
 1.00336976e-01 5.51320007e-03 1.11277737e-01 6.52496815e-02
 1.17107637e-01 1.58279106e-01 2.66091824e-02 2.13057354e-01
 2.42298260e-01 2.03771725e-01 9.55063030e-02 5.54397218e-02
 2.78887928e-01 2.30701685e-01 1.23581991e-01 2.02566087e-01
 1.12541452e-01 5.19547006e-03 1.03370741e-01 2.54875608e-02
 1.44748006e-03 8.58773664e-02 1.10359333e-01 6.09745272e-02
 2.01456193e-02 1.86386168e-01 4.80186790e-02 3.05539202e-02
 1.41105400e-02 1.35149404e-01 9.54639241e-02 1.64106488e-01
 2.81955022e-02 8.21332708e-02 5.38711995e-03 4.26779017e-02
 5.15691983e-03 9.64279771e-02 6.17566817e-02 1.09628541e-02
 9.12425667e-02 1.04785070e-01 1.50967106e-01 1.09991319e-01
 6.52188016e-03 1.42116472e-01 1.57371685e-01 1.55880094e-01
 6.48710504e-02 1.05903111e-01 9.25543830e-02 7.19985813e-02
 9.17010009e-03 3.86431403e-02 1.24688700e-01 5.97862266e-02
 1.25358801e-03 2.02752858e-01 1.10219650e-01 6.49952218e-02
 6.73508197e-02 1.12660423e-01 2.13370532e-01 1.91194072e-01
 3.56392972e-02 2.29180992e-01 4.40996001e-03 3.28298584e-02
 3.00522000e-02 3.59123386e-02 4.66093794e-02 1.35550182e-02
 3.30552994e-03 1.58903357e-02 5.06184362e-02 3.27050388e-02
 2.09842008e-02 7.31935576e-02 3.18510011e-02 3.05829681e-02
 6.73622936e-02 8.28751400e-02 4.13187146e-02 4.67970222e-03
 9.63938683e-02 3.52251995e-03 7.01936008e-03 1.17285408e-01
 1.29528090e-01 3.45606357e-02 1.11904725e-01 2.00380817e-01
 8.59846398e-02 6.45447001e-02 8.68408978e-02 1.90134421e-01
 1.71938598e-01 3.72897126e-02 2.36976072e-01 1.08990833e-01
 4.36368734e-02 7.48485774e-02 1.44821601e-02 2.07412010e-03
 1.84585806e-02 5.51191047e-02 1.72284078e-02 1.01689999e-04
 2.15123817e-02 3.84460000e-04 4.18261215e-02 1.46745607e-01
 7.42141902e-02 2.43462473e-02 9.33815092e-02 1.64237529e-01
 1.93521194e-02 2.42954176e-02 1.22315519e-01 8.02086014e-03
 6.13544993e-02 1.72170341e-01 1.70181140e-01 3.98039371e-02
 2.16716051e-01 2.85061747e-01 1.11534022e-01 1.00005500e-01
 1.07174240e-01 2.71239221e-01 3.13057899e-01 9.02740732e-02
 2.43881777e-01 1.57612965e-01 3.62589806e-02 1.85859799e-02
 4.03806008e-02 5.15894815e-02 1.87548473e-02 2.28130985e-02
 1.16431698e-01 2.26867795e-02 1.31495800e-02 5.42135984e-02
 4.36703600e-02 2.68438086e-02 2.06125304e-02 4.13055830e-02
 4.73269522e-02 8.07536542e-02 6.20815083e-02 1.90535206e-02
 4.91096191e-02 7.66410008e-02 8.09787512e-02 1.01536989e-01
 1.01749497e-02 1.42265454e-01 1.67684436e-01 8.44680816e-02
 5.59239201e-02 1.21160261e-01 2.10866049e-01 1.60889864e-01
 3.60013694e-02 2.02877507e-01 7.89145455e-02 2.27888301e-02
 1.13201208e-01 1.76366009e-02 1.55212600e-02 1.03978902e-01
 1.07381515e-01 4.81928475e-02 5.75776845e-02 1.68579772e-01
 8.41353983e-02 8.43711793e-02 9.65910777e-02 1.84701785e-01
 1.56213492e-01 2.27236226e-02 2.54486442e-01 1.30253032e-01
 3.44936103e-02 9.13114771e-02 2.33911201e-02 4.40605395e-02
 7.80980214e-02 1.09994344e-01 5.01212105e-02 8.31989758e-03
 1.57194450e-01 1.15703098e-01 1.18316300e-01 1.01023400e-02
 1.98870510e-01 1.07910447e-01 1.33213714e-01 1.83186501e-01
 1.35556832e-01 3.45897935e-02 1.00494541e-01 6.36060024e-04
 5.95143810e-02 1.24794962e-02 1.12956047e-01 3.88324112e-02
 1.28936544e-02 3.36237922e-02 4.41703796e-02 5.77471592e-02
 6.90900236e-02 4.28699218e-02 1.08118698e-01 2.32724071e-01
 9.50624608e-03 1.71516407e-02 3.39815952e-02 1.77705996e-02
 2.04979200e-02 2.59626191e-02 5.32634705e-02 6.15176558e-02
 6.09670170e-02 1.26188383e-01 2.30263192e-02 6.30966574e-02
 1.29068404e-01 1.81523666e-01 1.58731014e-01 8.86803418e-02
 2.47446880e-01 1.26854330e-01 2.57064309e-02 1.69401407e-01
 5.94892018e-02]

*************************************************************

