THIS FILE CONTAINS  cv_cross_val_predict() predictions FOR THIS CURRENT CONFIGURATION.
		 It can be used to verificate obtained results.





---------------------------------------------------------------------------------------------------------
FINAL y_pred (clipped).  FINAL PREDICTIONS USED TO CALCULATE SCORE METRICS
			 (mean over several cross_val_predict() executions)
---------------------------------------------------------------------------------------------------------
[16.8133184 14.7809622 16.3302204 16.6514528 17.0491974 13.4015076
 13.9592669 14.49741   12.9695798 15.3039404 14.866811  17.1852082
 15.0378926 15.2857064 25.3074006 20.3471302 20.9989138 21.154659
 26.9145314 29.1004102 23.3479952 26.0045164 25.3057142 24.850249
 21.0488874 10.4389979 11.447734  11.7222953 10.2353002 25.9334478
 22.8973318 24.7149862 21.4557596 18.123314  17.6006442 17.7052196
 18.115739  13.7670266 13.28758   13.9786344 14.455991  12.4111502
 12.9523173 11.7659754 18.6872286 20.1200586 17.52198   18.8300042
 26.68667   26.108762  26.2349132 27.69753   31.5658914 31.314957
 27.8641768 23.2860944 24.4934664 24.6813394 26.1876002 19.6674522
 24.2869222 13.6311677 12.6456732 13.8445776 13.9493316 15.1470228
 12.7198314 13.1743576 13.1659298 12.3304096 22.8028212 14.3373294
 15.1092496 13.5767436 14.0968584 20.8185452 23.5436996 19.8809344
 25.9524888 23.4133888 24.4966062 22.058733  25.8459448 26.5269232
 12.8538238 14.6421227 14.1599652 14.1942278 14.2601008 12.4266656
 13.0450358 13.2900507 13.4705168 13.0391014 12.5702196 13.7938134
 17.6720116 15.8987704 18.6507004 17.906024  18.8419008 28.333027
 12.7242222 12.5814762 12.8370084 13.2578047 18.863886  26.5618182
 20.853536  23.9847006 25.422199  22.7674096 22.329352  24.644899
 13.7679748 13.463121  29.7062308 25.6077792 23.5754876 20.2956882
 14.962023  21.1228718 19.2944736 13.8691329 19.0280374 19.2077128
 17.5136242 30.3765224 23.92421   32.052425  22.8992288 16.8295962
 15.6565608 17.003474  14.6244988 13.6108942 14.024463  13.6424709
 13.569919  24.9930938 28.6572508 25.3746118 32.846586  30.91936
 27.9684076 27.231088  25.6937778 21.7662848 23.0840314 27.3587676
 19.422939  17.9459484 17.8903604 18.9190604 14.5861499 14.5704373
 13.9363474 14.4504038 13.8301769 15.98774   15.3722968 15.8858881
 19.0949544 16.5101738 17.2292338 27.2046666 23.1084226 19.6808984
 22.3464106 21.9153748 27.4942956 23.2062886 21.8225336 28.5874056
 19.0736506 22.9432008 21.6667914 21.806657  21.3220968 32.2823146
 24.8626306 27.198628  25.4917138 27.6459704 27.1414342 15.3219406
 15.107012  16.4633738 15.1264014 19.9037726 19.2220614 20.6737566
 19.5246632 28.6066698 27.8633942 29.9455164 33.777903  17.8104952
 18.001357  18.052386  18.6269968 31.4604956 30.3073754 28.4588326
 27.362173  20.27851   15.7077564 20.8509412 21.8903684 16.9127712
 14.3464171 15.9299093 16.3075084 15.9371948 32.224912  30.3532236
 34.8405106 28.3672012 31.1413058 16.4819826 17.6209074 16.0349858
 16.47835   19.0515322 19.3416204 18.808284  17.82714   16.4309528
 16.307554  15.7203374 15.4194483 30.5968698 24.5769846 30.2045742
 24.4485342 30.9373348 29.1322276 31.4421346 28.8826502 24.1820286
 24.9801864 22.0008016 37.4678702 34.3896072 38.0599744 32.7533898
 33.8928358 18.695951  17.5761824 17.6528584 19.0464056 20.3653742
 22.8320472 26.176101  19.6336684 20.6690154 20.1894522 22.0348224
 18.3415116 19.9522506 18.0598056 17.5723056 18.9700724 16.6352066
 31.680265  25.8823336 27.1979812 31.7457788 26.5536742 24.0547624
 23.7871708 26.2882444 23.4678484 20.710238  21.8642538 17.8024294
 32.6495428 31.9140582 20.9328362 22.9546284 25.027803  21.2650714
 20.0296716 18.7242398 18.6961016 18.3416884 18.222005  16.4637144
 18.264956  18.608238  17.7940836 35.3524102 33.7584216 34.5348442
 28.4042728 23.9015542 17.443131  30.3531882 25.4190476 33.6132934
 33.0413152 36.3133662 32.968337  26.3657802 25.4380976 24.9370712
 28.507005  33.0954356 37.5770014 34.4418624 34.8897148 26.3398128
 24.4923828 23.682702  21.9896934 33.3194674 28.8015384 31.0783326
 29.5033518 33.3399284 35.1258934 25.6961774 36.4994512 41.0882376
 40.557046  31.2791266 29.7268994 34.5360408 35.1583194 37.308163
 22.4235364 32.3434578 29.1477846 33.0127162 29.5769138 27.9701582
 28.5556132 26.774023  32.0122162 38.2872384 36.5067896 38.3449886
 35.9443836 39.0466516 36.3150874 35.6918352 34.7283802 35.6982932
 33.4952836 35.492042  35.2034506 32.9437662 30.296795  33.5412936
 28.7220714 30.9563822 29.1045714 28.1579922 20.296391  21.6221287
 25.1215556 23.745125  28.8944778 28.3680912 29.52435   29.4189506
 29.8960472 26.5261762 26.5566694 36.7334522 37.6188186 37.6724004
 35.6989384 34.3861658 34.9636714 35.510628  35.535633  37.3057106
 37.583415  35.6454302 22.64274   21.3438772 29.5534536 24.746241
 32.6317564 31.6792098 25.2463604 27.1354982 46.6394294 33.5755374
 29.5836528 28.0579832]



*************************************************************
MODEL ERRORS (of CLIPPED predictions): 
 
[1.18668163e+00 2.19037801e-01 1.66977966e+00 6.51452780e-01
 4.91974019e-02 1.59849238e+00 4.07330990e-02 4.97409999e-01
 1.03042018e+00 3.03940386e-01 1.33188993e-01 3.18520808e+00
 3.78925987e-02 1.28570640e+00 1.30740058e+00 1.65286982e+00
 2.99891376e+00 1.54659003e-01 8.54685977e-02 3.10041022e+00
 1.65200484e+00 2.00451636e+00 3.05714190e-01 1.14975095e+00
 4.88874018e-02 4.38997895e-01 1.44773400e+00 7.22295284e-01
 1.23530018e+00 1.06655216e+00 5.10266829e+00 2.85013795e-01
 2.45575953e+00 2.12331390e+00 6.00644171e-01 1.29478037e+00
 1.15739003e-01 2.32973397e-01 7.12419987e-01 2.13655997e-02
 4.55991000e-01 4.11150187e-01 4.76826988e-02 1.23402464e+00
 6.87228620e-01 1.87994134e+00 1.47801995e+00 8.30004215e-01
 3.68667006e+00 1.89123797e+00 3.76508689e+00 2.30246997e+00
 5.65891385e-01 3.68504310e+00 8.64176810e-01 2.71390557e+00
 4.93466407e-01 3.18660587e-01 3.18760014e+00 3.32547814e-01
 3.28692222e+00 6.31167710e-01 1.35432684e+00 1.15542245e+00
 5.06683998e-02 1.85297716e+00 1.71983135e+00 1.74357593e-01
 1.16592979e+00 6.69590414e-01 3.80282116e+00 6.62670612e-01
 2.10924959e+00 5.76743603e-01 9.68583971e-02 2.81854510e+00
 1.54369962e+00 1.11906564e+00 4.75112014e-02 1.41338885e+00
 3.50339389e+00 9.41267014e-01 2.15405512e+00 4.73076791e-01
 1.46176204e-01 6.42122686e-01 1.15996516e+00 1.94227800e-01
 7.39899218e-01 4.26665604e-01 4.50358018e-02 2.90050685e-01
 5.29483199e-01 3.91013995e-02 5.70219576e-01 7.93813407e-01
 3.27988386e-01 1.01229601e-01 6.50700390e-01 9.39759985e-02
 4.15809917e+00 2.33302689e+00 1.72422218e+00 5.81476212e-01
 1.62991598e-01 1.25780475e+00 8.63885999e-01 6.56181812e+00
 1.46464005e-01 1.98470056e+00 7.42219877e+00 3.76740956e+00
 1.32935202e+00 1.35510099e+00 1.23202515e+00 2.53687906e+00
 7.06230819e-01 1.60777915e+00 3.57548761e+00 1.29568815e+00
 3.79769988e-02 2.87712812e+00 7.05526412e-01 2.86913300e+00
 9.71962571e-01 2.07712799e-01 2.51362419e+00 6.23477578e-01
 2.07578993e+00 5.24250008e-02 2.10077119e+00 8.29596221e-01
 3.43439192e-01 9.96526003e-01 1.37550116e+00 6.10894203e-01
 2.44629998e-02 3.57529104e-01 4.30081010e-01 4.00690603e+00
 2.65725088e+00 6.25388205e-01 1.84658599e+00 1.08063996e+00
 3.15923989e-02 3.23108792e+00 3.06222200e-01 2.23371530e+00
 2.91596866e+00 3.64123249e+00 4.22939003e-01 5.40516004e-02
 2.89036036e+00 3.91906047e+00 1.41385007e+00 4.29562688e-01
 2.06365252e+00 4.50403810e-01 3.16982317e+00 1.22600002e-02
 3.72296810e-01 2.11411190e+00 1.90504563e+00 3.48982620e+00
 4.22923374e+00 1.79533339e+00 1.08422600e-01 3.19101602e-01
 6.53589427e-01 2.08462524e+00 2.49429560e+00 7.93711424e-01
 3.82253361e+00 4.12594408e-01 7.36505985e-02 5.67991994e-02
 1.33320856e+00 1.93342999e-01 3.67790318e+00 7.17685401e-01
 3.13736939e+00 2.19862795e+00 4.91713792e-01 1.64597034e+00
 1.41434193e-01 2.17805934e+00 8.92988026e-01 9.63373780e-01
 6.26401424e-01 2.09622741e+00 2.77793860e+00 3.32624340e+00
 2.97533679e+00 3.93330187e-01 3.36339426e+00 9.45516407e-01
 7.77903020e-01 2.18950486e+00 1.35699997e-03 4.47614014e-01
 1.12699676e+00 1.96049559e+00 1.69262457e+00 4.58832592e-01
 8.62173021e-01 2.78510004e-01 2.70775628e+00 1.85094118e+00
 2.89036846e+00 4.12771195e-01 2.15358281e+00 2.92990923e+00
 3.30750847e+00 2.93719482e+00 7.24911988e-01 3.53223592e-01
 1.15948939e+00 2.86720109e+00 2.35869431e+00 1.01801741e+00
 6.20907426e-01 5.34985781e-01 1.47835004e+00 1.55153215e+00
 1.15837955e+00 1.91716000e-01 6.72860026e-01 4.30952787e-01
 8.07554007e-01 2.20337406e-01 5.80551684e-01 1.59686983e+00
 7.69845992e-02 4.20457411e+00 1.05146575e+00 4.37334806e-01
 4.36777258e+00 1.44213462e+00 1.61734974e+00 2.18202853e+00
 3.48018646e+00 5.00801623e-01 5.63212967e+00 1.71039283e+00
 5.25997448e+00 6.64661026e+00 2.20716429e+00 1.20404899e+00
 1.82381761e+00 2.54714155e+00 1.53594404e-01 1.34625807e-01
 2.63204718e+00 1.07610095e+00 8.66331577e-01 1.26901543e+00
 4.10547793e-01 1.23482239e+00 2.58488387e-01 1.85225058e+00
 1.14019442e+00 1.27694398e-01 8.70072424e-01 8.64793420e-01
 1.68026495e+00 1.61766636e+00 2.01880001e-03 8.45778823e-01
 5.45367432e+00 8.54762375e-01 1.28292004e-02 2.38824439e+00
 3.16784835e+00 3.71023798e+00 2.64253795e-01 1.60242939e+00
 1.14954281e+00 2.41405821e+00 5.67163825e-01 3.15462852e+00
 2.72780299e+00 1.06507134e+00 5.70328414e-01 1.72423983e+00
 1.09610164e+00 1.84168839e+00 2.20049992e-02 4.36285585e-01
 2.76495600e+00 5.91762006e-01 7.05916405e-01 3.45241022e+00
 3.41578394e-01 1.16515577e+00 1.00427282e+00 1.49844575e+00
 5.55686903e+00 3.15318823e+00 1.51904762e+00 5.86706579e-01
 1.45868480e+00 4.51336622e+00 4.33166313e+00 2.03421974e+00
 3.36190248e+00 1.86292875e+00 4.99299479e+00 8.40456486e+00
 5.22998571e-01 2.34186244e+00 2.31028509e+00 1.66018724e+00
 1.90761721e+00 6.17298007e-01 2.88969350e+00 9.80532587e-01
 9.98461604e-01 2.21667394e-01 7.49664831e+00 1.13992834e+00
 1.14741068e+01 2.20382261e+00 4.30054903e+00 3.21176243e+00
 2.84295392e+00 5.12087345e+00 2.73100615e-01 1.00639591e+01
 1.35831940e+00 7.50816298e+00 1.02764635e+01 8.64345741e+00
 5.85221529e+00 6.12716198e-01 2.37691379e+00 1.37015820e+00
 2.75561309e+00 3.27402306e+00 2.01221609e+00 8.12761605e-01
 2.49321032e+00 3.24498868e+00 3.64438367e+00 2.04665160e+00
 1.38491261e+00 1.59183514e+00 2.83802003e-02 1.29829323e+00
 3.59528351e+00 2.49204206e+00 1.50345063e+00 5.43766201e-01
 2.60320497e+00 1.94129360e+00 6.22071385e-01 2.56382197e-01
 3.70457149e+00 3.95799232e+00 2.10360909e+00 4.97787142e+00
 4.92155552e+00 6.14512491e+00 8.94477785e-01 1.36809123e+00
 4.47564983e+00 1.58104944e+00 8.96047175e-01 4.73823786e-01
 2.55666947e+00 7.33452201e-01 6.18818581e-01 6.67240047e+00
 2.30106163e+00 1.61383414e+00 1.03632855e+00 4.89371985e-01
 1.53563297e+00 6.94289386e-01 5.58341503e+00 2.35456991e+00
 2.35725999e+00 1.66561222e+01 3.55345368e+00 2.74624109e+00
 6.31756425e-01 4.32079029e+00 1.75363958e+00 1.35498196e-01
 2.63942933e+00 1.57553744e+00 1.58365285e+00 2.94201684e+00]

*************************************************************

