THIS FILE CONTAINS  cv_cross_val_predict() predictions FOR THIS CURRENT CONFIGURATION.
		 It can be used to verificate obtained results.





---------------------------------------------------------------------------------------------------------
FINAL y_pred (clipped).  FINAL PREDICTIONS USED TO CALCULATE SCORE METRICS
			 (mean over several cross_val_predict() executions)
---------------------------------------------------------------------------------------------------------
[-0.67878758 -0.57977019 -0.70893654 -0.67470083 -0.71349886 -0.62337879
 -0.66645808 -0.87416395 -0.78301662 -0.76046429 -0.67606368 -0.54214145
 -0.62053779 -0.64394226 -0.68796639 -0.68841675 -0.71476376 -0.56112729
 -0.61728604 -0.66355685 -0.62638742 -0.75979309 -0.83908749 -0.82186972
 -0.7870545  -0.72615445 -0.66755761 -0.7937182  -0.67972402 -0.71001296
 -0.68551841 -0.56755018 -0.62349249 -0.65634401 -0.75975775 -0.80632217
 -0.70774952 -0.66901322 -0.75237072 -0.71580988 -0.98566848 -0.78558623
 -0.61035021 -0.80372023 -0.75580298 -0.65687383 -0.71052743 -0.77662928
 -0.691293   -0.61520635 -0.80889258 -0.74129684 -0.65396271 -0.64537617
 -0.7955432  -0.68358724 -0.90314294 -0.7189705  -0.72666359 -0.68368482
 -0.81739209 -0.77163603 -0.88054483 -0.75292539 -0.51119046 -0.61460971
 -0.68962521 -0.80585947 -0.73851179 -0.79662373 -0.67489075 -0.74869209
 -0.76704133 -0.68019881 -0.59020554 -0.74531798 -0.78075523 -0.85788248
 -0.83470647 -0.59582254 -0.79592776 -0.69181329 -0.58974326 -0.50270956
 -0.63583053 -0.55361402 -0.52330785 -0.42346193 -0.49403348 -0.56540787
 -0.71657681 -0.60895602 -0.5278762  -0.45870659 -0.67759268 -0.5848413
 -0.73137312 -0.64256144 -0.79320073 -0.68746256 -0.5373869  -0.66690961
 -0.62472047 -0.70729869 -0.55931351 -0.44471449 -0.66335829 -0.54898203
 -0.65179515 -0.59894883 -0.60172985 -0.59904179 -0.61629567 -0.45624086
 -0.67364125 -0.71984435 -0.59644607 -0.52857486 -0.58933932 -0.64732299
 -0.63725762 -0.59260661 -0.58816702 -0.64613269 -0.49424129 -0.43498235
 -0.67535479 -0.8509604  -0.64953681 -0.47202011 -0.54464753 -0.4408022
 -0.63082946 -0.4540115  -0.79834112 -0.52710998 -0.74934494 -0.5858017
 -0.67665467 -0.57461846 -0.64273732 -0.58246158 -0.74574689 -0.63651731
 -0.52212687 -0.46792482 -0.68379882 -0.55002867 -0.47170907 -0.48495227
 -0.63762495 -0.47975787 -0.73345036 -0.69258685 -0.62512875 -0.5931173
 -0.71008409 -0.2617369  -0.48502349 -0.61267049 -0.49705538 -0.59500223
 -0.57389573 -0.5112519  -0.52351252 -0.79129331 -0.62733096 -0.59852982
 -0.97401215 -0.55491011 -0.83473726 -0.87286903 -0.52351432 -0.54009262
 -0.7994679  -0.74661718 -0.54736789 -0.5254717  -0.53015448 -0.84877739
 -0.38744248 -0.55230127 -0.83523669 -0.6110796  -0.46203423 -0.74564691
 -0.53294806 -0.45453299 -0.77358735 -0.64177697 -0.84452992 -0.68645858
 -0.79779267 -0.7474312  -0.74498449 -0.74408217 -0.65552665 -0.78974383
 -0.69448844 -0.68882248 -0.49204054 -0.34915703 -0.46220096 -0.63426068
 -0.59861696 -0.74914895 -0.67807385 -0.53349427 -0.41007342 -0.84892233
 -0.51874713 -0.76683951 -0.74221265 -0.72905559 -0.59773465 -0.5873666
 -0.48130693 -0.34437075 -0.40830232 -0.49691485 -0.55590813 -0.45683816
 -0.2632998  -0.36942047 -0.45729427 -0.41715538 -0.3255664  -0.18180025
 -0.43363687 -0.61632523 -0.25901731 -0.41528819 -0.54680665 -0.34923627
 -0.57128586 -0.53490217 -0.53485895 -0.18826363 -0.44296428 -0.69763619
 -0.08779907 -0.47619686 -0.31667357 -0.4790428  -0.30337109 -0.41371885
 -0.54450505 -0.59214055 -0.57545994 -0.56110966 -0.36994168 -0.59193857
 -0.55004047 -0.09924135 -0.4925258  -0.52520904 -0.49798165 -0.59882478
 -0.57393399 -0.21316064 -0.29747194 -0.38381459 -0.50552525 -0.54252124
 -0.61358112 -0.46076433 -0.51697957 -0.48682099 -0.39665928 -0.17351721
 -0.32354254 -0.38165298 -0.56116512 -0.30228404 -0.39563641 -0.61289528
 -0.45038206 -0.53034023 -0.5496422  -0.51633538 -0.52538228 -0.55627272
 -0.58203187 -0.58399474 -0.60990068 -0.72205927 -0.63238459 -0.69286358
 -0.95799748 -0.78452281 -0.69873257 -0.73855682 -0.69967359 -0.62701341
 -0.53208677 -0.48378515 -0.57447991 -0.67228572 -0.57956334 -0.74490688
 -0.76772302 -0.68809681 -0.57225918 -0.81992493 -0.6739155  -0.57828888
 -0.50474146 -0.77351774 -0.4750047  -0.43980794 -0.50879597 -0.58688487
 -0.69617436 -0.69685365 -0.54486873 -0.65152655 -0.7349148  -0.55579455
 -0.65818284 -0.68178735 -0.6118203  -0.46304384 -0.66446097 -0.61630455
 -0.8591846  -0.60041289 -0.48642045 -0.65704033 -0.59042133 -0.69340086
 -0.60026084 -0.62962421 -0.77383287 -0.67018701 -0.70454305 -0.7399935
 -0.71026791 -0.67810863 -0.59747618 -0.58992359 -0.76659614 -0.70029196
 -0.73875945 -0.7372507  -0.59205185 -0.50367803 -0.66487705 -0.66898018
 -0.65787632 -0.65215172 -0.94245809 -0.71456477 -0.50051827 -0.53333263
 -0.50467624 -0.76150467 -0.63463737 -0.68207956 -0.65261064 -1.02337358
 -0.69039246 -0.86256689 -0.87585384 -0.78972761 -0.76341749 -0.95970706
 -0.80636191 -0.60854476 -0.7371851  -0.72166798 -1.0383201  -0.88889903
 -0.90024216 -0.6628262  -0.71933764 -0.79571954 -0.9041092  -0.72366612
 -0.64447909 -0.98146324 -1.4826231  -0.76545368 -0.79425645 -1.14485882
 -0.56143091 -0.84205763 -0.74395051 -0.74304735 -0.82596871 -0.8269277
 -0.75463547 -0.71729829 -0.86975962 -0.70454344 -0.85767322 -0.70788088
 -0.55799104 -0.76184786 -0.77478358 -0.74026122 -0.75676623 -0.98860525
 -0.77278604 -0.73033987 -0.3981454  -0.79138278 -0.79610816 -0.85498988
 -0.76116279 -0.63034708 -0.61078423 -0.91396539 -0.75554089 -0.74367891
 -0.9211011  -0.70526816 -0.59518763 -0.88005449 -0.82643091 -0.71170581
 -0.71051292 -0.71924665 -0.82807789 -0.91809504 -0.75279702 -0.74072125
 -0.73121304 -0.77330121 -0.63887278 -0.81445059 -0.84504652 -0.71613899
 -0.83833694 -0.7381305  -0.76315814 -0.85548554 -0.78013063 -0.71858528
 -0.73478002 -0.7915148  -0.62678294 -0.90555324 -0.73021276 -1.21614552
 -0.71581539 -0.63979445 -0.93246123 -0.82970538 -0.8383722  -0.63488328
 -0.8073188  -0.73899479 -0.60840754 -0.80901754 -0.59513972 -0.82051315
 -0.83491651 -0.73559808 -0.77493319 -0.78436855 -0.90851242 -0.89246652
 -0.70244149 -0.68828741 -0.77966636 -0.87366939 -0.72611439 -0.69342121
 -0.71567609 -0.84038877 -0.71982186 -0.75259056 -0.44967314 -0.67567433
 -0.75225575 -0.97845622 -0.74997587 -0.5042657  -0.80764831 -0.58608922
 -0.97884354 -0.80288209 -0.60456139 -0.90984371 -0.66533334 -0.52105632
 -0.89719669 -0.71783435 -0.70544354 -0.81830388 -0.81602911 -0.91368548
 -0.88633549 -0.61384069 -0.7136444  -0.95171705 -0.7837296  -0.72141149
 -0.60963721 -0.87004931 -0.81547491 -0.90638104 -0.86939713 -0.7008055
 -0.87524487 -0.82436329 -0.56122563 -0.5895604  -0.683471   -0.93317466
 -0.650511   -0.74097284 -0.74231061 -0.76816807 -0.43597871 -0.26877869
 -0.49156163 -0.27938674 -0.44144754 -0.44713229 -0.35919758 -0.21317236
 -0.39489678 -0.43258245 -0.37957131 -0.2427788  -0.08097117 -0.5389827
 -0.3697585  -0.42020976 -0.19684351 -0.44880803 -0.18057827 -0.54354966
 -0.24635101 -0.30665823 -0.38993995 -0.35740077 -0.41070366 -0.36639636
 -0.43114888 -0.43839222 -0.60900799 -0.31835491 -0.32471058 -0.21491822
 -0.64270062 -0.43664659 -0.4953342  -0.1427352  -0.42052695 -0.38953145
 -0.34159524 -0.52357317 -0.16836371 -0.50169718 -0.28017771 -0.34866831
 -0.53900495 -0.55768537 -0.50955979 -0.46454414 -0.39498079 -0.48643274
 -0.43875149 -0.44352465 -0.46406104 -0.68223758 -0.49506175 -0.46813632
 -0.46139525 -0.5552816  -0.65135596 -0.50805073 -0.46246057 -0.44430296
 -0.66030938 -0.47330046 -0.46749399 -0.38384094 -0.48650349 -0.40275098
 -0.5119     -0.51328378 -0.43277605 -0.54092134 -0.481037   -0.50122186
 -0.47589412 -0.50372179 -0.43772697 -0.46789127 -0.46528448 -0.41800705
 -0.46607321 -0.5049783  -0.78859676 -0.44996001 -0.52577539 -0.54091721
 -0.45543771 -0.48094043 -0.47866051 -0.56858282 -0.42900833 -0.5078369
 -0.44202912 -0.50560406 -0.48922366 -0.50661544 -0.56195697 -0.55258177
 -0.65070893 -0.42317476 -0.5910731  -0.51709514 -0.50615327 -0.55446477
 -0.52942861 -0.4345677  -0.46560114 -0.51325536 -0.43185767 -0.44960819
 -0.51950928 -0.50012585 -0.55256577 -0.48273452 -0.48065907 -0.51684516
 -0.5059324  -0.4248786  -0.47659558 -0.51996029 -0.47357801 -0.38710795
 -0.60202605 -0.50015179 -0.50456053 -0.61839554 -0.54775345 -0.51931129
 -0.42157844 -0.42378226 -0.46974408 -0.36469817 -0.46068502 -0.50149413
 -0.54950885 -0.53183231 -0.49062456 -0.5151345  -0.49367304 -0.48726567
 -0.52913138 -0.5086557  -0.50466541 -0.56107152 -0.46500918 -0.46470397
 -0.53440597 -0.52580326 -0.56687815 -0.4401478  -0.47800869 -0.49240537
 -0.45337126 -0.47538704 -0.50127528 -0.63036982 -0.47062834 -0.53983719
 -0.46299688 -0.5335641  -0.58633223 -0.56754687 -0.49822418 -0.64370775
 -0.59582286 -0.52669388 -0.59567267 -0.62402178 -0.49477363 -0.60050101
 -0.45171124 -0.53406718 -0.60494447 -0.48056355 -0.46036269 -0.49388012
 -0.53527229 -0.47106786 -0.5783795  -0.52730245 -0.52400924 -0.54315262
 -0.5461678  -0.51520256 -0.61930252 -0.57971147 -0.56746619 -0.5865351
 -0.50728405 -0.54064104 -0.54329378 -0.52940602 -0.52738845 -0.5680084
 -0.58961211 -0.5083462  -0.48303518 -0.5642759  -0.77689329 -0.50879882
 -0.5462858  -0.46197974 -0.54432133 -0.50297677 -0.50930001 -0.46009129
 -0.4346877  -0.55142755 -0.46241623 -0.48296227 -0.52730971 -0.44673729
 -0.58348606 -0.54036874 -0.55839269 -0.57826639 -0.49756018 -0.57757386
 -0.56950273 -0.5627197  -0.50598813 -0.49253255 -0.44988776 -0.50144579
 -0.70798713 -0.47842643 -0.48527475 -0.63658333 -0.438667   -0.5845394
 -0.56279657 -0.43939582 -0.50362711 -0.54162155 -0.60047992 -0.49683278
 -0.47034025 -0.47373538 -0.41241293 -0.37804705 -0.37621215 -0.44119624
 -0.41781509 -0.45249128 -0.46817729 -0.47637489 -0.45977859 -0.43492183
 -0.45338807 -0.4048207  -0.42918139 -0.51146564 -0.47833131 -0.453175
 -0.41879809 -0.4419856  -0.38260993 -0.40033507 -0.42903309 -0.43046337
 -0.4512002  -0.47715072 -0.44651046 -0.43155115 -0.47904717 -0.4365404
 -0.47379121 -0.3534017  -0.48951205 -0.40127471 -0.42177486 -0.40121185
 -0.40974413 -0.46799555 -0.42953173 -0.4235689  -0.42691225 -0.43528171
 -0.39674003 -0.45293676 -0.46312207 -0.48098067 -0.38060714 -0.3983177
 -0.42830094 -0.46084419 -0.45521415 -0.46300698 -0.47619051 -0.5781256
 -0.4683137  -0.40769552 -0.4292447  -0.50368268 -0.43527285 -0.41308996
 -0.4106562  -0.41675982 -0.42915102 -0.49399335 -0.52798516 -0.45359642
 -0.51673669 -0.36331174 -0.43313137 -0.41368008 -0.47241567 -0.49190036
 -0.42303217 -0.37580836 -0.5271733  -0.39841667 -0.49129934 -0.41917365
 -0.46132844 -0.53366148 -0.5052078  -0.38016475 -0.43772535 -0.47983197
 -0.48020472 -0.49219054 -0.62827138 -0.43869313 -0.41347664 -0.4416963
 -0.37729327 -0.47068565 -0.4542467  -0.47697215 -0.37720416 -0.47262854
 -0.38758378 -0.48660559 -0.47955203 -0.33824572 -0.42118242 -0.5053855
 -0.46911319 -0.57699754 -0.43896124 -0.57512029 -0.53898276 -0.49189826
 -0.55739297 -0.39374033 -0.41235703 -0.54520919 -0.37465241 -0.28556352
 -0.4471126  -0.48846976 -0.50774766 -0.31532247 -0.59541331 -0.60671736
 -0.40940152 -0.5136369  -0.4878923  -0.77824472 -0.36530205 -0.3589612
 -0.66731586 -0.38597155 -0.60720921 -0.58563109 -0.56070568 -0.78702088
 -0.34423686 -0.39801962 -0.5162787  -0.48021142 -0.27884506 -0.44730231
 -0.28848537 -0.43720578 -0.58423136 -0.42384013 -0.32181187 -0.43409672
 -0.46284992 -0.3373321  -0.45793664 -0.40163955 -0.49150995 -0.39337724
 -0.52959063 -0.30521318 -0.62401687 -0.37504168 -0.45544041 -0.3506719
 -0.6747701  -0.58707831 -0.52269798 -0.48886111 -0.38269953 -0.54114622
 -0.44132907 -0.58683748 -0.41986809 -0.34687369 -0.48370603 -0.52028823
 -0.38666508 -0.42781401 -0.48552301 -0.36583534 -0.3672987  -0.42280814
 -0.41283404 -0.48429125 -0.48759314 -0.38064037 -0.59740463 -0.3881298
 -0.49241018 -0.86016574 -0.41321738 -0.37780731 -0.46380156 -0.57368344
 -0.38645919 -0.57188319 -0.6011915  -0.55879287 -0.34653272 -0.43274829
 -0.35717681 -0.35843212 -0.38584882 -0.38858607 -0.54396162 -0.50267441
 -0.42774401 -0.43569723 -0.25391394 -0.46683159 -0.40568128 -0.47108726
 -0.42864585 -0.62752841 -0.61694856 -0.64586241 -0.58139343 -0.44177202
 -0.72851197 -0.63362643 -0.84575427 -0.61524143 -0.71143797 -0.67780231
 -0.67197384 -0.58711289 -0.74233593 -0.57472722 -0.61173889 -0.592451
 -0.56676303 -0.70300464 -0.71915924 -0.44039807 -0.63730539 -0.66521173
 -0.60634986 -0.86781519 -0.69514255 -0.79865984 -0.56918311 -0.49301348
 -0.62410939 -0.64385081 -0.54356112 -0.57834118 -0.6549112  -0.74763663
 -0.62596278 -0.76603558 -0.67815473 -0.60203686 -0.56428356 -0.63653448
 -0.57975731 -0.61178634 -0.60811573 -0.59824141 -0.64034901 -0.46918
 -0.81435153 -0.83144375 -0.68399161 -0.62229939 -0.65330321 -0.58225071
 -0.498974   -0.66845916 -0.61583955 -0.65708838 -0.71956069 -0.70550107
 -0.68267726 -0.74153218 -0.75894526 -0.55683417 -0.71798028 -0.69856796
 -0.59312346 -0.74434005 -0.73399232 -0.66226816 -0.63501084 -0.45091504
 -0.68159556 -0.5648073  -0.59235077 -0.67479467 -0.52099756 -0.91428882
 -0.68004775 -0.63528633 -0.53414288 -0.68567951 -0.71125677 -0.70458446
 -0.49585695 -0.6204657  -0.59435963 -0.65764175 -0.68093344 -0.66074032
 -0.64855428 -0.62291916 -0.62296622 -0.60997732 -0.58624289 -0.5701313
 -0.55422269 -0.59875139 -0.79695803 -0.81525992 -0.63011125 -0.71901505
 -0.54653149 -0.61011689 -0.8029321  -0.57480775 -0.72738851 -0.68202142
 -0.65221406 -0.61125763 -0.66217296 -0.61207491 -0.56332877 -0.5297884
 -0.63882648 -0.79859007 -0.62102376 -0.66129899 -0.55895214 -0.7783411
 -0.62900261 -0.64537048 -0.729713   -0.59900462 -0.59729667 -0.60422627
 -0.61140703 -0.61888668 -0.56909509 -0.68382895 -0.75410526 -0.74267157
 -0.48773205 -0.56740286 -0.5019434  -0.62363705 -0.58854035 -0.68258216
 -0.68765046 -0.59731269 -0.64351019 -0.66626036 -0.56917922 -0.52461802
 -0.71964803 -0.69582291 -0.55201798 -0.64698014 -0.69477927 -0.71864249
 -0.73407751 -0.51525867 -0.82926699 -0.55943309 -0.58053131 -0.63503501
 -0.71530926 -0.86329845 -0.74507429 -0.6640631  -0.63361208 -0.73954724
 -0.54395852 -0.62213822 -0.59335582 -0.61521942 -0.58776066 -0.40969947
 -0.59471472 -0.57910546 -0.73968003 -0.65821036 -0.75827656 -0.56609688
 -0.68242505 -0.5062013  -0.69460313 -0.56574878 -0.68255825 -0.85387662
 -0.58211913 -0.69774248 -0.60886482 -0.46163107 -0.90178007 -0.53191344
 -0.58786654 -0.50799408 -0.47324945 -0.45626849 -0.41554609 -0.48639343
 -0.42001392 -0.37924859 -0.46234418 -0.46892733 -0.43406667 -0.46825764
 -0.45877593 -0.42562165 -0.41254559 -0.44207052 -0.73838743 -0.68629756
 -0.69776062 -0.64577027 -0.71938071 -0.70098694 -0.71392617 -0.65018751
 -0.80303442 -0.71647712 -0.68653363 -0.66380977 -0.56910043 -0.71724917
 -0.54888658 -0.69760463 -0.67917352 -0.73456809 -0.73450565 -0.69226831
 -0.76532901 -0.76244895 -0.74037947 -0.89393932 -0.37605395 -0.54982986
 -0.64837064 -0.37644525 -0.4910476  -0.51541282 -0.53264754 -0.65940985
 -0.50542998 -0.3128574  -0.43352471 -0.40756244 -0.69550754 -0.55754924
 -0.33386356 -0.3314637  -0.46639894 -0.46677353 -0.36453703 -0.41414563
 -0.30061838 -0.45958564 -0.48211048 -0.31492983 -0.51475018 -0.53901275
 -0.51949171 -0.50818082 -0.40302966 -0.39188954 -0.51034769 -0.4212078
 -0.44631939 -0.31911245 -0.37782792 -0.33429437 -0.47265543 -0.41661843
 -0.50876696 -0.40162954 -0.30128866 -0.38314559 -0.48013371 -0.51188917
 -0.49844304 -0.51754838 -0.62513615 -0.53526466 -0.51491481 -0.27861064
 -0.70218798 -0.52363195 -0.54981893 -0.31431739 -0.4890795  -0.19204505
 -0.28625127 -0.52082954 -0.34648888 -0.54223373 -0.45469666 -0.37167391
 -0.36168954 -0.49158872 -0.39363269 -0.47755847 -0.41655981 -0.64584304
 -0.34578738 -0.4295865  -0.34421435 -0.57169038 -0.44998397 -0.30761459
 -0.43070577 -0.42081843 -0.42076821 -0.39829981 -0.40288686 -0.28014513
 -0.37586311 -0.3205381  -0.3913835  -0.47711781 -0.4027806  -0.35221927
 -0.49996292 -0.5312016  -0.51111161 -0.52187234 -0.33765824 -0.50408552
 -0.50445534 -0.49552827 -0.64239888 -0.5203908  -0.40198021 -0.26811903
 -0.32995245 -0.34038575 -0.41131173 -0.38288819 -0.26821765 -0.44673478
 -0.38604605 -0.33393369 -0.38113701 -0.28995382 -0.31512723 -0.33265787
 -0.44656787 -0.30076092 -0.28493549 -0.35131064 -0.33285669 -0.32935948
 -0.32846126 -0.34668429 -0.38723335 -0.37213507 -0.40886322 -0.37261911
 -0.25799059 -0.32634284 -0.37879727 -0.27788491 -0.33595422 -0.33021391
 -0.37223496 -0.28865616 -0.39420293 -0.27186852 -0.34619231 -0.29961593
 -0.31490982 -0.25486851 -0.33996558 -0.27344392 -0.43202735 -0.36161224
 -0.26839413 -0.312626   -0.40635351 -0.32738222 -0.31681048 -0.344172
 -0.38677445 -0.33474984 -0.43627219 -0.41701648 -0.29425924 -0.36192953
 -0.34741985 -0.35707559 -0.31481047 -0.33429094 -0.37966478 -0.27399808
 -0.42050619 -0.29863829 -0.35629167 -0.34553101 -0.42941165 -0.37943484
 -0.33106987 -0.35391865 -0.36204093 -0.34364886 -0.3484089  -0.4547678
 -0.39543103 -0.3772421  -0.29937238 -0.31673408 -0.24289915 -0.34286979
 -0.31545523 -0.37092035 -0.29434328 -0.35714062 -0.28622934 -0.45227415
 -0.31995855 -0.33039849 -0.61770248 -0.69450249 -0.43261254 -0.55599602
 -0.53805913 -0.78368691 -0.543511   -0.47420965 -0.60706908 -0.45560454
 -0.58063921 -0.52285285 -0.67133643 -0.80936347 -0.57577034 -0.46221917
 -0.64495875 -0.68091475 -0.3726651  -0.44704558 -0.37247767 -0.65787447
 -0.47673345 -0.67894681 -0.67549813 -0.58834395 -0.6852683  -0.46787711
 -0.62874966 -0.59110378 -0.4454837  -0.4260076  -0.44243651 -0.63026645
 -0.47331492 -0.81928072 -0.4877125  -0.72521472 -0.46602603 -0.47538744
 -0.69343407 -0.89638504 -0.54121411 -0.79602735 -0.68481645 -0.52503711
 -0.69423915 -0.67346137 -0.52302834 -0.55762691 -0.50530419 -0.58032044
 -0.86974942 -0.6565131  -0.49798475 -0.41667157 -0.54342133 -0.59145499
 -0.65622409 -0.62551032 -0.57841435 -0.57967251 -0.68451921 -0.51685336
 -0.46380425 -0.46642041 -0.8306233  -0.65933268 -0.71049986 -0.59487761
 -0.64599506 -0.79343051 -0.61596583 -0.46194067 -0.67255885 -0.77204222
 -0.5162016  -0.52537117 -0.43861394 -0.55209157 -0.55342297 -0.69055125
 -0.62774724 -0.48636656 -0.51308153 -0.51347551 -0.52931121 -0.49514819
 -0.53651099 -0.46514089 -0.46977378 -0.69189323 -0.61862987 -0.63039955
 -0.42593665 -0.60055609 -0.47765916 -0.66309701 -0.48768912 -0.44913759
 -0.55541638 -0.46173004 -0.45741371 -0.51847267 -0.40483922 -0.55268656
 -0.49019529 -0.59330926 -0.50091786 -0.52158415 -0.434035   -0.48215092
 -0.43799064 -0.43034006 -0.53378339 -0.48825358 -0.68045985 -0.60841524
 -0.48210198 -0.41195051 -0.64142148 -0.44400673 -0.42083441 -0.52976587
 -0.39058585 -0.39584399 -0.49885856 -0.54955798 -0.50605207 -0.53549857
 -0.6257355  -0.56733289 -0.74761496 -0.37163039 -0.53887673 -0.56242315
 -0.54482213 -0.45012719 -0.49725725 -0.44257287 -0.50487477 -0.51303943
 -0.45363917 -0.4848491  -0.43895597 -0.51675706 -0.37671582 -0.48353027
 -0.63852763 -0.45958835 -0.43642909 -0.45265588 -0.45047808 -0.67561314
 -0.57254488 -0.59132491 -0.4543698  -0.49973497 -0.43174673 -0.75211568
 -0.52079866 -0.55787139 -0.67612325 -0.49327845 -0.52770369 -0.54403609
 -0.92360816 -0.38407452 -0.4335238  -0.53934439 -0.5128144  -0.47184377
 -0.51946015 -0.52206653 -0.4799077  -0.51271344 -0.56269771 -0.48649759
 -0.56089037 -0.35581437 -0.36901891 -0.64474864 -0.46662075 -0.40244701
 -0.59311902 -0.4571408  -0.4047201  -0.5197396  -0.52401528 -0.55264155
 -0.50381451 -0.53388168 -0.52352853 -0.53893417 -0.32764335 -0.51772867
 -0.73340054 -0.40472455 -0.49039085 -0.44246906 -0.2676857  -0.34484899
 -0.18615864 -0.54070848 -0.38473838 -0.42539418 -0.27606517 -0.3830193
 -0.4582918  -0.31075541 -0.39342582 -0.47356457 -0.60069172 -0.24592075
 -0.47421365 -0.12519285 -0.25991329 -0.53278438 -0.34280862 -0.28660643
 -0.42894681 -0.45592199 -0.35890248 -0.46147382 -0.25077521 -0.28126715
 -0.34387695 -0.32746206 -0.51883501 -0.25613691 -0.40276472 -0.1942899
 -0.37229091 -0.44328389 -0.2684309  -0.4332871  -0.21375146 -0.38286486
 -0.42793009 -0.43057322 -0.43288051 -0.38298569 -0.34307762 -0.47089096
 -0.31704749 -0.30599634 -0.40634067 -0.40000358 -0.25911619 -0.43169559
 -0.27194532 -0.23052849 -0.52109884 -0.59146223 -0.36577904 -0.25164063
 -0.23860592 -0.23789489 -0.44510783 -0.53661294 -0.27595975 -0.34185708
 -0.64199154 -0.44057911 -0.46934729 -0.50078745 -0.41811989 -0.34178802
 -0.46633301 -0.46495208 -0.45673551 -0.44652482 -0.48081023 -0.46421146
 -0.48988591 -0.50643258 -0.53441806 -0.32523942 -0.37247565 -0.54953029
 -0.55566254 -0.37610386 -0.45726569 -0.39561145 -0.42066435 -0.37831471
 -0.56659978 -0.39276732 -0.35724313 -0.35799235 -0.27904007 -0.30586735
 -0.5502718  -0.50489643 -0.33599192 -0.26658563 -0.34576151 -0.41942623
 -0.2203028  -0.41864119 -0.48924999 -0.40500859 -0.47125325 -0.47816473
 -0.27613075 -0.41697733 -0.39496662 -0.59197245 -0.57743947 -0.20785435
 -0.25499917 -0.27227891 -0.56744542 -0.47774965 -0.42098183 -0.38643428
 -0.51278586 -0.43811795 -0.5143596  -0.36313966 -0.35731841 -0.48959485
 -0.40458766 -0.53351851 -0.39011447 -0.47884677 -0.48585722 -0.34810019
 -0.5394829  -0.53631191 -0.48556084 -0.5677924  -0.60481039 -0.47229758
 -0.37832004 -0.32751592 -0.42147824 -0.4554639  -0.24644164 -0.48099376
 -0.40690878 -0.50660205 -0.537802   -0.37458318 -0.27820936 -0.53399534
 -0.5139304  -0.67389169 -0.46029836 -0.53168589 -0.27353943 -0.32150013
 -0.51373965 -0.50318229 -0.34938657 -0.47480545 -0.52693061 -0.51246426
 -0.43575535 -0.22694276 -0.53653715 -0.39435569 -0.56016064 -0.47792857
 -0.38798872 -0.51444191 -0.52700029 -0.53741411 -0.46958747 -0.47856221
 -0.40089232 -0.57644799 -0.52717357 -0.68270721 -0.53822442 -0.57028457
 -0.63093132 -0.63026705 -0.75639474 -0.73719384 -0.64691871 -0.92545864
 -0.54034173 -0.65358293 -0.62945309 -0.53320134 -0.50120626 -0.55450217
 -0.72307807 -0.67652139 -0.53168468 -0.50011615 -0.60570915 -0.63465893
 -0.66997666 -0.40013716 -0.70543228 -0.53855479 -0.69340692 -0.36780077
 -0.89402432 -0.74207328 -0.72220138 -0.51290518 -0.25154096 -0.64497963
 -0.78810803 -0.51289413 -0.38278411 -0.66937373 -0.86948122 -0.43192595
 -0.72058492 -0.55569769 -0.59910819 -0.68700988 -0.58497624 -0.69821827
 -0.65949835 -0.61373877 -0.54976768 -0.62201218 -0.54244067 -0.48091857
 -0.43996827 -0.53722802 -0.57585696 -0.7079082  -1.14799657 -0.6226556
 -0.65205069 -0.6308397  -0.64005742 -0.6352169  -0.59481631 -0.69259597
 -0.59548345 -0.71193716 -0.61606642 -0.56942823 -0.55368777 -0.54252599
 -0.62506015 -0.59166006 -0.59756894 -0.60319083 -0.39090178 -0.58660389
 -0.59855344 -0.93663708 -0.5738506  -0.68751098 -0.63719953 -0.57664805
 -0.62696477 -0.45677584 -1.14637448 -0.6007082  -0.58326669 -0.57759596
 -0.60422249 -0.60802287 -0.6202164  -0.6316565  -0.6478118  -0.48163552
 -0.72284573 -0.6094893  -0.61054182 -0.52645079 -0.65943527 -0.49966379
 -0.50748311 -0.63497229 -0.56969456 -0.62724465 -0.60870134 -0.47424503
 -0.6515067  -0.56512605 -0.72787546 -0.59782584 -0.53574434 -0.57856344
 -0.57293299 -0.55184026 -0.65535712 -0.59382901 -0.82138066 -0.74746519
 -0.64294694 -0.80096529 -0.67136362 -0.68004361 -0.78247904 -0.7839953
 -0.75782719 -0.77933899 -0.78094822 -0.84582723 -0.86628708 -0.82458572
 -0.65315027 -0.76822348 -0.79823144 -0.84278578 -0.77473738 -0.66130756
 -0.76759214 -0.56004066 -0.88161201 -0.85494574 -0.91061036 -0.95852962
 -0.62383199 -0.62102673 -0.86269798 -0.72427701 -0.80939724 -0.88289548
 -0.94474364 -0.81841787 -0.85962728 -0.92509531 -0.71595501 -0.6117528
 -0.92320392 -0.88265667 -0.81233253 -0.88306662 -0.93430208 -0.77207502
 -0.69871724 -0.84843985 -0.81235425 -0.61843309 -0.82937575 -0.86325139
 -0.87761951 -0.74919988 -0.79670827 -0.92669731 -0.80692839 -0.74868312
 -0.65471456 -0.75727879 -0.86978588 -0.81266665 -0.65320238 -0.7807093
 -0.77658137 -0.88939373 -0.83637072 -0.8229572  -1.1533126  -0.96263674
 -0.64387515 -0.86194096 -0.73566926 -0.69863433 -0.81975089 -0.98416739
 -0.66085782 -0.83579138 -0.83925152 -0.95336957 -0.8519038  -0.8448335
 -0.82944825 -0.879575   -0.90705819 -0.82065866 -0.75100797 -0.82371749
 -0.6500581  -0.72550562 -0.55091088 -0.86965552 -0.8868922  -0.81562322
 -0.81112507 -0.75720265 -0.88859528 -0.92620028 -0.79966377 -0.98008189
 -0.73479273 -0.66633748 -0.27721618 -0.39938441 -0.3873265  -0.28062182
 -0.34028082 -0.28633903 -0.25120458 -0.44236905 -0.44582929 -0.30821583
 -0.32628581 -0.27686904 -0.34044755 -0.28125197 -0.30279618 -0.30477646
 -0.2442268  -0.51288904 -0.25589438 -0.25545764 -0.27684034 -0.22752861
 -0.26413332 -0.24491489 -0.30219433 -0.30698246 -0.37104042 -0.38029698
 -0.39338934 -0.43673675 -0.33662964 -0.25531193 -0.27925351 -0.33004122
 -0.34024392 -0.40574669 -0.26938685 -0.22936126 -0.45356233 -0.4544412
 -0.2357198  -0.2741594  -0.46667446 -0.16171819 -0.47004637 -0.26700401
 -0.42377235 -0.29018835 -0.37235829 -0.3682639  -0.47958602 -0.31762712
 -0.43403494 -0.63746793 -0.58152002 -0.62173249 -0.61730228 -0.80872323
 -0.56639374 -0.6664955  -0.64918481 -0.6640384  -0.60918772 -0.60822095
 -0.62610654 -0.66138318 -0.63767023 -0.6374341  -0.6092948  -0.61475223
 -0.60808585 -0.58598528 -0.55928258 -0.60586524 -0.58745364 -0.60219132
 -0.69431258 -0.65225022 -0.53659771 -0.69216947 -0.53248075 -0.62502406
 -0.65801093 -0.66108549 -0.53364966 -0.65306457 -0.60041266 -0.56054668
 -0.61755909 -0.61797732 -0.7577006  -0.60139686 -0.65269016 -0.67586608
 -0.64704041 -0.55214046 -0.67725081 -0.62526289 -0.56445332 -0.60049109
 -0.55738688 -0.70507189 -0.642767   -0.6075181  -0.53445122 -0.61332969
 -0.58523438 -0.57685372 -0.58521585 -0.58608944 -0.57287513 -0.55799165
 -0.652894   -0.56362031 -0.55825812 -0.51655775 -0.60656744 -0.70284127
 -0.66198559 -0.68663721 -0.58448687 -0.56113372 -0.61519024 -0.71339715
 -0.58379558 -0.69194103 -0.61206839 -0.60131136 -0.61146107 -0.59858748
 -0.60499833 -0.63335236 -0.58968778 -0.50736553 -0.58112203 -0.66096815
 -0.64154386 -0.65446528 -0.52006076 -0.65396619 -0.57944153 -0.59811149
 -0.44495368 -0.63740766 -0.42380791 -0.6431743  -0.59322867 -0.69122871
 -0.69021198 -0.57409031 -0.66648614 -0.65612254 -0.62830483 -0.35409936
 -0.6850116  -0.5081787  -0.76057694 -0.51548238 -0.5698158  -0.64532498
 -0.7395284  -0.53351059 -0.46532818 -0.43819567 -0.59973677 -0.6785775
 -0.66902299 -0.39213551 -0.54055997 -0.48763635 -0.40272557 -0.54674505
 -0.56714117 -0.68866987 -0.58345755 -0.57068716 -0.5943763  -0.55983896
 -0.56667489 -0.56851867 -0.67077144 -0.57780376 -0.63497741 -0.56835978
 -0.61504089 -0.67753541 -0.58205723 -0.53360813 -0.56526274 -0.59351174
 -0.61377243 -0.67720567 -0.54865351 -0.53214705 -0.56160575 -0.61605095
 -0.66940982 -0.60549028 -0.60811365 -0.54408438 -0.83351041 -0.65006856
 -0.69122311 -0.66043584 -0.55026313 -0.51252555 -0.60755148 -0.65462496
 -0.64581294 -0.65480289 -0.58585184 -0.63526071 -0.61154138 -0.5980346
 -0.54269217 -0.63300928 -0.57736679 -0.60261573 -0.39105869 -0.59961022
 -0.49311033 -0.48747671 -0.51244196 -0.53944711 -0.41065374 -0.42649574
 -0.43653086 -0.51195464 -0.24876004 -0.34831806 -0.39676955 -0.48882763
 -0.47370322 -0.41569276 -0.46065233 -0.46027419 -0.38760982 -0.51790552
 -0.44324293 -0.49706543 -0.44712046 -0.52808061 -0.40531483 -0.5464667
 -0.5095237  -0.26361899 -0.45768824 -0.50850584 -0.43777958 -0.30208958
 -0.44429858 -0.48168382 -0.1436145  -0.50965389 -0.748264   -0.60856249
 -0.6829794  -0.64321529 -0.67549342 -0.6568019  -0.66643794 -0.64043505
 -0.58033173 -0.63434229 -0.70848901 -0.51864339 -0.65308259 -0.84620328
 -0.57528289 -0.7426392  -0.65413893 -0.72062297 -0.70521385 -0.639844
 -0.63049675 -0.64345521 -0.6273482  -0.65273793 -0.60509707 -0.70667576
 -0.46716957 -0.70774555 -0.61130259 -0.71630181 -0.71529293 -0.75862923
 -0.66373313 -0.66281246 -0.65409013 -0.69801234 -0.65364526 -0.70579213
 -0.65159614 -0.65851576 -0.69553126 -0.64554563 -0.65191639 -0.720825
 -0.62375583 -0.58055217 -0.67485859 -0.6476143  -0.66982582 -0.66654933
 -0.72870412 -0.51864677 -0.60776037 -0.64929307 -0.73566776 -0.69592362
 -0.5067569  -0.60650947 -0.67053533 -0.75935045 -0.63485864 -0.63976229
 -0.67033139 -0.62198737 -0.610743   -0.59148753 -0.66757628 -0.58654291
 -0.52152819 -0.59142525 -0.65579838 -0.56867501 -0.79067193 -0.86415231
 -0.78987232 -0.86842359 -0.86385544 -0.85084724 -1.02724438 -0.89207348
 -0.75546453 -1.02723792 -0.8528092  -0.82201584 -0.84699783 -0.88477943
 -0.84453853 -0.90753536 -0.96039931 -0.8412354  -0.82404677 -0.81330572
 -0.92758282 -0.87741806 -0.85592538 -0.89776924 -0.82379741 -0.88482595
 -0.75262383 -0.81515251 -0.87915567 -0.91854066 -0.84567071 -0.80948305
 -0.71712019 -0.89013121 -0.90055932 -0.85329367 -0.83475305 -0.95724156
 -0.95667481 -0.97153459 -0.7585188  -0.8751507  -0.96936654 -0.827749
 -0.86451815 -0.89756354 -0.26553795 -0.39396456 -0.38298747 -0.38784335
 -0.512731   -0.41781468 -0.2984402  -0.44797833 -0.37655845 -0.17870999
 -0.38578073 -0.20949524 -0.64203729 -0.39103202 -0.40454944 -0.39539254
 -0.44223888 -0.29147903 -0.21980752 -0.44866764 -0.30819054 -0.24826997
 -0.48332583 -0.17606366 -0.28249132 -0.32454198 -0.24638433 -0.22311436
 -0.26706545 -0.23758153 -0.24008506 -0.39093297 -0.33538464 -0.1637536
 -0.40545028 -0.22961314 -0.20502907 -0.25050585 -0.38867026 -0.47172714
 -0.38272548 -0.32037481 -0.30694323 -0.27404412 -0.28235915 -0.49685629
 -0.33623984 -0.22584412 -0.46142398 -0.31496705 -0.49702575 -0.27341629
 -0.2302999  -0.33718214 -0.19047638 -0.72326242 -0.33154428 -0.30336472
 -0.21282692 -0.52100551 -0.38129236 -0.33047232 -0.38909606 -0.29327438
 -0.50396409 -0.39552781 -0.72977664 -0.77248988 -0.57398288 -0.71410184
 -0.76404337 -0.84848737 -0.75068293 -0.6182872  -0.6582349  -0.74847851
 -0.65038368 -0.69044173 -0.71585152 -0.56939362 -0.77080082 -0.73949098
 -0.60646176 -0.71503121 -0.75575955 -0.5822217  -0.65068844 -0.67993105
 -0.73019475 -0.72114317 -0.62329012 -0.76331266 -0.70291059 -0.73767288
 -0.67059699 -0.76565614 -0.64485338 -0.77316581 -0.78726117 -0.55152322
 -0.72596493 -0.66154751 -0.73227172 -0.72783157 -0.64325287 -0.63825044
 -0.65804524 -0.55199303 -0.62608833 -0.60363627 -0.76976495 -0.61629561
 -0.7774203  -0.70818029 -0.73257826 -0.7542897  -0.62488029 -0.75152766
 -0.74261133 -0.77800534 -0.62637937 -0.65642665 -0.74724914 -0.7546357
 -0.73251867 -0.76128546 -0.63125489 -0.75331645 -0.7789506  -0.53871995
 -0.69725183 -0.65464754 -0.6610964  -0.51897308 -0.49085146 -0.66738007
 -0.84937318 -0.73748431 -0.73916675 -0.71544586 -0.81469709 -0.7374682
 -0.64833932 -0.74985032 -0.69709725 -0.67570033 -0.52711695 -0.73587964
 -0.68131568 -0.73604261 -0.67770124 -0.68638184 -0.64337914 -0.54008637
 -0.71293121 -0.83132302 -0.62325737 -0.74221033 -0.67016564 -0.63879133
 -0.67729546 -0.78672683 -0.72787987 -0.74902578 -0.54330637 -0.57229577
 -0.35713028 -0.73355798 -0.68493805 -0.7006426  -0.44242874 -0.7094332
 -0.55425874 -0.81530657 -0.85724697 -0.83657606 -0.48817958 -0.36776633
 -0.65490876 -0.6901374  -0.74199649 -1.04121582 -0.68788295 -0.44195804
 -0.57847054 -0.7274743  -0.63137372 -0.62397823 -0.78530628 -0.66320497
 -0.621829   -0.89117455 -0.58928108 -0.52646209 -0.65477319 -0.69602977
 -0.58011595 -0.7425771  -0.57752626 -0.61955338 -0.61520238 -0.49342331
 -0.67480031 -0.6186167  -0.50050065 -0.70631067 -0.71234448 -0.67365609
 -0.4829852  -0.70929266 -0.95609913 -0.56421911 -0.57133436 -0.61268521
 -0.69659933 -0.56803752 -0.51730215 -0.67469591 -0.78452266 -0.75302602
 -0.5120723  -0.69865682 -0.69169153 -0.47189697 -0.6584764  -0.54294424
 -0.64441873 -0.7118797  -0.85531196 -0.36090217 -0.77340903 -0.92231078
 -0.75281547 -0.69284871 -0.70963503 -0.69780125 -0.63741659 -0.69192899
 -0.44182888 -0.67655994 -0.53158519 -0.62528364 -0.72152594 -0.73438574
 -0.71829659 -0.66421801 -0.6274371  -0.43005797 -0.52356661 -0.73053252
 -0.64150712 -0.71010598 -0.71767591 -0.66181181 -0.74515879 -0.81915523
 -0.55213831 -0.58772129 -0.50676604 -0.6003401  -0.62560384 -0.69774158
 -0.69857463 -0.40519535 -0.65333422 -0.96811807 -0.6078332  -0.71998728
 -0.88383912 -0.73894702 -0.80236353 -0.61652536 -0.71345731 -0.71387085
 -0.79521565 -0.59406348 -0.75875837 -0.61660232 -0.36800723 -0.59822724
 -0.65094324 -0.63007249 -0.43419288 -0.68224847 -0.56829041 -0.80520714
 -0.71663923 -0.71882672 -0.68812522 -0.76161788 -0.54722817 -0.70102089
 -0.38410387 -0.65435228 -0.47474647 -0.29404232 -0.43406135 -0.83293056
 -0.60087847 -0.72277606 -0.75501275 -0.61007394 -0.57792957 -0.67087794
 -0.61720609 -0.54660427 -0.70433219 -0.69677861 -0.43241524 -0.62555859
 -0.582799   -0.10795108 -0.82579801 -0.72407253 -0.64509394 -0.85204412
 -0.24457258 -0.72250394 -0.51942772 -0.63987172 -0.46659545 -0.75877906
 -0.87521434 -0.7489843  -0.41130196 -0.74412752 -0.7072073  -0.51045124
 -0.67912173 -0.68337239 -0.67026393 -0.66420138 -0.6341306  -0.3915245
 -0.86658127 -0.76659302 -0.52482013 -0.7565753  -0.85242498 -0.56500389
 -0.39003329 -0.657328   -0.72388209 -0.62202579 -0.69030261 -0.68746871
 -0.8014301  -0.64817894 -0.76239832 -0.64448351 -0.50431752 -0.6053588
 -0.60352156 -0.39291729 -0.61700177 -0.82923158 -0.62629371 -0.28666588
 -0.67186883 -0.51251574 -0.7080727  -0.67065031 -0.47864049 -0.53851343
 -0.5224931  -0.79194162 -0.53322882 -0.46785531 -0.73638865 -0.52538697
 -0.63418413 -0.46889329 -0.70031838 -0.56699105 -0.65051469 -0.64891854
 -0.40243308 -0.4823158  -0.58458957 -0.67444704 -0.7027699  -0.82011763
 -0.39926169 -0.76158977 -0.39907421 -0.67411923 -0.86067583 -0.85432555
 -0.53668765 -0.55204652 -0.65650737 -0.60601796 -0.78449245 -0.8835774
 -0.69771128 -0.79773455 -0.93160286 -0.76375522 -0.68011334 -0.7431686
 -0.94507547 -0.77114481 -0.57145676 -0.76252143 -0.72919875 -0.67153134
 -0.6988672  -0.67982137 -0.68663397 -0.73545742 -0.68634244 -0.71538441
 -0.73946164 -0.47497426 -0.74303218 -0.25770078 -0.40805167 -0.52761831
 -0.57791601 -0.22277904 -0.48661101 -0.41609296 -0.44663397 -0.31625849
 -0.3973354  -0.49494188 -0.29933121 -0.19307753 -0.2985595  -0.28419582
 -0.09306134 -0.23384343 -0.54661267 -0.54026232 -0.38177629 -0.37480062
 -0.38550747 -0.52418897 -0.50959943 -0.64910138 -0.32541168 -0.47187211
 -0.17315603 -0.51096271 -0.57846486 -0.53309004 -0.52835989 -0.53469585
 -0.4094626  -0.5664078  -0.44783395 -0.50434489 -0.51352821 -0.53096741
 -0.54836533 -0.52319026 -0.54478585 -0.45960254 -0.75989935 -0.82470211
 -0.65476209 -0.67646443 -0.8341912  -0.69296451 -0.68074957 -0.75488203
 -0.68379163 -0.69992102 -0.60796954 -0.65613314 -0.79540731 -0.78744296
 -0.69569001 -0.75162044 -0.73555422 -0.69518267 -0.65452885 -0.71492191
 -0.65134196 -0.64459063 -0.54430516 -0.76780062 -0.63795053 -0.71757158
 -0.86097401 -0.6632779  -0.54522102 -0.75828504 -0.63961488 -0.65379137
 -0.77784584 -0.70167219 -0.65024347 -0.66265709 -0.75374864 -0.69007031
 -0.63425914 -0.72895081 -0.81784831 -0.70893656 -0.6849509  -0.79077072
 -0.52984132 -0.77390066 -0.70401551 -0.62517559 -0.61027151 -0.65399523
 -0.59954605 -0.74493652 -0.62815234 -0.71130091 -0.71082668 -0.66247887
 -0.57535045 -0.84299281 -0.59202027 -0.9942005  -0.70373139 -0.59520399
 -0.78465692 -0.61723159 -0.7647152  -0.71502936 -0.7182206  -0.68815816
 -0.84641006 -0.73248321 -0.86301469 -0.89803943 -0.62548186 -0.75923211
 -0.68599633 -0.60833629 -0.6743771  -0.69856542 -0.76626649 -0.75936493
 -0.72935485 -0.71967691 -0.79547975 -0.88224949 -0.69320465 -0.66897141
 -0.71100248 -0.7628248  -0.75937909 -0.72123446 -0.77873229 -0.66636886
 -0.78225351 -0.73146175 -0.69791355 -0.69017475 -0.66197887 -0.7645466
 -0.65763584 -0.94823204 -0.776032   -0.61419104 -0.64208407 -0.68330564
 -0.87980343 -0.82534377 -0.60707434 -0.55314183 -0.81866376 -0.92495107
 -0.68953525 -0.78731533 -1.0527835  -0.80060395 -0.91464354 -0.84194369
 -0.58172532 -0.63501453 -0.77706817 -0.82750244 -0.95903153 -0.62286357
 -0.89025902 -0.50814138 -0.87315488 -0.96071963 -0.89047567 -0.79754093
 -0.76922198 -0.67783321 -0.75815438 -0.86163341 -0.68162426 -0.70187478
 -1.26501846 -0.83227075 -0.52055961 -0.44056906 -0.49681224 -0.55740844
 -0.51759116 -0.52746689 -0.26647759 -0.54662802 -0.47722411 -0.42527628
 -0.55254716 -0.29596844 -0.51635437 -0.56415862 -0.50753974 -0.43177734
 -0.57282275 -0.55302669 -0.59305885 -0.47936409 -0.50975478 -0.41660376
 -0.47487052 -0.48566272 -0.45993373 -0.35864814 -0.57894452 -0.36605406
 -0.53394403 -0.40121772 -0.55192621 -0.50819797 -0.43774029 -0.52842793
 -0.37447956 -0.54087556 -0.605753   -0.74827165 -0.57988052 -0.64762661
 -0.74476044 -0.77281616 -0.62714815 -0.67794448 -0.73068018 -0.60158866
 -0.65636288 -0.55699645 -0.7464494  -0.68662394 -0.61024631 -0.70088085
 -0.61529454 -0.66029478 -0.6360276  -0.68572812 -0.63879519 -0.75711917
 -0.670008   -0.70540086 -0.69525077 -0.79375485 -0.7940693  -0.68643691
 -0.66666545 -0.65388195 -0.73004611 -0.67351606 -0.78851309 -0.81380572
 -0.57978948 -0.59698438 -0.65865549 -0.73432074 -0.62736037 -0.61433611
 -0.63364858 -0.69990854 -0.60920189 -0.70967812 -0.74602523 -0.5919061
 -0.63878927 -0.71419175 -0.62514921 -0.60990132 -0.56026633 -0.69879042
 -0.71263187 -0.63068333 -0.63897109 -0.52064034 -0.64549408 -0.73901633
 -0.34195525 -0.36287336 -0.35897761 -0.28438684 -0.39778666 -0.35973227
 -0.26092429 -0.4100251  -0.38054023 -0.36872891 -0.40092651 -0.3927176
 -0.47188456 -0.45722222 -0.36044491 -0.3772547  -0.4673895  -0.42507242
 -0.21583385 -0.40875429 -0.336554   -0.48599386 -0.46067626 -0.38493298
 -0.4102556  -0.25562736 -0.34761257 -0.46919497 -0.37090612 -0.49461152
 -0.38429558 -0.44006605 -0.42886994 -0.34691784 -0.37727583 -0.40721819
 -0.38364038 -0.35888276 -0.32334674 -0.4045966  -0.4973685  -0.41253581
 -0.34814794 -0.33738793 -0.38033771 -0.38424109 -0.32593926 -0.44169741
 -0.3304791  -0.45793082 -0.29859985 -0.49214761 -0.40197348 -0.44118709
 -0.32639731 -0.3605511  -0.41908543 -0.29416198 -0.39565667 -0.42488729
 -0.37094764 -0.38317225 -0.39768929 -0.30621768 -0.48158717 -0.29203784
 -0.41448417 -0.37717604 -0.3902737  -0.33938423 -0.42495841 -0.38459464
 -0.67140389 -0.41351411 -0.56280508 -0.55918234 -0.50861651 -0.34032008
 -0.54983262 -0.4896862  -0.40951823 -0.44013681 -0.532814   -0.38204979
 -0.51911665 -0.34939006 -0.48095389 -0.49129207 -0.48013288 -0.32979256
 -0.55478519 -0.44365781 -0.46164175 -0.4183443  -0.40530743]



*************************************************************
MODEL ERRORS (of CLIPPED predictions): 
 
[1.72287431e-02 7.10887685e-02 9.18220431e-02 3.56307551e-02
 1.32252919e-02 3.97011757e-01 9.32772458e-02 5.71015989e-03
 4.89895716e-02 2.75021438e-02 5.29243313e-02 2.55573634e-02
 8.51270705e-02 1.37860775e-01 1.85180604e-02 1.34985093e-02
 5.55129647e-02 4.04310552e-03 1.41222151e-02 1.64607130e-02
 1.37225771e-02 8.42459276e-02 1.29437789e-01 1.51715904e-01
 7.87999704e-02 3.88505124e-02 1.21027961e-01 1.28710166e-01
 5.46075078e-03 7.33412579e-02 1.13691881e-01 1.20928183e-01
 8.40779394e-02 6.60279989e-02 3.54524963e-02 1.12205021e-01
 7.74160326e-02 4.34915498e-02 4.56532603e-03 1.15177624e-01
 3.15093212e-02 7.69228190e-02 2.03947276e-01 3.48707251e-02
 3.61535861e-03 1.19448617e-01 2.84771640e-02 7.53590316e-02
 6.91977218e-02 1.25434130e-01 8.37678909e-02 2.08659880e-02
 2.38530070e-01 7.21301883e-02 9.01106670e-02 1.56357768e-03
 1.87022239e-02 8.62127356e-03 5.30904084e-02 2.51222521e-01
 6.12529702e-02 8.49420279e-02 2.03629676e-02 6.25986280e-03
 1.10786241e-02 3.79664421e-01 9.17348638e-02 1.94342032e-01
 2.20523432e-01 1.45374224e-01 3.89107652e-02 1.37646630e-01
 1.40020400e-01 1.21377297e-01 1.32228330e-01 9.77993384e-02
 4.88103703e-02 1.05013475e-01 5.78593500e-02 1.84987057e-02
 2.77122140e-01 7.89556727e-02 1.25002548e-01 1.55860245e-01
 2.07879599e-02 9.97054726e-02 1.81023985e-01 1.80698946e-01
 3.91704254e-02 1.25399321e-01 6.76579401e-02 1.09648794e-01
 1.21493898e-01 1.32815555e-01 2.26914678e-02 1.99566320e-01
 2.69721467e-02 2.90357191e-02 3.28310691e-02 3.75945605e-02
 4.44331802e-02 9.49653760e-02 8.17591697e-02 3.47152799e-02
 7.56508708e-02 1.01012893e-01 8.10379609e-02 3.87585326e-03
 5.24971448e-02 5.92291355e-02 3.46799605e-02 3.10402457e-02
 4.36316356e-02 1.81234209e-04 3.96271050e-02 1.15841618e-02
 9.59406719e-02 8.53789151e-02 5.91667667e-02 5.47058769e-02
 2.70946473e-01 3.06800548e-02 1.25680640e-01 4.58052978e-02
 1.61693990e-01 5.94313489e-03 2.46567912e-02 2.59083398e-02
 2.21559368e-02 6.67724991e-04 2.17662100e-02 1.49098963e-01
 4.69823964e-02 2.24458124e-03 1.13391809e-01 7.07148090e-02
 4.19747680e-02 7.68453395e-03 7.51077756e-03 2.78930906e-02
 1.13190055e-01 1.09335393e-01 1.20966151e-01 7.16231484e-03
 1.16229519e-01 4.37498651e-02 7.19481036e-02 3.66861299e-02
 6.10988513e-02 4.51479759e-03 7.22599924e-02 3.71648073e-02
 1.21222762e-02 5.16774468e-02 8.04541036e-02 4.62934040e-02
 2.57407613e-02 3.10504138e-01 5.69951385e-02 9.66050252e-02
 7.76409805e-02 7.60546944e-04 7.11795464e-02 1.09876923e-01
 3.36742327e-02 1.42425969e-02 3.53822932e-02 8.78971815e-02
 4.65596914e-02 5.20644113e-02 9.87205748e-03 7.91462362e-02
 8.49755295e-03 1.06935255e-01 3.37911583e-03 2.27464661e-02
 8.36520195e-02 1.07484281e-01 8.15070351e-04 4.77275811e-02
 4.45022658e-02 9.32535082e-02 3.93646769e-02 7.83629492e-02
 7.61417747e-02 1.55911535e-01 3.08540706e-02 1.53732998e-02
 9.64632481e-02 6.55344650e-02 5.57975471e-02 8.19470212e-02
 1.38408467e-01 4.72718515e-02 3.36113735e-04 1.85595050e-01
 2.45303232e-02 2.28327826e-01 1.94314644e-02 1.78337231e-01
 6.14648946e-02 4.74583954e-02 7.85812959e-02 7.26981610e-02
 3.53419110e-02 4.69826050e-02 8.28741118e-03 6.18261471e-02
 1.55030303e-02 6.69682850e-05 6.00047670e-02 1.19663499e-01
 2.00389266e-01 1.63063258e-01 8.14526454e-02 4.79559377e-02
 9.09348205e-03 8.03883672e-02 5.10332026e-02 9.03948247e-02
 6.41024709e-02 9.44501385e-02 5.75791411e-02 1.39828116e-01
 3.85106541e-02 1.35492653e-01 7.69525319e-02 1.11092672e-01
 7.35841319e-02 1.70077626e-02 7.32495561e-02 6.64135143e-02
 3.59237008e-02 3.04893404e-02 1.73070952e-01 1.86213441e-02
 1.44859618e-02 6.51314706e-02 4.44064522e-03 1.46507010e-01
 1.87882528e-01 7.02921003e-02 1.09329335e-01 1.04568982e-02
 6.97562397e-02 4.28824015e-02 1.36837199e-01 8.96108598e-02
 2.68984959e-02 1.89085454e-01 1.20531823e-02 6.13883473e-02
 1.98344756e-02 1.52813554e-01 9.50352326e-02 8.85265470e-02
 4.29772064e-02 3.27073671e-02 5.83254825e-03 7.13373274e-02
 9.97269806e-03 5.20871729e-02 5.70032448e-02 1.25026256e-02
 3.77822556e-02 1.99953765e-02 4.55564968e-02 1.00740813e-01
 1.68190345e-01 1.28986254e-01 6.78766742e-02 5.70440777e-02
 8.48667622e-02 1.09008849e-01 8.55289102e-02 1.48870736e-01
 7.88627714e-02 5.91280758e-02 7.33541623e-02 1.14412703e-01
 1.22422718e-01 4.27923016e-02 1.80260185e-02 6.43651783e-02
 1.01152360e-01 1.01354897e-01 9.45257843e-02 5.27231246e-02
 1.43937126e-01 6.04091100e-02 3.17228120e-03 9.44289044e-02
 1.27476856e-01 4.50240336e-02 2.59580538e-02 4.41065915e-02
 2.05800068e-02 6.39062822e-02 9.67227668e-02 1.01824999e-02
 8.85377005e-02 1.03032902e-01 2.14615911e-02 8.52451771e-02
 4.34784703e-02 1.69377342e-01 5.38052134e-02 4.05251011e-02
 1.15826629e-01 1.47234306e-01 1.05905563e-01 3.30348052e-02
 1.85386688e-01 1.07198313e-01 8.06175917e-02 3.76840029e-03
 9.52541456e-02 3.16958278e-02 3.35821472e-02 1.69258993e-02
 6.39683381e-02 8.27635080e-02 5.02670789e-03 8.96077454e-02
 1.97563246e-01 3.44601199e-02 1.10296495e-01 5.97389638e-02
 7.72057055e-03 1.07460439e-01 7.85836503e-02 2.14037642e-01
 5.65626733e-02 2.63862871e-02 8.88064355e-02 1.40987217e-01
 1.31462179e-02 9.36089009e-02 1.89153049e-02 5.36609963e-02
 2.29465999e-02 1.43962344e-02 4.46035303e-02 2.93936674e-02
 1.13407429e-02 1.55005306e-02 7.82973021e-02 9.95183960e-02
 5.92691079e-02 1.68480277e-02 2.54224479e-01 2.11035479e-02
 4.37457524e-02 2.07091402e-02 5.57946265e-02 5.08366264e-02
 3.87825333e-02 9.77896061e-03 1.73220262e-01 7.54388645e-02
 6.60830438e-02 1.56766977e-02 6.52800649e-02 2.12057084e-01
 1.17315287e-02 1.68222725e-01 1.85144460e-03 3.66097167e-02
 2.33566105e-01 7.26455543e-03 2.78622508e-02 3.22287083e-02
 1.32879354e-02 5.51669709e-02 2.27078944e-02 1.78698506e-02
 9.74619910e-02 1.13648340e-01 7.15880170e-02 6.33671954e-02
 1.57442188e+00 1.26596153e-01 3.00007761e-01 6.82809055e-02
 1.15059376e-01 1.35016322e-01 9.88923162e-02 4.65374812e-02
 1.79254726e-01 1.48511603e-01 4.59474660e-02 1.73368350e-01
 7.95623288e-02 6.04836680e-02 3.64166498e-02 6.33296371e-02
 3.98459621e-02 2.38432974e-01 4.18885462e-02 1.55440539e-01
 4.63503934e-02 7.17961490e-02 1.46450192e-01 1.14355080e-01
 2.52608746e-01 1.65466368e-02 1.74631458e-02 4.68898788e-02
 2.57046036e-02 1.25359129e-02 5.10527380e-03 2.36751270e-02
 1.49518445e-01 4.55113165e-02 1.16845720e-01 1.43482119e-01
 1.72876343e-01 5.73780760e-02 5.30394129e-02 2.48215556e-01
 5.76913655e-02 6.68367594e-02 1.61414504e-01 3.57544385e-02
 2.28271205e-02 3.14355828e-02 6.64545596e-02 4.15678397e-02
 3.81574854e-02 1.78616624e-02 8.68074298e-02 1.22436620e-01
 9.55559164e-02 6.21938705e-03 7.80809298e-02 4.39504012e-02
 1.00472651e-01 4.39309217e-02 3.35350521e-02 4.20688745e-03
 2.11478844e-01 1.95579648e-01 7.67116807e-03 5.10016680e-01
 7.30990618e-02 8.98143128e-02 3.54751915e-01 1.03364378e-01
 1.52496174e-01 7.84116313e-02 4.14499976e-02 7.84765556e-02
 7.22536668e-02 9.22426283e-02 2.48952121e-01 2.09126994e-02
 1.48403168e-01 1.06585458e-01 2.93832794e-02 2.40086675e-01
 2.00484022e-01 5.29884100e-02 2.41743345e-02 6.81172758e-02
 4.41816561e-02 5.37774451e-02 1.18524805e-02 2.85773546e-01
 3.12937796e-02 1.40790805e-01 7.33862519e-02 6.31892085e-02
 1.98261708e-01 1.14861764e-01 1.27275690e-01 8.18112642e-02
 1.41147316e-01 2.12111861e-01 1.62927955e-01 1.58180937e-01
 6.22905092e-04 4.41168621e-02 2.96218637e-02 7.38950167e-03
 2.44644973e-02 9.96463299e-02 5.92984892e-02 1.95115563e-02
 7.10811419e-03 2.44724937e-02 1.23356700e-01 1.16708294e-01
 1.03681777e-02 2.56383032e-01 4.89143829e-04 1.36155775e-02
 2.43549831e-02 5.71554294e-03 1.05022602e-01 2.28393972e-02
 2.18391269e-01 1.46134973e-01 5.52437641e-02 4.72065322e-02
 1.24084046e-02 7.26686604e-03 4.70015332e-02 1.34419650e-01
 1.21390060e-01 8.03212672e-02 6.05358593e-02 2.27668136e-02
 6.94701523e-02 1.75062165e-01 1.02801718e-01 8.05005580e-02
 1.04108326e-01 8.55441019e-02 6.48221299e-02 1.03023872e-01
 7.75019228e-02 1.00579120e-01 4.96097170e-02 1.61918133e-01
 6.09881990e-02 5.29313348e-02 2.76987050e-02 8.49954188e-02
 5.87132499e-02 4.90262210e-02 1.17278695e-01 4.32047434e-02
 2.53838189e-02 3.21182758e-01 3.48537154e-02 9.07365829e-02
 3.11889239e-02 8.36355612e-03 5.24747148e-02 9.00285915e-02
 3.05762254e-02 7.58700911e-03 2.14345038e-01 3.80303268e-03
 1.06476871e-02 5.03283227e-04 7.74358585e-02 9.72674042e-03
 8.42952281e-02 7.02964962e-02 1.08601496e-01 7.56759197e-02
 2.25920938e-02 3.63863655e-03 8.15006196e-02 6.83361813e-02
 8.83255079e-02 6.69472665e-02 5.35188206e-02 1.33723825e-01
 4.61498126e-02 5.44279926e-02 1.43383155e-02 8.06269497e-02
 5.57592362e-02 7.95157403e-02 2.05764826e-03 7.74517423e-03
 7.08178850e-03 1.10411845e-01 3.40589471e-02 5.68029061e-02
 2.25960240e-02 5.32488525e-02 4.05545143e-04 6.26264811e-02
 2.22499426e-02 9.70726982e-02 6.34320974e-02 1.03238687e-01
 8.17677677e-02 3.77288386e-02 8.00856128e-02 7.41861761e-02
 1.58428645e-03 7.12199286e-02 2.21634880e-02 4.49444354e-02
 4.45202142e-02 2.71790791e-02 2.03646377e-01 2.22784597e-02
 2.30773538e-01 8.34945939e-04 4.63540368e-02 7.07661510e-02
 6.92115724e-02 9.53006372e-02 4.76955250e-02 5.62744625e-02
 1.42220929e-01 9.15614590e-02 1.29566610e-01 1.41778681e-02
 1.16256148e-01 3.52070555e-02 1.78388923e-01 2.44276021e-02
 2.02007834e-02 1.20688481e-02 2.12819278e-02 4.83488962e-02
 5.82492650e-02 6.94008321e-02 1.07583907e-02 2.95587834e-02
 3.84841561e-02 1.88623294e-02 1.55238900e-02 8.89392663e-03
 1.02538869e-01 9.23255533e-02 2.84426101e-02 6.98082075e-02
 1.55325323e-01 1.00494571e-01 7.47676790e-02 5.42987920e-02
 5.50465621e-02 2.56308895e-02 1.23990312e-01 2.29158197e-02
 8.39964151e-02 2.55248785e-01 6.02557510e-02 1.65254042e-01
 7.51177222e-02 4.05546948e-02 1.79114670e-03 1.82329156e-02
 7.02862293e-02 1.14370577e-01 1.07455313e-01 3.22200544e-02
 2.27449127e-02 7.47013614e-02 9.50835869e-02 1.30125666e-02
 7.04097599e-02 7.72215798e-03 3.92072350e-02 3.36984433e-02
 1.22100592e-01 1.56399637e-01 1.28528163e-01 5.60553893e-02
 8.10129941e-02 9.64870825e-02 5.37476838e-02 6.07682802e-02
 4.45023179e-02 1.81501806e-02 6.03920221e-02 7.81275034e-02
 1.26356766e-01 1.91910621e-02 5.17302118e-02 6.99408352e-03
 4.13916372e-02 4.87608574e-02 5.31017147e-02 6.82769790e-02
 1.28229573e-01 9.45559796e-03 2.05570813e-02 8.12586099e-02
 3.74651258e-03 6.46820143e-02 9.84666422e-02 1.34579495e-01
 7.39951851e-03 9.81143191e-02 3.28557454e-02 8.39264542e-02
 8.01403355e-03 7.84615949e-02 9.00487322e-03 3.61451209e-02
 1.11529250e-02 6.61807181e-03 6.18460253e-02 4.77775857e-02
 1.58832259e-02 1.74129400e-02 7.26974532e-02 7.34312981e-02
 9.83266607e-02 4.54201736e-02 1.18923262e-01 1.22851260e-01
 8.48501548e-03 7.93181509e-02 9.67938825e-02 3.15692484e-01
 4.45546396e-03 1.02974690e-01 2.44996585e-02 1.12924181e-01
 3.20726745e-02 8.77615414e-04 2.18105227e-01 8.06053057e-02
 2.73875985e-02 3.02758925e-02 4.06316295e-02 9.25414115e-02
 5.75618334e-02 1.06366172e-01 7.11129308e-02 1.18025824e-01
 3.22353169e-02 1.90305382e-01 1.24486074e-01 7.33647421e-02
 4.97055650e-02 7.39176199e-02 2.21388862e-02 1.66962110e-02
 7.53912255e-02 1.66393898e-03 3.51720303e-02 4.84937131e-02
 9.77513567e-02 2.24703059e-01 1.09840473e-02 1.82297364e-01
 6.67432398e-02 9.73705351e-02 4.81511913e-02 9.80112404e-02
 4.09000963e-02 7.21609890e-02 8.45784880e-03 8.12379550e-03
 2.23805960e-02 3.64195742e-02 2.00545620e-02 5.90055212e-02
 5.20153195e-02 2.31798105e-02 3.01407278e-02 1.25323176e-01
 1.73091311e-02 3.19506526e-02 8.97406116e-02 7.23604932e-02
 6.44536987e-02 1.01347901e-02 2.80419644e-02 2.51092948e-03
 2.07202379e-02 4.76589240e-02 8.59984849e-03 1.51465446e-01
 2.47126147e-02 4.00636867e-02 5.47363646e-02 7.21657798e-02
 3.57603058e-02 2.61474354e-03 3.28876674e-02 5.15476428e-02
 3.96574885e-02 4.79503721e-02 1.29456008e-02 1.82859134e-02
 2.19299253e-02 6.91470280e-02 9.71726142e-03 3.80715355e-02
 1.03404820e-02 7.77103752e-02 6.05170056e-02 1.03241749e-01
 2.55843047e-02 1.63173582e-02 1.08026698e-01 3.65650319e-02
 3.56391892e-02 4.45438251e-02 3.82738486e-02 1.36633664e-02
 7.65207633e-02 1.90809686e-02 3.29633765e-02 5.70820598e-03
 2.85518877e-02 1.07010156e-02 3.02125383e-02 6.52655959e-02
 9.90674198e-02 3.02161761e-02 4.17613238e-02 1.83988765e-01
 1.19590191e-02 4.68120947e-02 3.38345207e-02 2.42204890e-02
 4.19595186e-03 1.85041502e-01 1.62848942e-02 5.84592633e-02
 9.89824533e-02 8.59688316e-03 6.50246963e-02 3.15903164e-02
 8.23054537e-02 4.01048921e-02 5.74297458e-02 7.67296627e-02
 2.39350293e-02 1.21061042e-01 3.76997739e-02 1.61010399e-01
 6.43055066e-02 2.04744339e-02 1.99128278e-02 5.09754866e-02
 3.69783342e-02 6.26141578e-02 5.84198348e-02 3.26363966e-02
 5.94053976e-02 8.19351617e-03 1.09492044e-03 8.41640756e-02
 2.01721266e-01 3.90403718e-02 2.62962058e-02 7.74239749e-02
 1.43052116e-01 4.77293991e-02 4.01201956e-02 1.55292243e-01
 3.90858389e-02 1.52458278e-02 2.86479510e-04 4.70023826e-02
 2.53217779e-02 9.99343619e-02 9.62812677e-02 8.19085464e-02
 5.03682122e-02 2.50808634e-02 6.24009110e-02 8.27280357e-02
 2.99367439e-02 6.79087732e-03 1.85138918e-02 4.90722470e-02
 1.55779406e-01 3.80125791e-02 5.85719682e-02 3.73072028e-02
 3.18525196e-03 3.51743278e-04 1.25182569e-01 4.53742258e-02
 2.97329500e-02 6.16235919e-02 8.09319131e-03 5.31141721e-02
 9.28185135e-02 1.56851202e-01 5.69811231e-03 1.33515283e-01
 8.43691006e-02 2.94337962e-02 4.59165499e-02 5.39450394e-03
 3.60351242e-02 4.27304238e-01 3.49860117e-02 5.77126220e-02
 5.49536608e-02 6.68950379e-02 3.95126678e-02 1.57578997e-02
 3.16972774e-03 7.91851953e-02 3.03409062e-02 1.05885155e-01
 3.75192948e-02 3.51669937e-02 6.91767931e-02 1.54063134e-02
 2.26503536e-02 8.56350511e-02 2.36722454e-02 2.64190547e-02
 8.48401114e-02 4.92798053e-02 2.22380012e-01 6.52294233e-02
 3.54025215e-02 1.70973428e-02 8.34313855e-02 4.03309986e-02
 8.11795122e-04 2.88713668e-02 5.15759513e-02 7.09839985e-02
 3.91580202e-02 1.28659420e-02 6.99863657e-02 3.76622868e-03
 1.06747001e-01 1.10025387e-02 7.22558051e-02 5.41996583e-02
 6.58361390e-02 4.29753698e-02 3.80532928e-02 6.52182326e-02
 1.23810153e-02 5.66429347e-02 1.68057270e-02 2.05032229e-02
 2.28177593e-03 3.70286144e-02 2.48565674e-02 2.24616066e-01
 4.59020026e-02 8.99308547e-02 5.12248427e-02 5.71675785e-02
 1.09114230e-01 2.40156204e-02 3.75204682e-02 5.23589551e-02
 1.52678704e-02 6.05540872e-02 5.35156094e-02 1.95531193e-02
 6.94299936e-02 5.89855798e-02 3.97317205e-03 1.43313870e-01
 3.86888571e-02 3.75951082e-02 7.32765272e-02 3.56568806e-02
 7.13524297e-02 1.38243526e-01 5.37295416e-02 7.16777891e-02
 8.39950070e-02 1.99147407e-02 2.79431082e-02 7.00463206e-02
 9.88148805e-03 9.62126628e-03 1.91361338e-01 1.55237153e-01
 5.89357726e-02 6.14401065e-02 5.58463112e-02 1.36393264e-01
 5.21758534e-02 4.17712778e-02 1.55930802e-01 3.49562392e-02
 4.95186448e-03 2.46775337e-02 2.80512534e-02 1.30148567e-02
 4.34455648e-02 1.06416695e-01 7.04908744e-03 2.42397934e-01
 1.20001975e-02 3.71593125e-02 1.99348941e-01 9.02253017e-02
 7.50747174e-02 2.59774588e-02 5.61107658e-02 1.26341179e-01
 5.66823669e-02 5.39363036e-03 7.15779811e-02 1.00066755e-02
 1.87586889e-01 1.02797691e-02 9.63574052e-02 6.99278787e-02
 1.89544857e-01 9.93670244e-03 2.07969490e-02 3.56713161e-02
 1.40453968e-02 6.67603463e-02 3.87120545e-01 1.71418458e-01
 2.60907691e-02 6.51735738e-02 9.02052149e-02 5.69736138e-02
 1.34994406e-02 8.66793394e-02 5.48650883e-02 3.25898901e-02
 3.89855765e-02 4.46100393e-03 4.39907089e-02 2.45680094e-01
 1.61409304e-02 1.41126066e-01 1.17240511e-02 4.49467599e-02
 8.16983581e-02 9.13081169e-02 2.17042103e-01 1.12478942e-01
 1.30247474e-01 6.45405650e-02 1.10989213e-01 1.49677679e-01
 2.30737254e-02 4.24780324e-02 1.39548466e-01 9.36659873e-02
 2.00555578e-01 6.65915385e-02 2.82125771e-02 1.79080199e-02
 1.04248617e-02 1.72011450e-01 2.98591971e-01 4.38627154e-02
 5.10808593e-03 2.42532372e-01 7.59680271e-02 1.00097731e-02
 1.22101977e-02 7.33501986e-02 1.52609333e-01 7.66952857e-02
 9.77139249e-02 6.43611327e-02 2.65886366e-01 6.27305284e-02
 3.96009460e-02 7.77387396e-02 2.68157534e-02 2.30434120e-01
 5.02251722e-02 4.62807454e-02 5.81809804e-02 2.29225610e-03
 1.04796469e-01 3.32038626e-02 9.99574065e-02 1.15158558e-02
 1.41627407e-02 1.34385630e-01 1.72373042e-01 6.87172711e-02
 1.64122328e-01 5.51586151e-02 6.58220947e-02 1.04836307e-01
 8.76922309e-02 4.27734926e-02 1.52115420e-01 1.41150281e-02
 2.13832304e-01 1.93748653e-01 1.34902358e-01 1.70829117e-01
 6.69188276e-02 3.39776278e-02 1.81462854e-01 4.41463739e-02
 7.54883662e-02 1.74303696e-01 6.54905848e-03 6.14865832e-02
 9.84690636e-02 9.77431685e-02 7.51471668e-02 1.42142266e-01
 3.52688022e-02 6.46982864e-02 1.55675830e-03 2.49951378e-01
 6.59945309e-02 5.39850406e-02 2.07321212e-01 2.76470482e-01
 1.09058529e-01 5.93349859e-02 1.35693729e-01 5.57276569e-02
 1.61812946e-01 6.68845177e-02 1.40730031e-02 3.27229723e-02
 5.53357452e-02 1.08403713e-02 5.16285598e-02 1.14832513e-01
 5.08181192e-02 1.47026032e-01 1.90193743e-01 4.73940335e-02
 2.00974941e-01 8.99504572e-02 8.13126657e-03 2.90826708e-01
 1.14818811e-01 1.51402056e-01 2.49598578e-01 1.93385273e-01
 2.20613778e-01 1.23250142e-01 1.02090314e-01 2.10741833e-02
 1.29954338e-01 1.17520921e-01 5.36713824e-02 8.67349803e-02
 2.63469398e-01 1.62368551e-01 1.39388055e-01 1.33998543e-01
 1.34742245e-01 2.29921881e-02 5.39173596e-02 7.77023435e-02
 1.61725461e-01 1.04887553e-01 8.76684859e-02 1.31194771e-03
 4.95679751e-02 1.92363169e-02 2.14428492e-02 1.13959283e-01
 7.12097734e-02 1.41562624e-02 5.64552099e-02 4.25847545e-02
 4.42064274e-03 1.85849741e-02 1.06576599e-01 6.04085475e-02
 8.66791531e-02 1.26255676e-02 1.25595167e-01 1.08315356e-01
 1.74638718e-01 2.34064758e-02 7.15311244e-02 1.00534283e-01
 3.40238661e-02 5.16388472e-03 7.28329271e-02 1.37675805e-02
 1.04896158e-01 2.04601474e-02 8.14684704e-02 1.88287526e-01
 3.11108753e-02 1.75725624e-01 1.98246632e-02 8.86224285e-02
 8.98831058e-03 1.18605308e-02 6.95515946e-02 1.18741900e-01
 5.58900908e-02 8.92930776e-02 5.36330044e-02 1.26284391e-01
 4.41547707e-02 5.59888333e-02 5.34158237e-02 7.12458640e-02
 3.55188772e-02 2.78342534e-02 3.72513235e-02 6.48704395e-02
 1.60002574e-01 3.42153385e-02 1.83169078e-02 4.22576256e-03
 5.18526509e-02 1.37389563e-02 5.22323363e-02 4.67198119e-02
 1.00672424e-01 4.13557664e-02 6.01617135e-02 5.69974259e-02
 4.17800210e-02 1.12113003e-02 1.17606102e-02 4.43667248e-02
 5.19645363e-02 2.59747189e-02 6.79275468e-02 3.59548256e-02
 5.18906191e-02 4.15539704e-02 3.69762145e-02 1.22970194e-02
 5.87461963e-02 2.54288241e-02 7.77325768e-04 6.51109815e-02
 6.91037104e-02 6.78934157e-02 9.40890685e-02 6.24138713e-02
 6.97587132e-02 6.62045032e-02 1.43576220e-01 1.42820431e-02
 2.28324961e-02 1.90768205e-02 2.68179588e-02 1.61938109e-02
 6.26110584e-02 7.99427405e-02 7.20538348e-02 2.02461760e-02
 5.88910244e-02 4.77889180e-02 1.13887981e-01 4.48275264e-03
 5.06100897e-03 1.21014595e-01 1.51632637e-01 2.83216103e-03
 4.52791229e-02 1.15093634e-01 2.00751275e-02 2.20357459e-02
 9.77279916e-02 3.46897840e-02 5.41213937e-02 1.43468324e-02
 7.79683068e-02 7.83616006e-02 4.31954674e-02 3.02525908e-02
 2.26596352e-02 4.35777530e-02 4.25522812e-02 8.50181840e-03
 8.25597569e-02 3.26107256e-02 2.94256527e-02 1.27247527e-01
 3.15563381e-02 1.04188696e-01 5.52673172e-03 2.70168763e-03
 7.85277709e-02 8.49483609e-02 1.41046820e-02 6.77062124e-02
 1.74967833e-02 7.45652691e-02 9.64175239e-02 9.73525122e-02
 4.41061594e-02 3.54770608e-02 3.45568955e-02 8.28884542e-02
 6.51767924e-02 1.96653847e-02 4.62950841e-02 3.78831625e-02
 1.67265572e-02 3.83090368e-03 7.57297277e-02 2.71349642e-02
 3.37916352e-02 2.25135759e-02 3.95549238e-02 6.56059086e-02
 1.02021312e-02 5.23819923e-02 2.20776405e-02 2.58542318e-02
 1.04225492e-02 2.31520608e-02 7.86380097e-02 5.18827811e-02
 2.91220825e-02 7.80758262e-02 5.33695817e-02 1.09392190e-02
 8.00253823e-02 8.51136446e-03 2.69552954e-02 4.47809473e-02
 3.49137112e-02 1.15476668e-01 1.52253592e-02 3.17606367e-02
 3.71304676e-02 3.32071632e-02 2.66147479e-02 3.74278985e-02
 2.31780633e-02 6.32012561e-02 1.04078002e-01 2.50639729e-02
 3.98375802e-02 4.49960306e-02 3.17261517e-02 2.04873569e-02
 2.61235330e-02 3.07613052e-02 2.44014822e-02 8.04761127e-02
 8.85132253e-02 1.57085806e-02 2.16577426e-02 9.83782485e-02
 1.44105060e-02 1.70699060e-02 3.38422880e-02 4.12173755e-02
 4.63795960e-02 3.70557345e-02 4.33661602e-02 7.95662112e-04
 1.82446651e-02 2.18335781e-02 3.78314890e-02 1.07276097e-01
 1.91856567e-02 8.68247822e-03 1.69509482e-02 1.52263045e-02
 5.28781966e-04 8.23064670e-02 2.88859685e-03 1.35617688e-01
 1.67963877e-02 1.45701235e-02 3.06666046e-02 6.35122834e-03
 2.40431400e-03 4.10112739e-02 4.72593820e-03 4.64595407e-02
 7.67712891e-02 5.33945970e-02 1.82217956e-02 3.95572856e-02
 9.40710902e-02 8.77533555e-02 3.19038816e-02 4.49512862e-02
 8.33454132e-02 1.02899283e-01 5.07892668e-02 2.69013066e-02
 2.92728115e-02 3.61499861e-02 1.23446040e-01 1.84224565e-02
 1.02649480e-01 1.49343252e-01 2.22305578e-04 2.18860656e-02
 9.92411226e-02 1.21355727e-01 4.64318022e-02 6.53297529e-02
 2.20348209e-01 1.21381097e-01 1.41736105e-01 2.59645164e-01
 9.02639609e-03 2.99628172e-02 1.54640049e-01 1.50845554e-02
 7.39163626e-03 1.72166571e-01 1.01138875e-01 2.35823095e-02
 7.35685453e-02 4.03366238e-02 5.31650409e-02 6.88457042e-02
 1.32954568e-01 4.87696985e-03 6.00814149e-02 4.25721519e-02
 4.29695323e-02 2.08480090e-01 5.57185002e-02 7.08187670e-02
 2.59786379e-02 4.59800698e-02 1.38793439e-01 2.44542304e-02
 2.74800658e-02 1.01530775e-02 7.36424997e-02 1.62392065e-01
 1.30614907e-01 1.20940298e-01 1.25851810e-01 5.20371320e-03
 3.16146724e-02 3.42956223e-02 6.87539428e-02 1.25806600e-01
 4.27070707e-02 3.84953618e-02 2.08451584e-01 8.73314869e-03
 1.95172373e-02 9.87275392e-02 9.54547077e-02 3.46096791e-02
 9.54683349e-02 3.10559776e-02 3.27463374e-02 2.18729615e-01
 5.13302907e-02 1.00186532e-02 2.63362993e-02 4.70894277e-02
 1.56130921e-02 7.88803548e-02 2.62100026e-02 1.14195339e-01
 9.39361453e-02 1.52420372e-01 8.47968236e-02 7.98370540e-02
 7.48925880e-02 5.13403453e-02 8.61079246e-02 5.53287938e-02
 9.81316864e-02 1.41349323e-02 1.05702169e-01 5.04468521e-03
 1.86685249e-02 1.45707754e-02 2.74369065e-02 1.09531274e-02
 8.01637769e-02 7.48623610e-02 2.49660946e-02 2.19739601e-02
 3.65657434e-02 7.48817623e-02 6.16007904e-03 1.02173217e-01
 9.57515836e-02 1.48059148e-03 1.58411022e-02 1.45786121e-01
 7.22177029e-02 8.93249288e-02 4.31453362e-02 3.19976034e-03
 4.67445590e-02 2.46140757e-03 1.01785979e-03 3.76195051e-02
 1.10910557e-01 1.67147201e-02 1.77364927e-02 1.77721437e-02
 6.39631525e-02 1.18905053e-01 5.77254221e-02 1.34035528e-01
 3.26680131e-02 8.07989910e-02 3.03288363e-03 4.94400179e-03
 3.10566220e-02 4.43076119e-02 2.03762408e-02 9.52652842e-03
 9.91378799e-02 2.32002623e-02 8.29431564e-02 8.52430761e-02
 6.77289218e-02 4.92740571e-02 1.22606056e-02 4.82873172e-02
 5.28271236e-02 7.26609528e-02 6.91157207e-02 1.53265502e-02
 8.33636895e-02 1.04283476e-02 1.43885776e-01 9.56382137e-03
 1.42007712e-02 6.16938211e-02 5.60226711e-03 1.00243520e-02
 5.73018230e-02 5.79746887e-02 2.08310056e-02 1.19456928e-02
 1.85700208e-01 1.57976642e-01 6.42263005e-03 1.70868039e-02
 9.83544812e-02 4.29508872e-02 6.17787018e-02 1.05612269e-02
 1.01058194e-02 3.82182077e-02 4.29621071e-01 1.41110778e-01
 1.08251376e-02 5.60470410e-02 8.03855900e-03 2.61722431e-02
 1.15021400e-01 4.99924459e-02 6.10723607e-02 1.08934380e-02
 2.25964263e-02 1.10405140e-01 9.08542890e-03 6.65164029e-04
 5.35799488e-02 7.30958879e-02 2.72432528e-02 4.73423116e-02
 2.23487965e-03 3.41018960e-02 1.45830080e-01 3.37167010e-02
 4.09646779e-02 1.19219171e-02 5.49621135e-02 7.58334473e-02
 1.04320429e-01 7.13994652e-02 2.39465684e-02 2.35978495e-02
 6.05246723e-02 5.49708903e-02 1.43185377e-01 1.53154247e-02
 9.68863666e-02 4.91769239e-02 1.98252872e-02 3.19841057e-02
 2.01161683e-01 3.87247354e-02 7.55036101e-02 8.27255696e-02
 1.98116162e-04 2.38548946e-02 8.03465918e-02 5.19199297e-02
 1.93019718e-01 7.37463236e-02 4.93330657e-02 1.12236656e-01
 6.90283105e-02 9.48445424e-02 4.05925401e-02 1.53305545e-01
 8.89875647e-03 9.46986675e-02 9.94822830e-02 7.18499813e-03
 5.61794192e-02 5.00797294e-02 9.53550264e-02 8.58179331e-02
 4.12074588e-02 8.98183435e-02 5.78317046e-03 7.63862208e-02
 4.07308266e-02 1.53418899e-01 7.78277293e-02 8.78427476e-02
 1.28253296e-01 7.12903813e-02 8.37685168e-02 7.04934075e-02
 1.58224612e-01 2.62233410e-02 3.51688042e-02 1.28640652e-01
 2.37678383e-02 4.89124330e-03 1.65178612e-01 9.17451829e-02
 3.95892784e-02 1.39543757e-01 4.22124304e-02 7.88053051e-02
 6.33798093e-02 2.62132455e-02 4.07536142e-02 8.45865384e-02
 3.98166887e-02 6.27123415e-02 7.59110004e-02 1.75131653e-02
 1.00031190e-01 6.31287619e-02 5.31678721e-02 7.21968338e-02
 6.36287481e-02 9.20035839e-02 3.85698974e-02 1.08466476e-01
 3.57244387e-02 1.08340785e-01 4.51871306e-02 1.83579493e-02
 2.00579967e-02 6.71302676e-02 2.19706923e-01 8.61079525e-03
 5.93393110e-02 6.14716932e-02 2.12018881e-02 4.38547134e-02
 1.49695957e-02 5.10936156e-02 2.44160332e-02 1.71447713e-02
 1.95264686e-02 5.98181747e-02 1.22463427e-01 8.75189230e-02
 8.42672363e-02 5.16751185e-02 7.61852041e-03 7.78239593e-02
 7.38805085e-02 8.69442448e-02 1.12411128e-02 1.04232458e-02
 5.57903647e-02 5.10269366e-02 2.14391947e-01 3.88688929e-02
 1.96196698e-03 1.78482570e-02 9.97873843e-02 5.61477244e-02
 1.00967791e-02 6.07213341e-02 1.38323501e-01 5.67363799e-02
 2.04812977e-02 2.12416016e-02 1.87565945e-02 4.15837690e-02
 4.63077202e-02 3.92829850e-02 1.11959636e-01 5.97221553e-02
 3.79358977e-02 3.50933522e-02 1.05754966e-02 5.54518327e-02
 3.44322026e-02 1.70634855e-02 9.49627683e-02 2.81356461e-02
 3.69148180e-02 6.76371083e-02 2.12950110e-02 1.06799386e-01
 6.28859103e-02 3.33234668e-01 2.33149920e-02 1.35978207e-01
 5.89053929e-02 2.43652482e-02 3.42265330e-02 2.58272961e-02
 1.39873967e-01 1.99524537e-02 2.73299336e-01 2.17233866e-01
 7.22916499e-02 1.13772517e-02 1.15808174e-01 2.96327099e-02
 6.76286370e-02 5.77368177e-02 1.13780208e-01 2.91075587e-01
 2.11792514e-01 1.18515715e-01 6.11140914e-02 7.80372843e-02
 3.31797957e-01 1.64017111e-01 5.90166338e-02 9.41922441e-02
 6.42023981e-03 3.74269746e-02 2.14357302e-01 1.48708090e-01
 2.82515943e-01 1.03386447e-01 8.13410804e-02 3.62538397e-02
 4.27163169e-02 6.34443760e-02 2.85932496e-02 6.46270737e-02
 5.84768504e-02 5.40252365e-02 1.24260060e-01 8.51933956e-02
 7.39402249e-02 5.28517663e-02 9.56947580e-02 9.11680311e-02
 4.92341593e-02 1.38069317e-01 6.72531575e-02 1.72598511e-02
 7.55190104e-02 1.95809469e-01 1.46504780e-02 7.44777024e-02
 2.47973092e-02 5.62671898e-03 1.85001157e-02 7.35978261e-02
 9.11427755e-03 9.59180817e-02 4.99729775e-02 1.22208878e-01
 4.64253537e-02 4.34225760e-02 3.14498171e-02 1.46523356e-01
 5.69232553e-02 5.93018420e-02 1.57105088e-01 8.09853449e-02
 7.88668767e-02 1.11625202e-01 1.48628578e-01 1.97635144e-01
 3.44758295e-02 3.83901596e-03 3.04120816e-02 6.86256215e-02
 1.35278121e-01 1.42268345e-01 6.28240854e-02 2.74366885e-01
 1.96389198e-01 4.41863909e-02 3.73102613e-02 1.22458950e-01
 1.57540869e-02 7.01990947e-02 4.31927294e-02 1.36511773e-02
 6.34535998e-02 1.90538511e-01 1.46357253e-01 6.56680688e-02
 7.15470267e-03 1.72677591e-01 1.69477910e-01 3.56205776e-02
 7.47812316e-02 5.11863790e-02 4.51397486e-02 8.58445168e-02
 4.37857397e-02 7.75445253e-04 4.52255160e-02 7.34165758e-02
 9.53103900e-02 4.06075977e-02 3.98905389e-02 7.17389956e-02
 1.87644064e-02 1.24496333e-01 2.57408898e-02 9.85245220e-03
 7.14981183e-02 1.71405748e-01 2.61830777e-01 5.05820252e-02
 1.27281519e-02 1.84800655e-01 4.56448197e-02 8.54808614e-02
 1.53858503e-02 6.74113855e-02 1.32656410e-01 4.28804420e-02
 1.68402031e-01 4.01273593e-02 2.70386171e-02 2.56632492e-02
 1.88608859e-02 8.19413960e-02 1.78145189e-02 1.76513419e-02
 2.46977713e-02 2.18341574e-02 2.30229408e-01 1.53901517e-01
 2.02924699e-01 8.59088916e-03 5.53566441e-02 1.50154606e-02
 4.91140224e-02 6.42111599e-02 2.28565233e-03 5.11320680e-02
 9.32373945e-03 1.95498213e-01 8.06903169e-02 9.42876376e-03
 1.05276905e-01 4.66595888e-02 6.67244196e-03 3.04784495e-02
 7.91597646e-03 2.34607272e-02 9.59750265e-03 1.69369299e-02
 5.62665015e-02 2.89540231e-01 1.47741526e-01 1.02744870e-01
 2.14181855e-01 1.93556976e-02 5.64347859e-03 1.51429385e-01
 9.74278077e-02 1.27364740e-01 2.07860935e-02 1.35632962e-01
 2.04526652e-02 6.61579147e-02 2.01655440e-02 5.15521020e-02
 1.26505435e-01 1.58162609e-01 1.54458150e-01 6.60726940e-03
 1.26262993e-01 2.29992822e-01 3.15587036e-02 5.85355982e-02
 1.79304659e-01 3.68940830e-01 1.13617651e-01 1.75334476e-02
 1.17963575e-01 1.52417228e-01 2.89995912e-02 1.56492237e-02
 5.35754822e-02 6.91889450e-02 8.63942970e-03 6.23091776e-03
 1.06546909e-01 2.73898393e-01 4.22580242e-02 1.11831576e-01
 5.48385875e-03 7.57791698e-02 2.09733080e-02 9.54709798e-02
 2.40665656e-02 1.51208729e-01 2.42156520e-01 7.30234757e-02
 7.78795630e-02 1.18759893e-01 2.32007783e-02 1.31708801e-01
 1.02451503e-01 6.34067878e-02 2.55721897e-01 1.05286755e-01
 1.30208164e-01 1.34454984e-02 1.78188439e-02 9.95637551e-02
 1.11100651e-01 7.55206496e-02 1.08276203e-01 7.42861303e-03
 3.54978978e-03 2.19015591e-02 4.42650616e-01 2.01903805e-01
 2.69366149e-02 1.20980799e-01 1.48434043e-02 1.79808259e-01
 1.92935422e-01 5.67522347e-02 9.29985940e-02 7.43982047e-02
 1.70789823e-01 1.98851191e-02 8.07308331e-02 1.38112316e-02
 1.11448625e-02 1.96548253e-01 2.52196074e-01 1.36347890e-01
 1.93281472e-01 3.05543263e-02 7.83958957e-02 1.06541872e-01
 1.64968655e-01 2.62541957e-02 6.93902224e-02 6.65198416e-02
 6.77855685e-02 7.22285509e-02 1.52360737e-01 1.61049753e-01
 2.02071920e-01 1.41034994e-04 1.45854324e-01 3.04573476e-01
 7.58967188e-04 5.98442703e-02 3.55982594e-02 1.85179695e-01
 2.19024066e-02 7.40508037e-03 9.49477181e-02 9.44807976e-02
 4.34868857e-02 7.35718850e-03 3.25971060e-02 2.62049194e-02
 6.77557290e-02 3.13428864e-02 4.88293730e-02 2.29109433e-02
 4.95040789e-02 1.46581054e-01 2.95920745e-02 1.64044593e-02
 9.73345526e-03 9.15427133e-02 6.60704002e-02 3.15788239e-02
 8.99194798e-04 6.62431493e-02 2.72149015e-02 6.61900043e-02
 8.15343857e-02 4.79929671e-02 5.13051413e-02 1.59486502e-01
 5.12585230e-02 1.15448616e-01 7.59018259e-03 2.06953753e-02
 1.51657522e-01 8.04678872e-02 2.01802421e-02 2.58970380e-01
 6.96059167e-02 3.45987715e-02 1.49254769e-01 3.79684642e-02
 1.20734811e-01 9.94975418e-02 1.06149703e-01 3.52340490e-02
 3.69279124e-02 9.51600373e-02 1.21477105e-01 1.23540480e-02
 2.22824644e-02 1.33839771e-01 1.34952124e-02 6.08562492e-02
 3.67298685e-02 2.71347947e-02 5.68375438e-02 3.36987711e-02
 3.49896215e-03 4.15114984e-02 3.04539632e-02 4.75067571e-02
 5.39027862e-02 5.12330271e-02 3.35446373e-02 3.09205111e-02
 2.94906669e-03 3.54663990e-02 1.69873368e-02 4.07199487e-02
 1.61808711e-02 1.02776922e-01 2.08339747e-02 1.19129576e-01
 6.34213686e-02 1.23294033e-01 1.19516207e-02 6.31166250e-02
 3.21590453e-02 5.84512623e-03 8.80293772e-02 9.73261520e-02
 1.65056437e-02 4.69517056e-03 1.97937302e-02 2.47249100e-02
 1.92310624e-02 3.62665877e-02 2.99453050e-01 5.71537949e-02
 3.45622674e-02 1.24931820e-01 3.38099934e-02 4.51703370e-03
 1.55256212e-01 6.61950260e-02 4.23370712e-02 3.31298844e-03
 5.51678799e-03 1.01212356e-02 1.17320552e-01 1.22471265e-02
 4.95629795e-02 2.06477195e-02 6.97258264e-02 6.87119877e-03
 5.76533154e-02 2.71002278e-02 3.31928991e-02 1.90633070e-02
 7.21068084e-02 1.63353309e-01 3.84579040e-02 9.53024160e-03
 6.98171854e-02 6.53494522e-03 1.96051642e-01 8.19976442e-03
 5.54620754e-03 1.36939079e-01 1.37374792e-02 4.91216369e-02
 2.43275266e-04 9.22910124e-02 7.18802027e-03 4.14538234e-02
 6.57206923e-02 1.73484255e-02 8.31579790e-03 6.66680411e-02
 1.65130366e-02 7.86306337e-03 1.29855245e-01 6.87391544e-03
 3.03071621e-03 3.62040289e-02 5.47186881e-02 2.87160054e-02
 3.14933918e-02 7.35157728e-02 7.18574673e-02 1.49409577e-01
 2.81274077e-02 3.31014246e-02 1.15937544e-02 5.99716157e-02
 1.77873559e-02 1.14812925e-02 9.22982767e-03 8.10667872e-03
 6.32601306e-02 1.05538429e-03 4.83811274e-02 6.30634278e-02
 2.70346850e-01 6.78002974e-03 5.46624735e-02 8.15615430e-02
 6.38869107e-02 3.31078172e-02 5.22426702e-02 2.41809059e-02
 6.39903545e-03 5.35356589e-02 1.47033883e-02 4.49815542e-02
 3.41989547e-02 1.91946194e-01 5.51532805e-02 9.03791934e-02
 8.26498345e-02 2.04058081e-01 9.53877717e-03 8.54872316e-02
 9.82801020e-02 1.16960593e-01 4.29676399e-02 1.11384401e-02
 5.56132644e-02 9.07877311e-02 9.98991262e-03 1.88764557e-02
 5.22294361e-03 7.51806125e-02 4.05379124e-02 1.53748654e-02
 7.17491284e-02 1.39767062e-02 7.51542673e-02 6.43296912e-02
 8.11577961e-02 8.98476914e-02 2.00016424e-02 5.33201434e-02
 1.80509426e-02 6.93805590e-02 5.55830309e-03 3.67415771e-02
 1.72459796e-01 2.66825724e-02 3.97856906e-02 6.92985803e-02
 9.08336043e-03 4.87596728e-02 8.19973871e-02 6.87844865e-03
 3.20269763e-02 8.34449157e-02 3.15830596e-02 1.73052847e-02
 1.66561455e-02 2.38837004e-02 1.38688937e-01 1.49154160e-02
 8.24504644e-02 9.87293422e-02 2.17224453e-02 1.74640089e-01
 5.92531264e-02 1.87440217e-02 5.75061366e-02 5.26951477e-02
 5.14073074e-02 2.33109593e-02 6.81066886e-03 1.26282210e-02
 1.96587294e-02 2.41702534e-02 2.62421630e-02 1.95469055e-02
 1.57203395e-02 7.95594007e-02 1.44737111e-02 1.97360590e-02
 3.11246440e-02 4.43275832e-02 9.04470030e-03 4.94637787e-02
 2.93847788e-02 1.29413595e-02 7.89922625e-02 4.01793346e-02
 5.14202677e-02 5.95133053e-03 5.50665536e-05 1.03421219e-01
 3.86034288e-02 2.49577276e-02 3.17910761e-02 3.19037512e-02
 1.58504918e-01 6.28984114e-03 3.14964801e-02 3.33288051e-02
 5.61887510e-02 1.14181694e-02 2.19080523e-02 1.19903997e-01
 9.32760537e-02 8.84890705e-02 3.88221145e-02 5.93835935e-02
 9.07314047e-02 4.76089381e-02 6.73922449e-02 1.16324931e-01
 6.01925515e-02 6.84135547e-03 8.21204707e-02 1.46729380e-01
 1.65161341e-02 7.36391768e-02 4.88099270e-02 1.40029564e-01
 1.50094062e-01 1.90771762e-02 5.06702401e-02 1.40630782e-01
 7.96679854e-02 8.87432843e-02 1.33427992e-01 8.14846158e-03
 6.49194717e-02 9.44319088e-03 6.10342287e-02 2.08777338e-02
 6.31107464e-02 8.44117180e-02 2.61714775e-02 9.06165987e-02
 1.07977718e-01 5.51835913e-03 5.18713109e-02 2.23794207e-01
 6.08674884e-02 1.81222767e-01 2.15304285e-01 1.04984846e-02
 3.27827744e-02 1.46759242e-01 4.79131527e-02 1.55039178e-02
 1.73572883e-01 3.49485353e-02 6.00990932e-03 3.05913556e-02
 9.26617980e-02 4.35231924e-02 5.28626926e-02 1.76341478e-02
 6.07585944e-02 1.16833061e-01 1.73998639e-01 1.15782887e-01
 3.90439550e-03 7.56127462e-02 1.09350026e-01 8.36629644e-02
 1.31344512e-01 1.21505372e-01 6.61904141e-02 4.76858728e-02
 1.04438461e-01 5.73645271e-02 1.07944384e-01 4.72841300e-02
 2.16640234e-01 1.16896272e-01 4.08260822e-02 1.76822826e-01
 1.21907322e-02 8.30006674e-02 9.94290784e-03 1.29463613e-01
 3.12241837e-02 8.88314322e-02 1.06977530e-01 3.00888091e-01
 1.34835616e-01 4.09110971e-02 5.02287969e-02 9.49562490e-02
 1.34522632e-01 2.30240766e-02 1.41245842e-01 3.77183706e-02
 8.95443708e-02 6.51998911e-03 2.24532217e-01 1.40157975e-02
 1.22181751e-01 1.08346594e-02 5.79041382e-03 5.13244495e-02
 3.88091594e-01 3.37411314e-02 2.22503524e-02 4.94346395e-02
 4.27753404e-02 7.98988268e-02 9.42908674e-02 2.52497077e-01
 2.24368438e-01 1.70072615e-02 1.33169936e-02 8.19079170e-04
 1.04173370e-01 8.84124339e-02 2.58729786e-01 2.31255189e-01
 9.64930281e-02 7.18466341e-02 9.23857093e-03 4.79395390e-02
 2.18161289e-02 3.08729447e-02 4.82375026e-02 3.08884680e-01
 2.71949172e-02 9.42608565e-02 5.15786409e-02 1.07626552e-02
 1.06503606e-01 3.06987902e-03 1.29718915e-01 4.00043800e-02
 3.19296345e-02 4.89343256e-02 8.53055641e-02 1.43949196e-01
 1.50045753e-01 4.32722121e-02 7.51596764e-02 7.54242251e-03
 1.16457120e-02 7.49255940e-02 2.11950932e-02 8.72199144e-03
 1.32963449e-01 4.04892787e-02 4.65331636e-02 7.30985552e-02
 6.15039356e-02 3.30048660e-03 3.06071639e-02 4.14287150e-02
 9.87984166e-02 7.58590084e-03 8.22818130e-02 1.04488414e-02
 2.41264440e-02 3.50917801e-02 7.07920939e-02 5.57415709e-02
 4.02692631e-02 1.08688623e-01 4.64691631e-02 7.67845253e-04
 4.59850766e-02 2.96584833e-02 6.03791922e-02 3.31693701e-02
 6.92573935e-02 4.39662710e-02 2.73475982e-03 5.40867627e-01
 5.70822693e-03 5.21358289e-02 5.60686737e-02 2.27275729e-01
 9.85216945e-02 2.76040789e-02 1.26687642e-02 3.47613543e-02
 5.52060567e-02 8.80646631e-02 9.07161087e-02 3.84497494e-02
 6.89810701e-03 9.92327929e-02 6.19116575e-02 1.41089559e-02
 8.93569365e-02 4.52134088e-02 4.66721952e-02 4.24697660e-02
 2.07706511e-01 4.76294272e-02 1.45392418e-01 1.23753563e-01
 2.80513074e-02 3.00507639e-02 2.34056413e-01 6.01201728e-02
 4.30951826e-02 3.54866460e-02 4.91128080e-02 1.62686948e-02
 3.43327932e-02 1.10163316e-01 2.83056140e-01 3.99240591e-02
 4.63915877e-02 1.21645167e-01 2.13838577e-01 7.53028020e-02
 1.85597003e-01 2.93316785e-03 7.15719163e-02 1.19671859e-01
 8.88285786e-02 9.44134369e-02 9.23211947e-02 9.69311520e-02
 9.86580644e-03 3.40549252e-03 7.87802711e-02 1.01823233e-01
 9.04902467e-04 5.14550060e-02 1.56083675e-02 5.63605092e-02
 6.78755790e-02 4.86132177e-03 1.25052050e-01 1.83238477e-01
 5.87017946e-02 7.22554848e-02 4.43692096e-02 7.64975930e-03
 1.55610610e-02 1.60732865e-01 7.33765364e-02 8.16888660e-02
 2.96713859e-02 1.28249988e-01 1.57751858e-01 1.65178388e-01
 2.76887804e-01 1.42126188e-01 1.26818657e-01 6.87885806e-02
 2.00367376e-01 1.62910178e-01 9.27077308e-02 3.30886655e-02
 4.12816331e-02 2.27017477e-02 1.00961052e-01 1.30400032e-01
 2.62895878e-02 2.27533847e-01 6.90999208e-03 2.80302763e-02
 1.25446036e-01 3.47193005e-03 1.21818177e-01 9.17274971e-03
 1.03206515e-01 1.17224604e-01 3.35247815e-02 3.31093185e-02
 7.79670402e-02 3.02622229e-01 1.37506187e-01 5.94843738e-02
 1.84783135e-02 1.25854015e-02 2.51136571e-01 7.55989412e-03
 2.36298386e-02 1.31045595e-01 6.00563213e-02 1.52303018e-02
 1.56821132e-01 1.24465317e-01 2.46903095e-02 7.16530383e-02
 1.11107036e-01 6.71573775e-03 2.02939846e-02 1.25777684e-02
 6.93515465e-02 2.32564434e-02 2.25025609e-01 5.76175377e-02
 6.79036453e-02 2.10200325e-02 3.35405651e-03 3.50447446e-02
 1.56716794e-01 1.42224059e-01 3.36937197e-02 1.38143655e-02
 6.19008690e-02 2.07931409e-03 2.36283224e-02 9.97547954e-02
 1.81190491e-01 3.52723114e-02 2.17748908e-04 1.36351585e-01
 1.20186815e-02 6.48209974e-02 3.13708954e-03 1.50759602e-02
 1.80380777e-01 1.35159954e-01 6.67109564e-02 7.54591674e-02
 2.52422020e-02 4.07382324e-02 5.74907428e-03 6.57793209e-02
 8.61448422e-02 1.21045776e-01 5.63754737e-02 5.25058843e-02
 8.43653902e-02 1.10488713e-01 4.66498971e-01 2.71992814e-02
 1.36076584e-01 9.47503000e-02 3.01880259e-02 1.61330923e-01
 4.62916791e-01 8.41730908e-02 5.51519431e-02 4.67002355e-02
 1.62464790e-02 1.07279336e-02 2.14440256e-01 7.57832974e-02
 8.22708383e-02 3.71098705e-02 1.02955230e-01 7.04516247e-02
 6.76816329e-02 9.88856182e-02 3.27614956e-02 2.16770560e-01
 1.78162456e-02 1.00936688e-01 3.91306505e-02 5.85608222e-02
 7.89152086e-02 8.64581019e-02 6.65397421e-02 1.24237098e-01
 1.23828970e-01 7.93828815e-02 1.31171882e-01 9.25834030e-02
 5.91607168e-02 2.05069613e-02 9.50119421e-02 2.64637657e-02
 6.54390901e-02 3.78920548e-02 4.12828149e-03 3.63268554e-02
 8.22807010e-03 7.42932856e-02 6.36858027e-03 3.67029617e-03
 5.47343232e-02 9.68183950e-02 1.14686787e-02 1.13920063e-01
 7.15043172e-02 1.52556673e-01 3.31763402e-02 3.84245627e-02
 1.48756236e-01 1.33303329e-01 8.92388523e-02 5.94101772e-02
 1.40589997e-01 1.31401885e-03 3.95183563e-02 2.87354235e-02
 7.32717365e-02 1.44918874e-01 5.59001118e-02 6.39721751e-02
 2.22466309e-02 3.59264091e-02 7.31053157e-03 4.35717627e-02
 8.87188688e-02 9.23769474e-02 4.23053913e-02 7.12549165e-02
 5.27687743e-02 1.26523495e-01 1.98883526e-02 2.42935102e-02
 8.15953314e-02 4.50076647e-02 1.36924863e-01 2.54036556e-03
 1.67320564e-01 1.07722603e-01 1.11760683e-01 5.28286211e-02
 4.01348323e-02 1.58409830e-02 7.94840753e-02 7.91690126e-02
 6.85846526e-03 5.10668010e-02 1.30646527e-01 1.83916807e-01
 1.80087700e-01 2.55162828e-02 1.60746753e-01 1.77396894e-01
 2.44527683e-02 7.13615119e-03 7.36227632e-02 1.51693430e-02
 2.79639140e-02 5.30898497e-02 1.84441207e-03 1.08687572e-01
 1.49097949e-01 2.71410316e-01 1.72780678e-01 4.87882458e-02
 7.67612606e-02 1.56702250e-01 5.55257976e-01 6.37282133e-02
 8.74510780e-02 1.74511388e-01 3.73675525e-02 1.52223213e-02
 1.00880176e-01 1.87731162e-02 8.11106116e-02 2.53893062e-03
 3.49606015e-02 6.80644810e-02 1.39792599e-02 5.33177927e-02
 1.02684826e-01 1.01780333e-02 1.22476622e-01 1.60671994e-02
 2.83156689e-02 4.83271405e-02 5.59392245e-03 2.77925991e-02
 1.83629468e-02 4.00997959e-02 6.06310554e-02 1.18022911e-01
 2.00900897e-01 2.42477693e-02 7.94496462e-02 7.18929395e-02
 4.99903150e-02 2.23061264e-01 8.13285559e-02 5.92293255e-02
 2.17931524e-01 7.29120672e-02 5.82771609e-03 4.05331515e-02
 5.40331751e-03 4.89631891e-02 1.60545737e-01 1.72747582e-01
 1.14995636e-01 4.43421975e-02 1.11159638e-01 7.37902001e-02
 4.06360850e-02 5.68321832e-02 1.20401397e-01 5.34053184e-02
 3.51800583e-02 1.03487983e-01 2.84565300e-01 4.49213050e-02
 5.55327162e-02 8.97860527e-02 2.21992657e-01 1.94516238e-02
 3.69081972e-03 4.91611511e-02 7.11063072e-02 1.54212281e-01
 1.51056841e-01 1.20776845e-03 4.54807505e-02 1.85789630e-01
 1.96115091e-03 6.85560033e-02 5.40472977e-02 2.06094217e-02
 5.38112670e-02 6.91546407e-03 7.00889016e-03 1.56618878e-02
 2.08557367e-01 4.30576690e-02 6.18673339e-02 3.60277407e-02
 2.82933980e-01 7.42876530e-02 5.82935549e-02 8.24242923e-03
 3.39292809e-02 7.27525055e-02 4.64076176e-02 1.44538537e-01
 3.05113047e-02 2.12409887e-02 7.18224719e-02 2.05682460e-02
 4.74543869e-02 2.36769453e-01 6.67016953e-02 1.41296315e-03
 1.33961663e-01 1.50516167e-01 1.10246010e-01 8.14468265e-02
 9.30556729e-02 2.64541674e-02 8.65144357e-02 1.34764403e-01
 6.47358373e-02 1.69569314e-01 6.36051744e-02 1.02209143e-01
 1.29811391e-01 1.24720529e-01 7.19579384e-02 6.65372312e-02
 9.06640813e-02 2.87805200e-02 6.22510239e-02 1.16618343e-01
 1.27366036e-01 4.17907909e-02 1.63579434e-02 1.89409554e-01
 5.71775101e-02 1.88730136e-01 8.59928727e-02 9.50569212e-02
 2.41927127e-03 2.66610924e-02 2.07613036e-02 4.28333655e-02
 2.16064394e-01 6.73889089e-03 8.08993205e-02 4.52268496e-02
 1.14910351e-02 2.75473166e-02 1.38171278e-02 3.42162661e-02
 6.27599433e-02 2.37433296e-02 1.79191737e-03 5.59689254e-02
 8.98150429e-02 2.03526720e-01 3.93903852e-02 1.24115497e-03
 3.42299603e-02 6.22593835e-02 8.85930583e-02 4.57096286e-02
 8.38975012e-02 6.92149904e-03 1.56033695e-01 5.90481535e-02
 4.02451158e-02 1.38110667e-02 1.35896623e-01 2.68660374e-02
 1.12977669e-01 7.30680227e-02 6.96398690e-02 1.56562075e-01
 5.32349460e-02 2.05940828e-02 7.04295635e-02 2.09300801e-01
 3.16894725e-02 9.60907638e-02 1.91114619e-02 8.07915442e-03
 4.17818353e-02 1.61734626e-01 7.21663535e-02 7.91968480e-02
 4.02116738e-02 5.25116958e-02 1.87680185e-01 7.04320669e-02
 1.22727198e-03 8.26745853e-02 2.45595761e-02 1.43111825e-01
 1.13001697e-01 3.45819741e-02 3.57925445e-02 1.06123991e-01
 3.93214216e-03 7.67699778e-02 1.46109700e-01 5.77284694e-02
 5.73544540e-02 8.71187299e-02 4.80626570e-03 7.94480518e-02
 2.76969001e-02 7.10244179e-02 6.47401363e-02 2.77337842e-02
 2.61017624e-02 7.53773376e-02 2.13177670e-02 1.12011805e-01
 2.63904259e-02 4.99252304e-02 1.17053188e-01 2.96262596e-02
 4.19565253e-02 4.33582328e-02 6.45097950e-03 3.86797935e-02
 6.13768511e-02 2.13789031e-01 2.31848300e-01 2.67923474e-02
 4.84431386e-02 1.11115187e-01 1.32696033e-01 1.31421492e-01
 8.08873773e-02 4.45667654e-02 6.82485029e-02 1.22777604e-01
 8.05250406e-02 1.57498315e-01 1.12815976e-01 1.38502181e-01
 3.07311356e-01 1.87650815e-01 1.32761002e-01 7.48787522e-02
 1.83933470e-02 5.02528772e-02 5.62874973e-02 5.15961833e-03
 1.37907341e-02 4.54252623e-02 2.83286814e-03 2.40502860e-02
 1.76999271e-01 1.52199581e-01 2.85794567e-02 1.25787437e-01
 1.06065236e-01 9.23719928e-02 1.90118060e-01 1.88149571e-01
 1.86076947e-02 7.08402395e-02 7.06567690e-02 2.38311999e-02
 9.54271331e-02 4.69571389e-02 7.13674678e-03 5.09654991e-02
 1.68974519e-01 1.15012370e-01 1.59326956e-01 5.32165229e-01
 1.20488800e-01 3.59577574e-02 1.38419375e-01 2.57948011e-01
 8.77411440e-02 3.82319838e-02 1.43745869e-01 7.38514811e-02
 2.20691860e-01 2.31806915e-02 9.33170617e-02 7.40343286e-03
 5.54872584e-03 1.67919740e-01 1.48149475e-01 6.09193258e-02
 1.53174311e-01 2.13057511e-02 7.24710524e-02 1.41259730e-01
 2.93811522e-02 3.60989198e-02 7.18407845e-03 7.50107318e-02
 8.51510912e-02 1.16318017e-01 9.74508598e-02 1.81897938e-01
 1.17297426e-01 1.31246537e-01 7.03080967e-02 5.68437576e-02
 2.88625620e-02 4.84235212e-02 1.04881331e-01 3.52747476e-04
 1.78808067e-02 7.87046254e-02 3.29967327e-02 1.53101504e-01
 3.09195109e-02 4.96583097e-02 1.07561359e-02 5.62465116e-02
 1.00793883e-01 1.68641225e-01 1.14760309e-01 1.64609984e-01
 7.44883623e-03 5.10247611e-02 6.42694831e-02 6.04761839e-02
 2.45909449e-02 8.68368745e-02 7.44212642e-02 9.97190922e-02
 8.74183327e-02 1.36462346e-01 1.07852034e-01 2.37297922e-01
 1.93272337e-01 2.67415140e-02 3.16646360e-02 7.27912337e-02
 1.78664513e-02 3.52182388e-02 2.43681427e-02 1.31690845e-01
 1.75235793e-01 4.44240198e-02 5.76254446e-03 9.11601633e-02
 1.61228865e-01 1.96071759e-01 1.11602962e-01 2.14466527e-02
 4.92768437e-02 1.21402435e-01 1.87633663e-01 1.27798662e-01
 5.75327650e-02 8.25737491e-02 4.66214716e-02 2.03098848e-01
 3.18594910e-02 1.47164956e-01 1.88006461e-01 7.30430260e-02
 1.78725794e-01 8.91023502e-02 3.48068960e-02 6.35602549e-02
 1.30501688e-01 1.06823191e-01 1.33534536e-01 2.66868323e-02
 1.65019929e-02 3.23566720e-02 1.08368114e-01 3.57374921e-02
 1.17179519e-02 2.30303276e-02 3.67290005e-02 1.40221998e-01
 1.63521674e-02 3.06692775e-02 6.69792593e-02 9.95142758e-02
 2.28534616e-03 1.24375738e-01 1.49499215e-02 2.45126616e-02
 9.18566287e-02 3.60702239e-02 2.76278462e-02 5.42439967e-02
 2.54394207e-02 5.82126155e-02 2.02619601e-02 5.69036976e-02
 9.71999243e-02 2.48521343e-02 2.39325631e-02 2.59424523e-02
 1.07013732e-01 3.38456826e-03 2.82325186e-02 4.02804762e-02
 6.34269342e-02 2.28394717e-02 4.09694463e-02 2.60016527e-02
 4.67907563e-02 6.22055531e-02 7.30431452e-02 2.91978009e-02
 7.85898359e-04 1.79174524e-02 1.40439235e-02 1.55998850e-02
 3.52857122e-03 5.19126914e-02 7.21550062e-02 4.00100499e-02
 1.04585536e-01 3.40205687e-03 3.05289705e-03 1.37407798e-04
 2.47270018e-02 1.38701433e-02 5.92292733e-02 2.99706072e-01
 7.24652559e-02 3.04390341e-02 1.14062689e-02 4.18809727e-02
 9.20246728e-03 1.11307658e-01 6.84269518e-02 9.56392214e-02
 2.32573715e-03 1.63845882e-01 5.10587171e-03 8.56676623e-02
 2.98724081e-02 1.92784779e-02 1.34534459e-03 6.84048906e-02
 1.19454565e-03 3.55701372e-02 3.56143713e-02 3.75414565e-02
 2.27458570e-02 2.79637203e-02 3.15012634e-02 8.74331892e-02
 4.85580377e-02 1.95680503e-02 6.07660115e-02 6.54069334e-02
 1.27206733e-02 5.25119454e-02 2.42903680e-02 7.47359218e-03
 5.69665292e-03 1.19801033e-02 1.70344874e-01 1.50644943e-01
 2.55602241e-01 4.42325100e-02 1.14169016e-01 8.80590267e-03
 6.80399612e-02 4.06190418e-02 2.33782474e-02 8.75010267e-02
 1.16327219e-01 6.50057793e-02 6.65749460e-02 9.06549543e-02
 1.32128924e-01 5.36580645e-02 2.66596377e-01 1.36077181e-01
 2.38228142e-01 6.64329007e-02 8.38714391e-02]

*************************************************************

