THIS FILE CONTAINS  cv_cross_val_predict() predictions FOR THIS CURRENT CONFIGURATION.
		 It can be used to verificate obtained results.





---------------------------------------------------------------------------------------------------------
FINAL y_pred (clipped).  FINAL PREDICTIONS USED TO CALCULATE SCORE METRICS
			 (mean over several cross_val_predict() executions)
---------------------------------------------------------------------------------------------------------
[-0.68578061 -0.58896443 -0.70841028 -0.67472745 -0.71786414 -0.62607402
 -0.66697343 -0.86973957 -0.7795298  -0.75754529 -0.67577054 -0.55218068
 -0.62128268 -0.64592025 -0.69241433 -0.69471465 -0.71941636 -0.56579001
 -0.61822251 -0.65713157 -0.63344973 -0.76875106 -0.84060918 -0.82119105
 -0.78894423 -0.71764928 -0.66574044 -0.79486533 -0.67263081 -0.71383952
 -0.68992126 -0.57583713 -0.62425611 -0.65973618 -0.75126064 -0.80577686
 -0.72030946 -0.6700336  -0.75557665 -0.72187511 -0.98552756 -0.78517659
 -0.61825016 -0.80309147 -0.7442224  -0.66210875 -0.71576143 -0.7729102
 -0.68505049 -0.62289824 -0.79543648 -0.74713756 -0.66147642 -0.64792113
 -0.7952621  -0.68633667 -0.89160882 -0.71999506 -0.7443637  -0.68760402
 -0.82301558 -0.76824604 -0.87473697 -0.75138547 -0.51014262 -0.62056369
 -0.69161115 -0.82001011 -0.75250957 -0.78887489 -0.67745108 -0.73493101
 -0.77078117 -0.65618035 -0.59563064 -0.74025197 -0.77926569 -0.86204503
 -0.82191972 -0.57730399 -0.8076819  -0.70511569 -0.58797323 -0.49913523
 -0.62546549 -0.55412695 -0.52342497 -0.42844032 -0.49574333 -0.56532134
 -0.71824088 -0.60845556 -0.53377067 -0.46510633 -0.68069861 -0.59165589
 -0.73134213 -0.64522339 -0.78948898 -0.68241481 -0.54880626 -0.67206689
 -0.62021502 -0.70399277 -0.55564711 -0.44323042 -0.67309658 -0.55341897
 -0.65205833 -0.59583324 -0.60448529 -0.60134963 -0.61934486 -0.4576866
 -0.68109126 -0.7159151  -0.59753865 -0.52490539 -0.59097553 -0.65026998
 -0.63948315 -0.60400767 -0.58821167 -0.64476558 -0.48716951 -0.43383091
 -0.67341371 -0.85356318 -0.64996875 -0.47449758 -0.54245472 -0.44392306
 -0.63918533 -0.45252865 -0.80447952 -0.53021712 -0.76549843 -0.58476051
 -0.66544133 -0.57837644 -0.6632021  -0.58661011 -0.74903913 -0.62923438
 -0.52537007 -0.4594259  -0.68519121 -0.55345284 -0.47450091 -0.49283275
 -0.63713676 -0.48512756 -0.72942292 -0.69196097 -0.63806058 -0.58732379
 -0.6873159  -0.28232045 -0.47844946 -0.60414383 -0.49040946 -0.58690811
 -0.57746763 -0.5270709  -0.5174048  -0.78759693 -0.61920006 -0.59884318
 -0.99410332 -0.54979607 -0.82326977 -0.87228729 -0.51520593 -0.53829541
 -0.77989194 -0.74796218 -0.5524831  -0.49114532 -0.5317511  -0.83777626
 -0.39277363 -0.53709084 -0.82632384 -0.60263509 -0.4701258  -0.74831788
 -0.52063958 -0.45782553 -0.78311172 -0.6219553  -0.8641469  -0.680697
 -0.78111434 -0.73401888 -0.72997994 -0.74359034 -0.62604296 -0.79613774
 -0.67754077 -0.69078374 -0.4930242  -0.3324263  -0.47041683 -0.62712232
 -0.58821576 -0.74939843 -0.69176141 -0.53104654 -0.41639322 -0.82699794
 -0.5317906  -0.75003752 -0.74377379 -0.72621948 -0.56580102 -0.58742455
 -0.47635912 -0.34830478 -0.41681517 -0.48963693 -0.56155194 -0.46450372
 -0.26614752 -0.38840514 -0.41570824 -0.38532977 -0.30399793 -0.18967854
 -0.43733046 -0.59656879 -0.25015824 -0.39945997 -0.55733279 -0.36067098
 -0.56549683 -0.53748583 -0.52406832 -0.20450031 -0.44949268 -0.69329539
 -0.08711204 -0.46837723 -0.31532447 -0.4826039  -0.29467628 -0.414848
 -0.54236447 -0.59366735 -0.56678719 -0.57075257 -0.37668392 -0.58421135
 -0.53255162 -0.11320838 -0.49202181 -0.5270165  -0.5050175  -0.59640679
 -0.56220855 -0.20427693 -0.30030101 -0.38378421 -0.52177733 -0.5410922
 -0.59686683 -0.4619287  -0.51609113 -0.47607198 -0.38807958 -0.17304366
 -0.32520707 -0.38943112 -0.58313475 -0.30438891 -0.39436402 -0.60894838
 -0.44948433 -0.51499022 -0.54510961 -0.51139256 -0.53119218 -0.57331962
 -0.5761442  -0.57011289 -0.61276753 -0.71519864 -0.61593012 -0.69996408
 -0.94710613 -0.79878136 -0.69312104 -0.74730318 -0.68626969 -0.60075399
 -0.53716959 -0.50385504 -0.57608494 -0.67301484 -0.62968654 -0.74339258
 -0.76030919 -0.67890932 -0.55921343 -0.81938114 -0.66969284 -0.56638471
 -0.50812194 -0.77704152 -0.48036941 -0.42551218 -0.50873493 -0.58568365
 -0.70163703 -0.7360063  -0.55862434 -0.6549862  -0.76005509 -0.55373855
 -0.69055167 -0.68864143 -0.59960151 -0.44831441 -0.65607495 -0.61739086
 -0.85139046 -0.60556069 -0.4890563  -0.66210285 -0.60415272 -0.71134905
 -0.62698212 -0.63675552 -0.76425648 -0.6846483  -0.69979576 -0.77052668
 -0.71289754 -0.68086472 -0.64143496 -0.6134267  -0.74955829 -0.69643161
 -0.73506585 -0.74926451 -0.59168625 -0.52121058 -0.65729781 -0.67781458
 -0.65207577 -0.65853528 -0.94042989 -0.69414521 -0.50826719 -0.53918787
 -0.50073158 -0.75488767 -0.63762925 -0.68953745 -0.66375181 -1.0123314
 -0.68585266 -0.85890866 -0.86772795 -0.79276615 -0.76248812 -0.96077012
 -0.80196229 -0.6141676  -0.74030761 -0.72839897 -1.04568588 -0.88824247
 -0.91490176 -0.67662686 -0.72261991 -0.78840768 -0.90045544 -0.72274686
 -0.65588297 -0.96117841 -1.57065464 -0.77416363 -0.79577667 -1.1468866
 -0.5473622  -0.84169814 -0.75113236 -0.74175386 -0.83595676 -0.82387422
 -0.77310435 -0.71928642 -0.87738737 -0.71051534 -0.86668588 -0.7051015
 -0.55701305 -0.77047769 -0.77825519 -0.74208272 -0.75722279 -0.98739115
 -0.78640843 -0.74094833 -0.41672056 -0.80351613 -0.79355092 -0.85097723
 -0.7588299  -0.63161125 -0.61141493 -0.9108777  -0.76952062 -0.74783485
 -0.91145395 -0.70358718 -0.61343532 -0.87401199 -0.82570421 -0.7107896
 -0.71056727 -0.72633218 -0.82803343 -0.90710938 -0.75138566 -0.74365257
 -0.73512568 -0.77741713 -0.64564788 -0.81734798 -0.84269767 -0.72459344
 -0.84672197 -0.73265107 -0.77019449 -0.85673896 -0.78403608 -0.7223736
 -0.74732723 -0.78672065 -0.64500424 -0.90860689 -0.73524725 -1.22496122
 -0.72032753 -0.64555407 -0.93465196 -0.83265999 -0.83703206 -0.62618442
 -0.80715077 -0.74613926 -0.61587027 -0.80554268 -0.60820563 -0.82885161
 -0.83945207 -0.73447785 -0.78146944 -0.79338644 -0.91287743 -0.88605731
 -0.70801995 -0.68614021 -0.78113701 -0.87821319 -0.72331771 -0.69866157
 -0.71817685 -0.83636301 -0.72872523 -0.74947322 -0.44432499 -0.68293555
 -0.75260176 -0.97600651 -0.75043128 -0.50520342 -0.8071812  -0.59266485
 -0.97355385 -0.80704244 -0.60051971 -0.91503276 -0.67089552 -0.53031018
 -0.89645359 -0.71662396 -0.70704897 -0.81746146 -0.82198878 -0.91574245
 -0.89309852 -0.62259367 -0.72711188 -0.93994563 -0.77870008 -0.72962367
 -0.60946969 -0.86777506 -0.81170115 -0.9019133  -0.86253546 -0.68880513
 -0.88028563 -0.83146157 -0.58144573 -0.58949498 -0.68688808 -0.93227559
 -0.65703435 -0.73927063 -0.7463273  -0.78120377 -0.44969499 -0.27714754
 -0.48915508 -0.2688868  -0.43545548 -0.43131857 -0.37377952 -0.22018461
 -0.39535965 -0.43305773 -0.38646898 -0.24647235 -0.09390251 -0.52437689
 -0.36664327 -0.40761522 -0.1925622  -0.44804849 -0.19659995 -0.55257899
 -0.25440914 -0.28940858 -0.39065495 -0.35930262 -0.40450257 -0.35806965
 -0.41795895 -0.44448842 -0.61843714 -0.30447233 -0.32782684 -0.20964401
 -0.6489331  -0.4424547  -0.49801818 -0.1480004  -0.42965756 -0.39225317
 -0.34024283 -0.52986725 -0.18550544 -0.50630907 -0.28111451 -0.34556548
 -0.54999784 -0.55577612 -0.50758914 -0.45608643 -0.38679581 -0.47967965
 -0.43633077 -0.44977322 -0.4574737  -0.68570634 -0.49337812 -0.46345661
 -0.46497986 -0.54924123 -0.65380825 -0.4992327  -0.46399285 -0.43735072
 -0.65342655 -0.47039662 -0.46836082 -0.38068129 -0.48367803 -0.40355976
 -0.5129858  -0.51047266 -0.43602132 -0.5317327  -0.48522118 -0.50173682
 -0.4765791  -0.50271395 -0.44719146 -0.46410942 -0.47471114 -0.41348083
 -0.46539429 -0.50712584 -0.79911611 -0.44898543 -0.5240109  -0.5402159
 -0.44477227 -0.48355584 -0.47936551 -0.57410227 -0.41887337 -0.50790985
 -0.43802191 -0.50133999 -0.4865405  -0.49948245 -0.54920966 -0.55211052
 -0.66799957 -0.41159489 -0.58872874 -0.52121141 -0.49728953 -0.54422724
 -0.51919978 -0.43292583 -0.46018294 -0.51223712 -0.42692218 -0.45709873
 -0.5158033  -0.50234358 -0.55871659 -0.48304619 -0.47873722 -0.5203777
 -0.50893099 -0.43636867 -0.47008383 -0.51280681 -0.4742402  -0.37450213
 -0.6059956  -0.49281301 -0.51355613 -0.58899606 -0.5486858  -0.51394893
 -0.42487267 -0.42374911 -0.47062918 -0.36934223 -0.46027    -0.51174931
 -0.5418553  -0.53806385 -0.48896712 -0.5092507  -0.48835357 -0.48713359
 -0.52803986 -0.50425684 -0.5010036  -0.54849075 -0.450129   -0.45227071
 -0.53884687 -0.51503189 -0.56779465 -0.43386415 -0.47643007 -0.49789556
 -0.44720813 -0.47024607 -0.50077497 -0.62595555 -0.46911651 -0.54094489
 -0.4689802  -0.52766146 -0.58020931 -0.56364149 -0.49735365 -0.64078889
 -0.59525687 -0.52632594 -0.59244492 -0.61917964 -0.48530687 -0.59951465
 -0.44263462 -0.53823275 -0.58930799 -0.4748426  -0.4677088  -0.49163537
 -0.52344695 -0.47232788 -0.56633573 -0.53194712 -0.52660501 -0.54672577
 -0.54441084 -0.51547973 -0.62197875 -0.57618984 -0.56766424 -0.58605597
 -0.50535463 -0.54247717 -0.53639885 -0.52337437 -0.53484196 -0.55783011
 -0.62338587 -0.50441885 -0.48357176 -0.55307707 -0.78553395 -0.50985343
 -0.55774663 -0.46079168 -0.52738478 -0.51452484 -0.50151903 -0.45605207
 -0.43952482 -0.55442772 -0.46410706 -0.48670347 -0.53772513 -0.4418015
 -0.58518684 -0.54400829 -0.56649515 -0.58136159 -0.49872094 -0.57275571
 -0.56608378 -0.56590319 -0.4952425  -0.49871416 -0.44409396 -0.50760133
 -0.7098174  -0.48108875 -0.5012671  -0.63170174 -0.4369336  -0.58716104
 -0.55972362 -0.44707778 -0.50364879 -0.5422701  -0.59030043 -0.49772129
 -0.46839639 -0.47101352 -0.42156426 -0.37346157 -0.38193407 -0.43554256
 -0.41775212 -0.45148213 -0.46714247 -0.46705871 -0.45111559 -0.42887431
 -0.45431487 -0.40482514 -0.43034415 -0.50303618 -0.47608335 -0.45156363
 -0.41862563 -0.43858443 -0.38410404 -0.40431871 -0.41876043 -0.42233802
 -0.45635205 -0.47434861 -0.43950425 -0.42694613 -0.48151185 -0.43401722
 -0.4864327  -0.3652116  -0.48887477 -0.40469554 -0.41367958 -0.3975416
 -0.41055449 -0.47093125 -0.42200289 -0.4274527  -0.42349963 -0.44421604
 -0.39386286 -0.45801878 -0.44894282 -0.47163407 -0.38213913 -0.39891053
 -0.42850032 -0.46523689 -0.46109509 -0.47058456 -0.48658389 -0.5780533
 -0.46917841 -0.4104726  -0.42489146 -0.49584932 -0.4424728  -0.41953914
 -0.41312457 -0.42032703 -0.43589517 -0.50187282 -0.52807712 -0.45858189
 -0.51926464 -0.37007404 -0.42912723 -0.42137617 -0.4710532  -0.50384291
 -0.41955537 -0.38056041 -0.52444258 -0.40595004 -0.48893094 -0.42319392
 -0.46657144 -0.53803464 -0.5094073  -0.38196882 -0.43843787 -0.49385889
 -0.47898787 -0.48187514 -0.63017116 -0.44400659 -0.41022855 -0.4442378
 -0.3765657  -0.46917913 -0.44691936 -0.46689917 -0.38112563 -0.46057239
 -0.39217305 -0.47691509 -0.47565019 -0.34203453 -0.42563106 -0.51473277
 -0.4746919  -0.58352952 -0.4341502  -0.57387341 -0.54723611 -0.49506975
 -0.56485172 -0.41008533 -0.4314156  -0.54058995 -0.37488331 -0.29551773
 -0.44809219 -0.49810011 -0.51916773 -0.32438427 -0.5920414  -0.60309403
 -0.42013517 -0.50759583 -0.49876093 -0.78340542 -0.36868761 -0.37208335
 -0.65719181 -0.39058589 -0.60878432 -0.58054403 -0.56393324 -0.79397034
 -0.35808511 -0.39543029 -0.52340428 -0.48333842 -0.2677823  -0.45652713
 -0.28381491 -0.43895352 -0.59137395 -0.41352648 -0.31260663 -0.4339209
 -0.46717147 -0.34312245 -0.45917793 -0.41112764 -0.50067515 -0.39560898
 -0.53038999 -0.31200876 -0.62714128 -0.37735132 -0.45910374 -0.36257318
 -0.66483423 -0.58573985 -0.51738862 -0.49125376 -0.39787567 -0.5452559
 -0.44391046 -0.58814096 -0.42322955 -0.34926603 -0.48480328 -0.52550283
 -0.39834883 -0.42715625 -0.48751299 -0.36823325 -0.37348134 -0.42583301
 -0.41791463 -0.48211975 -0.4850826  -0.3902431  -0.59318902 -0.39171383
 -0.49459157 -0.86738131 -0.41100723 -0.38508105 -0.47086006 -0.57044594
 -0.38422447 -0.5760418  -0.6085412  -0.55221324 -0.35375824 -0.43671198
 -0.35582579 -0.3623017  -0.37889473 -0.38317654 -0.54031207 -0.50310135
 -0.42847984 -0.440426   -0.26020808 -0.45728328 -0.39457518 -0.47506876
 -0.43556651 -0.61830619 -0.61492031 -0.64561826 -0.57632559 -0.44509248
 -0.7246248  -0.64603465 -0.84135143 -0.61871966 -0.71285128 -0.67942561
 -0.67678557 -0.5884078  -0.75038243 -0.57229631 -0.6066232  -0.59477484
 -0.5611374  -0.70133616 -0.71879287 -0.42989456 -0.63679197 -0.67389902
 -0.60444436 -0.87261872 -0.699707   -0.78966915 -0.58116754 -0.49456224
 -0.61615505 -0.63678839 -0.54658266 -0.57703294 -0.65572739 -0.74890275
 -0.62434095 -0.77026765 -0.68037105 -0.60364    -0.57862818 -0.64353638
 -0.58337109 -0.59612809 -0.60830398 -0.60019075 -0.64286252 -0.49095652
 -0.82159256 -0.83269355 -0.68975543 -0.62595927 -0.65933641 -0.5749092
 -0.4876871  -0.66474991 -0.61406076 -0.63131007 -0.71822893 -0.70590199
 -0.6940149  -0.73461685 -0.75353424 -0.55745201 -0.71365442 -0.69775308
 -0.60368364 -0.7352803  -0.73594438 -0.65666597 -0.63940515 -0.45708007
 -0.67888218 -0.5616447  -0.6109245  -0.67957551 -0.51740684 -0.91113599
 -0.6744284  -0.63617525 -0.52791856 -0.68610636 -0.70880323 -0.71557219
 -0.50507852 -0.61701686 -0.58982434 -0.65308925 -0.68558931 -0.67346848
 -0.64488167 -0.62545406 -0.62407993 -0.60917672 -0.58825668 -0.57474197
 -0.56373291 -0.59610112 -0.7915047  -0.8138097  -0.63618329 -0.71364704
 -0.54347993 -0.61071628 -0.80156343 -0.57220364 -0.72382144 -0.67507068
 -0.6490518  -0.61062131 -0.66157288 -0.60666866 -0.55801018 -0.52627447
 -0.64142721 -0.79956342 -0.60935111 -0.66927257 -0.55715742 -0.77993513
 -0.63706858 -0.64852835 -0.74354043 -0.60791137 -0.58819015 -0.61613495
 -0.63166273 -0.60796151 -0.56631903 -0.68987419 -0.76908694 -0.74726864
 -0.49004701 -0.58950287 -0.50633882 -0.63317211 -0.58840035 -0.6831794
 -0.69996824 -0.60952894 -0.64465929 -0.66980778 -0.57170317 -0.53483784
 -0.72851273 -0.70461509 -0.55442708 -0.65862238 -0.69393668 -0.71803263
 -0.7529542  -0.51995538 -0.82832356 -0.56417614 -0.58906155 -0.63384579
 -0.70531723 -0.87994828 -0.74655044 -0.65550293 -0.63846031 -0.7317543
 -0.54866749 -0.62318302 -0.58245124 -0.62330836 -0.57524946 -0.40734936
 -0.59481156 -0.58992832 -0.72166669 -0.66216645 -0.76062019 -0.58141266
 -0.68489932 -0.51106261 -0.68766469 -0.55859981 -0.68287634 -0.85409078
 -0.58550702 -0.70331711 -0.61282151 -0.46685883 -0.94081494 -0.54278896
 -0.57275832 -0.51364607 -0.45400481 -0.46205815 -0.41324949 -0.48029128
 -0.42642991 -0.37157185 -0.46391296 -0.45865452 -0.42689867 -0.46497091
 -0.47516344 -0.42716716 -0.41322068 -0.44925429 -0.73400951 -0.66907739
 -0.65818354 -0.64582556 -0.7132198  -0.70007404 -0.7060188  -0.66252401
 -0.81298313 -0.70056508 -0.6817801  -0.66208203 -0.55951646 -0.71974945
 -0.53872117 -0.70260749 -0.67527911 -0.73603858 -0.73825276 -0.69487403
 -0.773127   -0.75263367 -0.73785384 -0.88573518 -0.39784784 -0.5634248
 -0.64669276 -0.37614173 -0.46849585 -0.51589549 -0.55442951 -0.64884197
 -0.48513123 -0.31761247 -0.44079296 -0.41202284 -0.68878555 -0.55024092
 -0.33079926 -0.33578065 -0.46950663 -0.46978271 -0.36493744 -0.4196288
 -0.29385951 -0.45805048 -0.48675497 -0.30845437 -0.50547247 -0.53913303
 -0.50971142 -0.501911   -0.40415827 -0.3970724  -0.52279753 -0.42348997
 -0.44862789 -0.32809436 -0.38526708 -0.33469131 -0.46687122 -0.41660215
 -0.50078771 -0.41106538 -0.30470786 -0.39009781 -0.4901811  -0.51728125
 -0.49943772 -0.51395919 -0.61013143 -0.53152511 -0.51530123 -0.27747355
 -0.70540621 -0.52712613 -0.55513161 -0.31196849 -0.46688939 -0.19558767
 -0.28216805 -0.52853478 -0.33976279 -0.53737178 -0.46770852 -0.36146131
 -0.37216708 -0.50195999 -0.38959593 -0.45677084 -0.41264469 -0.64466646
 -0.34989833 -0.43370981 -0.33880076 -0.57362976 -0.44941682 -0.31094839
 -0.44018453 -0.42094281 -0.43660115 -0.39828728 -0.39553402 -0.27746776
 -0.38264941 -0.31744862 -0.39071098 -0.47158315 -0.40412834 -0.34377495
 -0.49736638 -0.52695714 -0.50793118 -0.51637828 -0.33466961 -0.50053807
 -0.50400632 -0.48732837 -0.64726257 -0.52448017 -0.40288067 -0.2765484
 -0.31160723 -0.33098452 -0.40503187 -0.37640408 -0.2818434  -0.45314915
 -0.3909212  -0.34041956 -0.36580065 -0.29753528 -0.31368649 -0.33411934
 -0.43690894 -0.30540697 -0.28501426 -0.35815736 -0.32853694 -0.3267424
 -0.33198644 -0.35229891 -0.38127453 -0.37122653 -0.40638096 -0.37851474
 -0.25775852 -0.3197516  -0.38315218 -0.26959908 -0.33199597 -0.31667839
 -0.37031027 -0.29419109 -0.38710732 -0.26747595 -0.3364422  -0.30331274
 -0.32174021 -0.24642827 -0.34322472 -0.28815597 -0.42397747 -0.35660507
 -0.27945238 -0.30870656 -0.40325259 -0.32601576 -0.31596301 -0.34526198
 -0.38151941 -0.32609865 -0.43519435 -0.40698393 -0.29832876 -0.35015227
 -0.33696175 -0.35556096 -0.31466505 -0.33703219 -0.38088367 -0.28500044
 -0.38630459 -0.3054705  -0.35633085 -0.34086183 -0.41732836 -0.37507994
 -0.32914224 -0.3445201  -0.37071878 -0.33849796 -0.34641965 -0.44500161
 -0.39236262 -0.37564665 -0.2989214  -0.3184871  -0.24875044 -0.34550537
 -0.31037025 -0.37294859 -0.30012459 -0.36191135 -0.2848373  -0.44637652
 -0.32797634 -0.33391832 -0.61360355 -0.70080688 -0.434541   -0.55071561
 -0.53327637 -0.79483683 -0.54805653 -0.48753418 -0.60588606 -0.45794817
 -0.58423393 -0.52092642 -0.67162677 -0.81023555 -0.57932248 -0.46930996
 -0.65021705 -0.69185098 -0.36996041 -0.45103772 -0.37271794 -0.66967013
 -0.48171186 -0.68128625 -0.66857266 -0.59411242 -0.69955082 -0.47979919
 -0.62657108 -0.58871014 -0.44431394 -0.43200029 -0.44485643 -0.64205419
 -0.4781161  -0.82521549 -0.48557446 -0.71873382 -0.46428509 -0.4675307
 -0.69427903 -0.90527583 -0.53887889 -0.80539187 -0.68108385 -0.52471752
 -0.69829381 -0.66750688 -0.53039899 -0.55699573 -0.50067793 -0.587957
 -0.87154832 -0.65786887 -0.50665609 -0.41061168 -0.53904942 -0.59192683
 -0.66488547 -0.6254651  -0.58656594 -0.57492153 -0.68514083 -0.5287303
 -0.45335463 -0.47017957 -0.82655809 -0.65985678 -0.70954933 -0.59451998
 -0.64745503 -0.8125654  -0.62691615 -0.47054834 -0.67850559 -0.76660532
 -0.52197435 -0.53139591 -0.43715773 -0.55554715 -0.55500358 -0.69056993
 -0.63106424 -0.48750616 -0.51617386 -0.50981013 -0.53473118 -0.49588663
 -0.54462147 -0.46449811 -0.47039711 -0.69633522 -0.6031824  -0.63176803
 -0.42526677 -0.60405226 -0.48107259 -0.66501836 -0.48813863 -0.45834008
 -0.56214448 -0.46657517 -0.4589027  -0.51478636 -0.41008524 -0.55418734
 -0.49469946 -0.61448003 -0.50161288 -0.52068232 -0.4327486  -0.47659548
 -0.44306251 -0.43422635 -0.53438073 -0.49144195 -0.68706456 -0.61530251
 -0.48135067 -0.40444772 -0.62937234 -0.4408387  -0.42757147 -0.53618222
 -0.38145193 -0.39990121 -0.50832577 -0.5507049  -0.50678145 -0.51580214
 -0.62152842 -0.56297276 -0.74805846 -0.37957252 -0.5374691  -0.56362915
 -0.54352001 -0.45338479 -0.4992494  -0.43782243 -0.50455412 -0.51135993
 -0.4512295  -0.48057694 -0.44247671 -0.51785898 -0.38402408 -0.4850074
 -0.6388252  -0.47412667 -0.44288533 -0.46157343 -0.4583496  -0.68295424
 -0.56949689 -0.60043425 -0.45745758 -0.49686203 -0.43413988 -0.75651954
 -0.52359011 -0.55405511 -0.68653583 -0.49724344 -0.52693055 -0.55182034
 -0.90575231 -0.38454824 -0.42939857 -0.53959175 -0.51409098 -0.47460819
 -0.52343019 -0.54679411 -0.48252524 -0.51055614 -0.55891439 -0.45363453
 -0.56930721 -0.36866435 -0.37676052 -0.64202992 -0.46807925 -0.40664163
 -0.595404   -0.45271674 -0.40327749 -0.5173395  -0.52590587 -0.55983814
 -0.51013226 -0.5341708  -0.52231806 -0.54294206 -0.31949989 -0.52747783
 -0.72450383 -0.39976698 -0.48890994 -0.44601772 -0.26601559 -0.33791372
 -0.1964433  -0.54358467 -0.38305744 -0.42545241 -0.27777227 -0.3867546
 -0.45776482 -0.31960063 -0.40909071 -0.48137449 -0.60284278 -0.23667024
 -0.47718983 -0.13440751 -0.25952846 -0.53922958 -0.34649909 -0.30153377
 -0.42291784 -0.46130774 -0.3578932  -0.46988738 -0.26162457 -0.29397432
 -0.34575708 -0.32479681 -0.5032461  -0.27890174 -0.41217561 -0.19573189
 -0.3628656  -0.43107395 -0.28065043 -0.41373471 -0.22293634 -0.37444909
 -0.42608054 -0.43536012 -0.43314462 -0.37862413 -0.34362228 -0.46300017
 -0.29714094 -0.29776175 -0.39344505 -0.40130901 -0.27111457 -0.42004707
 -0.2489667  -0.22005684 -0.52719073 -0.58951991 -0.35393037 -0.24396225
 -0.23982783 -0.23737824 -0.43905509 -0.53461294 -0.28378137 -0.33288815
 -0.64493434 -0.43740735 -0.46244873 -0.49826563 -0.42015684 -0.34515428
 -0.47083395 -0.44870444 -0.46209875 -0.4459914  -0.48685922 -0.4659886
 -0.48717129 -0.50502998 -0.54015973 -0.32040803 -0.37605528 -0.55293484
 -0.53463652 -0.3859852  -0.45291693 -0.39136731 -0.41345867 -0.38137213
 -0.56383688 -0.37747728 -0.35121322 -0.35433612 -0.28755867 -0.30354644
 -0.56060162 -0.49999194 -0.34131678 -0.26774665 -0.34641626 -0.42337376
 -0.20870512 -0.41659615 -0.49016209 -0.40596351 -0.47556167 -0.46664768
 -0.27731673 -0.40694989 -0.40075196 -0.58452345 -0.56545746 -0.22881386
 -0.25183141 -0.27422629 -0.57382219 -0.47965468 -0.42534886 -0.38229767
 -0.51274606 -0.44210266 -0.50821415 -0.36181259 -0.35726862 -0.4850876
 -0.40956803 -0.51537186 -0.38237383 -0.48839366 -0.49473983 -0.34818282
 -0.53996148 -0.52415179 -0.4804203  -0.57181844 -0.60049306 -0.46728387
 -0.36871362 -0.33115968 -0.42192168 -0.46167882 -0.24907362 -0.48037484
 -0.41817497 -0.5072215  -0.53363398 -0.37549852 -0.2978811  -0.53400217
 -0.50399755 -0.66555286 -0.4773905  -0.54070183 -0.27235099 -0.32466854
 -0.5086018  -0.4922832  -0.35851638 -0.47252677 -0.51511767 -0.51227846
 -0.43883934 -0.23384053 -0.5404329  -0.40087593 -0.55982484 -0.47849459
 -0.39704788 -0.52063163 -0.52144662 -0.52943726 -0.47142483 -0.48111787
 -0.39777806 -0.58661859 -0.51341203 -0.66990588 -0.52264852 -0.56117668
 -0.63855099 -0.64033889 -0.73885164 -0.72454655 -0.64039308 -0.90322936
 -0.53381442 -0.63418642 -0.623258   -0.53788199 -0.50331838 -0.54991964
 -0.69857309 -0.67427263 -0.52761186 -0.50036148 -0.58727518 -0.62103396
 -0.65833456 -0.39239663 -0.7241277  -0.54337488 -0.68860023 -0.36808091
 -0.8907232  -0.74768195 -0.71319998 -0.51858867 -0.24932589 -0.68402385
 -0.79110172 -0.54140282 -0.43260805 -0.66291908 -0.84349347 -0.42998677
 -0.71208742 -0.55310009 -0.59071248 -0.69680565 -0.60289867 -0.69362563
 -0.67846797 -0.62395195 -0.52452398 -0.62819744 -0.53355452 -0.48706721
 -0.43071181 -0.53797179 -0.5653388  -0.70389309 -1.07934026 -0.61367305
 -0.64420651 -0.64268672 -0.63107335 -0.63092145 -0.59269191 -0.65932016
 -0.58206608 -0.71072861 -0.61456872 -0.56435369 -0.57016638 -0.53795913
 -0.62328742 -0.59063236 -0.60509074 -0.59122988 -0.40429957 -0.59253723
 -0.60095902 -0.90340345 -0.56921975 -0.68025518 -0.62798035 -0.55709169
 -0.61334659 -0.46216628 -1.0758889  -0.58753692 -0.60012024 -0.57246122
 -0.59777971 -0.60228902 -0.61137897 -0.62271429 -0.65317371 -0.48580832
 -0.70631393 -0.61386036 -0.58913184 -0.51410941 -0.64071011 -0.49254844
 -0.50489652 -0.63460707 -0.56989924 -0.62054533 -0.60789138 -0.48008172
 -0.65040991 -0.55479301 -0.72730603 -0.59756642 -0.53189718 -0.57523712
 -0.58084722 -0.53975374 -0.65613034 -0.59693659 -0.8264078  -0.74006095
 -0.64282507 -0.80264492 -0.68039714 -0.68857853 -0.79032544 -0.78179152
 -0.76488579 -0.77190245 -0.76379897 -0.84262901 -0.85645344 -0.8256857
 -0.65217019 -0.77871579 -0.78637559 -0.83583361 -0.77271497 -0.66314933
 -0.76535073 -0.56374922 -0.87702226 -0.85659202 -0.90750913 -0.95447203
 -0.6224929  -0.64211133 -0.86228104 -0.72097863 -0.80713866 -0.88759772
 -0.94478055 -0.8040837  -0.86550614 -0.9177212  -0.73811963 -0.61719046
 -0.92273652 -0.88686055 -0.81404219 -0.88870908 -0.93271858 -0.770373
 -0.70216595 -0.85027401 -0.80678906 -0.62021133 -0.82811512 -0.86686284
 -0.86956504 -0.74392478 -0.79066625 -0.93047091 -0.81043107 -0.75276083
 -0.64806248 -0.76231174 -0.87542805 -0.7893472  -0.65877017 -0.78222317
 -0.78849604 -0.89793527 -0.85556881 -0.82385735 -1.13498842 -0.95824153
 -0.64882338 -0.8632023  -0.73547233 -0.70630325 -0.82869146 -0.9917272
 -0.67287705 -0.83418686 -0.83293107 -0.94660593 -0.84539094 -0.84117296
 -0.82868097 -0.8823231  -0.90529576 -0.81341921 -0.75011476 -0.82122681
 -0.65266877 -0.71710596 -0.55378153 -0.8737504  -0.88331043 -0.81203621
 -0.81220813 -0.7528175  -0.89944338 -0.91143869 -0.80175073 -0.97659373
 -0.74224482 -0.67925093 -0.27662402 -0.39949375 -0.38445888 -0.28275537
 -0.34362175 -0.28668109 -0.25658678 -0.44961973 -0.44702989 -0.30470426
 -0.32894669 -0.28496156 -0.33382018 -0.2772383  -0.30503845 -0.30133227
 -0.24079287 -0.50531817 -0.24478199 -0.26380497 -0.26595659 -0.217707
 -0.26556523 -0.24208026 -0.31197786 -0.30252153 -0.36954719 -0.37271169
 -0.39400229 -0.42837515 -0.32998837 -0.25669073 -0.27650923 -0.32467541
 -0.33001825 -0.39863864 -0.27595601 -0.22148099 -0.44949634 -0.4542067
 -0.23186072 -0.28335613 -0.48844341 -0.15471893 -0.4706772  -0.2840514
 -0.42864363 -0.29186383 -0.3693719  -0.37582406 -0.45738441 -0.32507334
 -0.42883617 -0.63010654 -0.58668185 -0.6187759  -0.61093487 -0.80547135
 -0.56572098 -0.65196245 -0.64711106 -0.64532732 -0.60533656 -0.60725144
 -0.62857523 -0.64659234 -0.63494946 -0.6297195  -0.61162141 -0.61114915
 -0.59539225 -0.58566604 -0.56073229 -0.60529068 -0.59267401 -0.60211215
 -0.68078348 -0.63746631 -0.53913924 -0.68293865 -0.53497694 -0.61062125
 -0.643942   -0.66854543 -0.5332525  -0.6404028  -0.601466   -0.57161194
 -0.62285411 -0.6178547  -0.74180623 -0.59457549 -0.65167974 -0.66644615
 -0.63796627 -0.54336369 -0.67245415 -0.62483257 -0.56203033 -0.60818026
 -0.54824379 -0.70237843 -0.61868372 -0.60463611 -0.53581156 -0.6128889
 -0.58965015 -0.58250537 -0.59034827 -0.58154143 -0.57098085 -0.55105872
 -0.64113262 -0.55946412 -0.55298919 -0.52032823 -0.61259861 -0.7011222
 -0.65314812 -0.6806933  -0.57870605 -0.56092879 -0.61365482 -0.71545204
 -0.57905867 -0.68371102 -0.61041563 -0.60279157 -0.60797336 -0.58923255
 -0.59639175 -0.62723823 -0.59111375 -0.51073239 -0.58895604 -0.66025215
 -0.64185274 -0.65141042 -0.51835176 -0.6487005  -0.57594375 -0.60179598
 -0.44007323 -0.65269596 -0.41644972 -0.65366137 -0.59168061 -0.67643214
 -0.67637131 -0.57827937 -0.67051781 -0.65676326 -0.62379701 -0.35668255
 -0.688428   -0.51072134 -0.76193915 -0.51677527 -0.56286099 -0.65022003
 -0.72773726 -0.53665684 -0.46695653 -0.44179111 -0.59734006 -0.67375599
 -0.66838347 -0.38887819 -0.54330787 -0.4897918  -0.40050334 -0.54735359
 -0.55915827 -0.69629812 -0.58202108 -0.58081363 -0.60007962 -0.56052876
 -0.56403003 -0.56857843 -0.66798924 -0.58109945 -0.62776312 -0.57330345
 -0.62254729 -0.6803318  -0.58092773 -0.5307607  -0.57463125 -0.59343923
 -0.61217975 -0.68545726 -0.55518872 -0.54799027 -0.55929098 -0.61987934
 -0.66401072 -0.59641643 -0.60587871 -0.54938255 -0.8333872  -0.65110867
 -0.69025387 -0.65357843 -0.54527456 -0.51129775 -0.6154544  -0.65340772
 -0.64577923 -0.66082791 -0.58436046 -0.63588957 -0.61461113 -0.59382949
 -0.53625884 -0.63767161 -0.57164203 -0.60492361 -0.38979164 -0.60865276
 -0.48713383 -0.4956156  -0.50700012 -0.52817083 -0.42068387 -0.43646244
 -0.42976375 -0.4999195  -0.24536828 -0.35226548 -0.4030287  -0.48690812
 -0.47274171 -0.42522423 -0.46885146 -0.44868164 -0.3788393  -0.52592932
 -0.46408532 -0.50368253 -0.44602945 -0.52244019 -0.40272093 -0.56724271
 -0.50036004 -0.26999314 -0.45587507 -0.50245257 -0.44354025 -0.2991567
 -0.44436707 -0.49765551 -0.16477147 -0.50899336 -0.73908916 -0.59253635
 -0.68208953 -0.63839309 -0.68407537 -0.65660812 -0.66044398 -0.63558819
 -0.58094579 -0.62555374 -0.70774391 -0.52546365 -0.64613292 -0.83468147
 -0.56684348 -0.73947829 -0.65814452 -0.71378239 -0.69495143 -0.62505675
 -0.64687015 -0.64856513 -0.59939277 -0.64280249 -0.60721001 -0.69886116
 -0.46616707 -0.70734915 -0.62392265 -0.71570572 -0.70876351 -0.73738056
 -0.65654494 -0.66506895 -0.64689034 -0.68613372 -0.64894428 -0.70106096
 -0.63448647 -0.64519994 -0.67219771 -0.65473517 -0.63734085 -0.71549824
 -0.62223685 -0.55444105 -0.6754479  -0.644513   -0.67794174 -0.66240896
 -0.71208168 -0.5313328  -0.6062737  -0.63667132 -0.73050944 -0.68712282
 -0.53600783 -0.60572805 -0.66578767 -0.75841593 -0.63949526 -0.63846343
 -0.6477806  -0.61100579 -0.60028109 -0.59046821 -0.64996791 -0.58018371
 -0.51493993 -0.56973111 -0.64291468 -0.57346339 -0.79105656 -0.87901562
 -0.79202383 -0.8652355  -0.87513385 -0.84859737 -1.03249979 -0.9068155
 -0.7535353  -1.02387024 -0.8599939  -0.81762084 -0.84372622 -0.88126262
 -0.85660932 -0.89651808 -0.96290825 -0.83787201 -0.822016   -0.81498042
 -0.91916138 -0.88618842 -0.84910434 -0.89669697 -0.81895451 -0.88931739
 -0.74968299 -0.82109767 -0.88430744 -0.91723126 -0.8485427  -0.82002864
 -0.7160966  -0.8843982  -0.88554751 -0.8494938  -0.82823091 -0.96128487
 -0.950165   -0.96934117 -0.76250132 -0.87136696 -0.9835168  -0.82709844
 -0.85689956 -0.8998111  -0.27620877 -0.39745807 -0.3754452  -0.38640227
 -0.51652323 -0.41507454 -0.30231761 -0.47359263 -0.37389101 -0.18418925
 -0.39234457 -0.21435132 -0.64939499 -0.39047163 -0.41337473 -0.40386021
 -0.44654285 -0.29127453 -0.21803922 -0.45527603 -0.30685961 -0.26035889
 -0.48507844 -0.18293135 -0.28507245 -0.32706876 -0.24494403 -0.22789279
 -0.27057259 -0.24436646 -0.23806229 -0.38430582 -0.33800325 -0.17271823
 -0.40708384 -0.23991212 -0.20178152 -0.25377815 -0.38533106 -0.47042996
 -0.38385306 -0.32479697 -0.31499684 -0.27259376 -0.27948875 -0.49925428
 -0.33878486 -0.23737391 -0.46371739 -0.31500739 -0.49689898 -0.26413511
 -0.24117449 -0.34766845 -0.19502607 -0.7131668  -0.33087381 -0.30167194
 -0.21582133 -0.52518749 -0.38823765 -0.33489673 -0.38538185 -0.30562629
 -0.50692355 -0.39655871 -0.72715218 -0.77067124 -0.58114335 -0.71243076
 -0.76098496 -0.8485469  -0.74683094 -0.62106537 -0.66447028 -0.75814065
 -0.64912606 -0.69094015 -0.715408   -0.57989955 -0.77156943 -0.75293183
 -0.61144998 -0.72061109 -0.73977254 -0.59618855 -0.65478591 -0.6766192
 -0.74704652 -0.72805943 -0.619717   -0.77319877 -0.69843225 -0.74114279
 -0.6673059  -0.7639597  -0.64873787 -0.76675862 -0.79310291 -0.56123794
 -0.73170459 -0.67190103 -0.72255686 -0.73247488 -0.63745834 -0.63603419
 -0.65512878 -0.56882155 -0.61864872 -0.61231941 -0.76546485 -0.62430243
 -0.77878595 -0.71585559 -0.72751007 -0.76114551 -0.62077801 -0.75453864
 -0.74040154 -0.78163513 -0.63059181 -0.65798336 -0.74902845 -0.7572399
 -0.7375593  -0.76010723 -0.63968188 -0.7585449  -0.78970795 -0.55051403
 -0.69364787 -0.65161839 -0.66459113 -0.52766377 -0.47641178 -0.6680274
 -0.84550701 -0.74547566 -0.73670569 -0.7172291  -0.82384883 -0.73538541
 -0.64560716 -0.74454639 -0.70516784 -0.674423   -0.53172361 -0.73301073
 -0.66880868 -0.7322406  -0.66792565 -0.68046625 -0.64647351 -0.53254952
 -0.71246077 -0.82990015 -0.62016205 -0.74476904 -0.67144898 -0.63653303
 -0.6724416  -0.78496851 -0.72510653 -0.75739555 -0.54815135 -0.57027754
 -0.35871236 -0.72685882 -0.68989779 -0.69603981 -0.48323151 -0.72520815
 -0.56011925 -0.81031661 -0.85464533 -0.81198885 -0.48612031 -0.36943409
 -0.65300562 -0.6878718  -0.74986493 -1.0184725  -0.70177317 -0.44402327
 -0.57608767 -0.72444942 -0.63981163 -0.63935022 -0.78986697 -0.68729538
 -0.62411905 -0.87971097 -0.60332294 -0.51704959 -0.65557522 -0.69887787
 -0.59193142 -0.73147492 -0.5774911  -0.63153504 -0.62802977 -0.50104705
 -0.6792946  -0.61951645 -0.49312073 -0.71822293 -0.71263965 -0.67937414
 -0.4881081  -0.70053204 -0.98155242 -0.56787075 -0.57159294 -0.61493107
 -0.69869493 -0.59877504 -0.52087506 -0.68008221 -0.80597484 -0.75834149
 -0.511835   -0.69258409 -0.69458151 -0.49218717 -0.67306556 -0.53624906
 -0.64678949 -0.70863863 -0.85801219 -0.35827436 -0.78150654 -0.90228121
 -0.76040484 -0.69765717 -0.70580976 -0.70332683 -0.63237217 -0.70089796
 -0.43064437 -0.68975455 -0.54006018 -0.62927927 -0.71664502 -0.7485027
 -0.70802358 -0.66779484 -0.64084225 -0.44555976 -0.52545649 -0.7332701
 -0.62434128 -0.70700991 -0.72604466 -0.66582414 -0.74895658 -0.81788959
 -0.55271857 -0.58486037 -0.50758711 -0.60583603 -0.62135159 -0.71544791
 -0.6979978  -0.40750657 -0.64927715 -0.95597167 -0.61087567 -0.70502955
 -0.85997759 -0.7412951  -0.81088737 -0.61904574 -0.70977412 -0.71564013
 -0.79592453 -0.59344503 -0.7487202  -0.62297087 -0.36911402 -0.61595782
 -0.65426714 -0.63226234 -0.42970252 -0.69628749 -0.56398091 -0.80250944
 -0.72269525 -0.72429313 -0.70490358 -0.75920088 -0.55837511 -0.76837653
 -0.3882351  -0.67320801 -0.48759783 -0.29119221 -0.47952492 -0.82692509
 -0.59690114 -0.7180485  -0.75470029 -0.6147048  -0.57833975 -0.67976336
 -0.62762854 -0.54725838 -0.70615333 -0.70261291 -0.43066167 -0.62665778
 -0.59225316 -0.10917281 -0.82954118 -0.72286707 -0.63259931 -0.83834197
 -0.26047077 -0.72391916 -0.52278219 -0.65064212 -0.4627851  -0.75281767
 -0.89163793 -0.74100926 -0.39289717 -0.73857874 -0.72163855 -0.51541493
 -0.67897246 -0.68205994 -0.68099758 -0.65062966 -0.63796224 -0.39260824
 -0.85942593 -0.76486733 -0.53043115 -0.75905899 -0.88005065 -0.56916038
 -0.38637042 -0.66985998 -0.71691097 -0.62643813 -0.69627158 -0.69747675
 -0.80503592 -0.65018003 -0.74767687 -0.63122596 -0.50848831 -0.62170255
 -0.61672348 -0.40971739 -0.62097398 -0.82865011 -0.63708212 -0.29168827
 -0.67503768 -0.56324522 -0.71265389 -0.66858057 -0.47738248 -0.54352358
 -0.52089751 -0.79187841 -0.54478721 -0.46130607 -0.74091904 -0.52735246
 -0.64292116 -0.48205388 -0.70481989 -0.5707338  -0.65614406 -0.65262531
 -0.40541314 -0.47702226 -0.59101374 -0.67088762 -0.70264859 -0.82218403
 -0.4081695  -0.76676057 -0.40006608 -0.67662885 -0.8612278  -0.84271405
 -0.54098216 -0.55958657 -0.66546072 -0.61117945 -0.77243592 -0.88816604
 -0.68782052 -0.80574855 -0.92606973 -0.76847308 -0.68707726 -0.74655572
 -0.93641851 -0.7792121  -0.57482213 -0.75930279 -0.7305799  -0.68745137
 -0.7032854  -0.68356247 -0.6982989  -0.73444472 -0.68730404 -0.7147976
 -0.7483642  -0.46913701 -0.75319524 -0.24816766 -0.42281464 -0.53468822
 -0.55130012 -0.20951111 -0.47835779 -0.41644418 -0.44561429 -0.29648933
 -0.39385951 -0.4716213  -0.30284433 -0.19769354 -0.30858798 -0.27967586
 -0.10145971 -0.23779831 -0.50066246 -0.52642077 -0.38175495 -0.36991762
 -0.38809661 -0.51991531 -0.50249127 -0.61269382 -0.32138354 -0.49195933
 -0.16540332 -0.50929125 -0.57166593 -0.52733615 -0.52353617 -0.5382834
 -0.39587148 -0.55912092 -0.44038843 -0.50203729 -0.51643135 -0.53880201
 -0.55505922 -0.51203597 -0.52706932 -0.46223291 -0.76706093 -0.83265524
 -0.65431236 -0.68432579 -0.83194761 -0.69569116 -0.65362994 -0.74816194
 -0.69413287 -0.70646284 -0.61297012 -0.65507323 -0.78617606 -0.78913841
 -0.69871819 -0.75334841 -0.74093048 -0.6993179  -0.64674436 -0.7218869
 -0.63847516 -0.65746048 -0.53992721 -0.76772912 -0.65068902 -0.7203056
 -0.85666628 -0.66486434 -0.52545654 -0.76526603 -0.65449572 -0.65537754
 -0.77906624 -0.71470969 -0.6518384  -0.66076752 -0.74638773 -0.69543909
 -0.64021972 -0.73854702 -0.82606012 -0.70128857 -0.68122418 -0.79229282
 -0.52546142 -0.77823057 -0.69916051 -0.63230127 -0.6179879  -0.65627656
 -0.60766731 -0.74403834 -0.60462714 -0.71611006 -0.70338245 -0.66665253
 -0.57829355 -0.84268406 -0.59905129 -0.98779715 -0.71010627 -0.59838599
 -0.7925046  -0.6266306  -0.75765085 -0.72201248 -0.71670546 -0.68296394
 -0.85005394 -0.74058911 -0.86333171 -0.90567958 -0.60988547 -0.76081831
 -0.69934146 -0.60141464 -0.65990448 -0.69716803 -0.76692351 -0.75988224
 -0.73947757 -0.72399222 -0.79933202 -0.88388868 -0.69091475 -0.66689074
 -0.71387639 -0.7714077  -0.75691097 -0.72058292 -0.78015207 -0.66937987
 -0.78544343 -0.72869726 -0.70929881 -0.68128711 -0.67121064 -0.76204068
 -0.66941614 -0.93811655 -0.7706331  -0.62143564 -0.65738467 -0.69134237
 -0.88886407 -0.81287971 -0.60129573 -0.55503744 -0.82151282 -0.90795109
 -0.6780397  -0.79048069 -1.04971032 -0.80097732 -0.9301444  -0.83262537
 -0.59023073 -0.63823883 -0.78275584 -0.82652206 -0.95831084 -0.62801982
 -0.893068   -0.50288983 -0.88544834 -0.95283375 -0.89818294 -0.79923455
 -0.7708064  -0.67389379 -0.77009721 -0.86550662 -0.68383097 -0.6927472
 -1.26910228 -0.82045816 -0.51377433 -0.43624857 -0.49200614 -0.56742203
 -0.52479778 -0.51594699 -0.25924378 -0.52543378 -0.47021859 -0.41983187
 -0.54000475 -0.29566548 -0.51308669 -0.55776445 -0.4875857  -0.43337824
 -0.55984099 -0.54727658 -0.60068197 -0.46770067 -0.51142381 -0.41887948
 -0.48278477 -0.49422312 -0.46612426 -0.35653152 -0.56024353 -0.37285869
 -0.53147505 -0.40568307 -0.56177797 -0.51184866 -0.44054318 -0.52693649
 -0.39566094 -0.5280352  -0.6014454  -0.75855973 -0.58918708 -0.65080685
 -0.75559915 -0.76628076 -0.63745916 -0.67849301 -0.72016781 -0.61635122
 -0.66552268 -0.56612157 -0.7400216  -0.68854413 -0.61164378 -0.70002106
 -0.62014994 -0.66662441 -0.63906778 -0.68152477 -0.64511325 -0.75237153
 -0.67659752 -0.70506949 -0.70247626 -0.79505489 -0.78498011 -0.68506182
 -0.66735467 -0.65279304 -0.72632704 -0.67813172 -0.7855108  -0.80702152
 -0.58607877 -0.60100902 -0.66230508 -0.73341867 -0.62573298 -0.60325554
 -0.63598917 -0.70027766 -0.60494544 -0.70784692 -0.74882743 -0.59517372
 -0.64482357 -0.7160935  -0.62227623 -0.60916727 -0.55788112 -0.7029701
 -0.70762714 -0.64300549 -0.63650828 -0.51375135 -0.65151976 -0.73408625
 -0.34013559 -0.35621717 -0.36403689 -0.28334762 -0.40135805 -0.3680313
 -0.25717946 -0.40903193 -0.37638306 -0.36481649 -0.39166169 -0.3944934
 -0.47259012 -0.45220623 -0.38146997 -0.37415764 -0.48142714 -0.42136703
 -0.21418872 -0.41967998 -0.3337105  -0.48651841 -0.4572777  -0.38453694
 -0.41312329 -0.25905074 -0.34975185 -0.47499951 -0.36569938 -0.50594999
 -0.38419331 -0.44581853 -0.42881066 -0.33839154 -0.37015763 -0.40666515
 -0.38361333 -0.35941298 -0.32368817 -0.4011087  -0.47262217 -0.40798871
 -0.35001892 -0.33799536 -0.37363999 -0.39131973 -0.32931908 -0.44191089
 -0.32856492 -0.4723736  -0.30257057 -0.47710449 -0.40443476 -0.44257018
 -0.33075509 -0.35836918 -0.42571605 -0.30034531 -0.39528459 -0.44196733
 -0.37281741 -0.39054104 -0.4005586  -0.30469786 -0.488122   -0.28935355
 -0.4091938  -0.37427669 -0.39010028 -0.33818184 -0.41606117 -0.37435454
 -0.6817903  -0.40774243 -0.5712856  -0.57194641 -0.51851544 -0.3396841
 -0.54950424 -0.47690735 -0.40749288 -0.43179516 -0.51991947 -0.38639607
 -0.50640747 -0.3531643  -0.48421161 -0.48825118 -0.47796389 -0.31806822
 -0.56878837 -0.44176444 -0.46776499 -0.41710646 -0.41960337]



*************************************************************
MODEL ERRORS (of CLIPPED predictions): 
 
[2.42217723e-02 6.18945248e-02 9.12957937e-02 3.56573761e-02
 1.75905731e-02 3.99706990e-01 9.37925875e-02 1.01345405e-02
 5.24763912e-02 2.45831478e-02 5.26311956e-02 3.55965905e-02
 8.58719498e-02 1.39838770e-01 2.29659975e-02 7.20060384e-03
 6.01655617e-02 6.19610539e-04 1.31857451e-02 2.28859913e-02
 6.66026492e-03 9.32038948e-02 1.27916113e-01 1.51037231e-01
 8.06896985e-02 3.03453375e-02 1.22845128e-01 1.29857287e-01
 1.63245306e-03 7.71678165e-02 1.18094735e-01 1.29215136e-01
 8.48415717e-02 6.94201663e-02 4.39496078e-02 1.12750337e-01
 8.99759755e-02 4.45119329e-02 7.77125638e-03 1.09112397e-01
 3.13684046e-02 7.73324594e-02 2.11847231e-01 3.42419632e-02
 1.51959369e-02 1.24683537e-01 3.37111689e-02 7.90781006e-02
 7.54402280e-02 1.33126020e-01 7.03117847e-02 1.50252674e-02
 2.46043772e-01 7.46751577e-02 8.98295715e-02 1.18585234e-03
 7.16810580e-03 7.59670697e-03 7.07905218e-02 2.55141735e-01
 5.56294732e-02 8.15520436e-02 2.61708237e-02 4.71994281e-03
 1.00307902e-02 3.85618418e-01 9.37208086e-02 1.80191398e-01
 2.06525654e-01 1.37625396e-01 4.14710976e-02 1.23885557e-01
 1.43760234e-01 1.45395756e-01 1.26803219e-01 1.02865353e-01
 4.73208316e-02 1.00850925e-01 7.06460997e-02 1.98502003e-05
 2.65368015e-01 6.56532794e-02 1.26772568e-01 1.52285919e-01
 3.11530009e-02 1.00218408e-01 1.80906877e-01 1.75720543e-01
 4.08802740e-02 1.25485852e-01 6.93220124e-02 1.10149249e-01
 1.27388373e-01 1.26415819e-01 2.57973969e-02 2.06380904e-01
 2.70031318e-02 2.63737664e-02 3.65428180e-02 4.26423103e-02
 5.58525436e-02 8.98080990e-02 8.62646177e-02 3.14093605e-02
 7.19844624e-02 1.02496959e-01 9.07762498e-02 8.31278693e-03
 5.22339605e-02 6.23447224e-02 3.74354012e-02 2.87324004e-02
 4.05824445e-02 1.26450381e-03 4.70771194e-02 1.55134099e-02
 9.70332548e-02 8.90483856e-02 5.75305559e-02 5.17588891e-02
 2.68720925e-01 1.92790013e-02 1.25725284e-01 4.71724123e-02
 1.54622212e-01 7.09457463e-03 2.65978649e-02 2.33055633e-02
 2.17239950e-02 3.14518902e-03 2.39590202e-02 1.52219832e-01
 5.53382672e-02 3.72742931e-03 1.19530216e-01 6.76076710e-02
 5.81282564e-02 6.64334418e-03 3.70256673e-03 2.41351128e-02
 9.27252695e-02 1.05186857e-01 1.24258392e-01 1.20612967e-04
 1.19472712e-01 3.52509469e-02 7.33404905e-02 3.32619585e-02
 5.83070144e-02 3.36568244e-03 7.27481842e-02 4.25344892e-02
 1.61497146e-02 5.23033179e-02 6.75222650e-02 4.04998958e-02
 2.97256815e-03 2.89920598e-01 5.04211150e-02 8.80783647e-02
 7.09950626e-02 8.85466859e-03 7.47514516e-02 9.40579176e-02
 3.97819467e-02 1.79389752e-02 2.72513889e-02 8.82105529e-02
 2.64685191e-02 4.69503775e-02 1.59543031e-03 7.97279775e-02
 1.68059468e-02 1.08732462e-01 2.29550768e-02 2.14014668e-02
 8.87672305e-02 7.31578991e-02 2.41169427e-03 5.87287098e-02
 3.91711146e-02 1.08463936e-01 4.82775271e-02 6.99184388e-02
 8.42333436e-02 1.58582509e-01 1.85455866e-02 1.86658334e-02
 1.05987623e-01 4.57127914e-02 7.54145309e-02 8.77085999e-02
 1.21730141e-01 6.06841706e-02 1.53406700e-02 1.85103223e-01
 4.95336344e-03 2.34721735e-01 2.48379516e-03 1.80298492e-01
 6.04812354e-02 3.07276715e-02 7.03654289e-02 7.98365176e-02
 2.49407012e-02 4.67331260e-02 5.40015241e-03 6.42738715e-02
 9.18323640e-03 2.18574200e-02 7.30482340e-02 1.02861509e-01
 2.01950401e-01 1.65899381e-01 1.13386273e-01 4.80138808e-02
 4.14567860e-03 8.43223929e-02 5.95460460e-02 9.76727530e-02
 6.97462857e-02 8.67845714e-02 6.04268685e-02 1.20843448e-01
 3.07536847e-03 1.03667036e-01 9.85210016e-02 1.18970968e-01
 6.98905364e-02 2.74867867e-03 8.21086243e-02 5.05852923e-02
 2.53975578e-02 1.90546326e-02 1.78859979e-01 1.60376821e-02
 2.52765939e-02 4.88947853e-02 1.09690474e-02 1.42166227e-01
 1.87195495e-01 6.24724627e-02 1.07980236e-01 1.40180001e-02
 6.10614233e-02 4.40115556e-02 1.38977766e-01 9.11376551e-02
 1.82257388e-02 1.98728353e-01 5.31093683e-03 5.36611304e-02
 3.73233221e-02 1.38846517e-01 9.55392197e-02 8.67190883e-02
 3.59413624e-02 3.51253524e-02 5.89289144e-03 6.24536127e-02
 1.28017720e-02 5.20567931e-02 7.32553229e-02 1.10735884e-02
 5.44965453e-02 1.88310072e-02 4.46680523e-02 8.99918005e-02
 1.59610659e-01 1.28512695e-01 6.95412159e-02 6.48222193e-02
 1.06836393e-01 1.06903985e-01 8.42565224e-02 1.52817637e-01
 7.79650360e-02 4.37780619e-02 6.88215718e-02 1.09469883e-01
 1.28232613e-01 5.98392002e-02 1.21383499e-02 5.04833311e-02
 1.04019202e-01 1.08215518e-01 7.80713186e-02 5.98236248e-02
 1.33045778e-01 7.46676624e-02 2.43924675e-03 8.56825486e-02
 1.14072956e-01 7.12834522e-02 3.10408678e-02 6.41764700e-02
 1.89749822e-02 6.46353960e-02 4.65995707e-02 8.66819173e-03
 9.59515274e-02 1.12220392e-01 8.41584243e-03 8.47013816e-02
 3.92558128e-02 1.57473162e-01 5.71856946e-02 3.70013192e-02
 1.21191338e-01 1.61530063e-01 1.05844520e-01 3.18335854e-02
 1.79924011e-01 6.80456609e-02 9.43732038e-02 3.08752380e-04
 7.01138601e-02 2.96398234e-02 6.59509748e-02 2.37799790e-02
 5.17495424e-02 6.80340677e-02 1.34127242e-02 9.06940475e-02
 1.89769104e-01 2.93123182e-02 1.12932347e-01 6.48014843e-02
 2.14519631e-02 8.95122513e-02 1.05304927e-01 2.06906334e-01
 4.69862856e-02 4.08475734e-02 9.35537294e-02 1.10454038e-01
 1.57758482e-02 9.63649899e-02 6.28740788e-02 7.71641061e-02
 3.99844460e-02 1.82565786e-02 4.09099311e-02 1.73798501e-02
 1.09751448e-02 2.03202129e-03 8.58765393e-02 9.06839892e-02
 5.34685552e-02 1.04644662e-02 2.56252676e-01 6.83987921e-04
 3.59968320e-02 2.65643764e-02 5.18499650e-02 4.42196243e-02
 4.17744108e-02 2.32106657e-03 1.84361428e-01 8.64810422e-02
 7.06228465e-02 1.20184636e-02 7.34059587e-02 2.09018543e-01
 1.08021609e-02 1.69285789e-01 6.25106040e-03 3.09868790e-02
 2.30443597e-01 1.39955431e-02 2.04964709e-02 3.28852721e-02
 1.37165817e-03 6.89676329e-02 2.59901639e-02 1.05579998e-02
 1.01115756e-01 1.14567600e-01 6.01841360e-02 4.30823676e-02
 1.48639035e+00 1.17886201e-01 2.98487544e-01 7.03086853e-02
 1.29128084e-01 1.35375813e-01 9.17104632e-02 4.78309765e-02
 1.69266671e-01 1.51565090e-01 2.74785906e-02 1.71380207e-01
 7.19345808e-02 5.45117632e-02 2.74039861e-02 6.61090240e-02
 4.08239514e-02 2.29803145e-01 4.53601591e-02 1.57262027e-01
 4.68069538e-02 7.05820471e-02 1.32827803e-01 1.03746630e-01
 2.34033570e-01 4.41328716e-03 1.49059128e-02 4.28772271e-02
 2.80374922e-02 1.38000846e-02 5.73596964e-03 2.05874331e-02
 1.35538712e-01 4.13553752e-02 1.07198574e-01 1.41801134e-01
 1.91124037e-01 6.34205714e-02 5.37661053e-02 2.49131769e-01
 5.76370172e-02 5.97512200e-02 1.61458969e-01 4.67400998e-02
 2.42384840e-02 2.85042599e-02 6.25419244e-02 4.56837602e-02
 3.13823819e-02 2.07590573e-02 8.91562700e-02 1.13982171e-01
 8.71708766e-02 1.16988169e-02 7.10445791e-02 4.26969863e-02
 9.65671986e-02 4.77192439e-02 2.09878404e-02 9.00103897e-03
 1.93257555e-01 1.98633283e-01 2.63667409e-03 5.01200974e-01
 7.76112005e-02 9.55739394e-02 3.52561176e-01 1.00409769e-01
 1.53836310e-01 6.97127730e-02 4.16180193e-02 7.13320896e-02
 6.47909418e-02 9.57174897e-02 2.35886201e-01 1.25742406e-02
 1.43867612e-01 1.05465233e-01 3.59195285e-02 2.31068790e-01
 1.96119010e-01 5.93976229e-02 2.97527928e-02 7.02644661e-02
 4.27110121e-02 4.92336452e-02 9.05580632e-03 2.80533195e-01
 3.37945372e-02 1.44816563e-01 8.22896138e-02 6.63065463e-02
 2.03609839e-01 1.07600547e-01 1.26929685e-01 8.42609704e-02
 1.40691906e-01 2.11174145e-01 1.63395062e-01 1.51605308e-01
 4.66678105e-03 3.99565101e-02 3.36635485e-02 2.20045773e-03
 1.89023241e-02 1.08900197e-01 6.00415915e-02 1.83011666e-02
 8.71354993e-03 2.53149178e-02 1.17397033e-01 1.14651322e-01
 3.60514945e-03 2.65136003e-01 1.39566194e-02 2.53870022e-02
 1.93254594e-02 2.49664509e-03 1.05190121e-01 2.51136478e-02
 2.22165033e-01 1.50602713e-01 6.21054359e-02 3.52061614e-02
 1.74491629e-02 1.68588114e-04 6.72216266e-02 1.34354234e-01
 1.17972985e-01 8.12203437e-02 5.40125072e-02 2.44690273e-02
 7.34868348e-02 1.62026450e-01 1.16517998e-01 8.88694152e-02
 1.01701774e-01 7.50441626e-02 5.88300712e-02 8.72101486e-02
 9.20838565e-02 1.07591376e-01 5.00725880e-02 1.62393406e-01
 6.78858683e-02 5.66248931e-02 4.06300463e-02 7.03896135e-02
 5.55980243e-02 3.64316776e-02 1.12997390e-01 4.39642817e-02
 9.36214533e-03 3.12153429e-01 4.29118425e-02 7.34869316e-02
 3.19039188e-02 6.46171067e-03 4.62736189e-02 8.17018822e-02
 1.73862893e-02 1.36832111e-02 2.23774195e-01 1.76856108e-02
 7.53142126e-03 5.77749312e-03 8.36683363e-02 1.55348545e-02
 8.69792029e-02 7.55617023e-02 9.94708762e-02 7.29542002e-02
 2.12396923e-02 2.65544746e-03 9.86423492e-02 7.29480684e-02
 8.92623067e-02 6.38444349e-02 6.45117164e-02 1.31814584e-01
 4.41791639e-02 6.28857017e-02 6.15333766e-03 7.38738552e-02
 5.33385165e-02 7.32671618e-02 8.64499621e-03 4.27641254e-03
 5.39816031e-03 1.05732135e-01 3.76435556e-02 5.07625416e-02
 2.01437362e-02 6.20668903e-02 1.93781918e-03 5.56742363e-02
 1.53671084e-02 9.99765396e-02 6.25652671e-02 1.06398337e-01
 7.89423063e-02 3.69200557e-02 8.11714083e-02 7.13750571e-02
 4.82955854e-03 6.20312914e-02 1.79793034e-02 4.54593897e-02
 4.38352339e-02 2.61712391e-02 2.13110879e-01 2.60603037e-02
 2.40200207e-01 3.69127607e-03 4.70329560e-02 7.29136989e-02
 7.97309279e-02 9.43260640e-02 4.59310375e-02 5.55731468e-02
 1.52886361e-01 9.41768661e-02 1.28861606e-01 1.96973141e-02
 1.26391113e-01 3.51341031e-02 1.82396129e-01 2.86916681e-02
 2.28839349e-02 1.92018338e-02 3.40292417e-02 4.78776507e-02
 4.09586169e-02 8.09807107e-02 1.31027466e-02 2.54425202e-02
 2.96204239e-02 2.90998574e-02 5.29506151e-03 7.25205429e-03
 1.07957073e-01 9.13073197e-02 2.35071164e-02 7.72987455e-02
 1.51619345e-01 1.02712296e-01 8.09185058e-02 5.39871231e-02
 5.69684096e-02 2.20983513e-02 1.26988903e-01 3.44058909e-02
 7.74846673e-02 2.48095319e-01 6.09179400e-02 1.52648225e-01
 7.90872723e-02 3.32159139e-02 7.20444927e-03 1.11665623e-02
 7.12185800e-02 1.09008223e-01 1.10749543e-01 3.21869105e-02
 2.36300156e-02 7.00573027e-02 9.54985991e-02 2.32677478e-02
 6.27562106e-02 1.49062404e-03 4.08646762e-02 3.95822451e-02
 1.16781123e-01 1.56267554e-01 1.27436638e-01 6.04542494e-02
 8.46747980e-02 8.39063004e-02 6.86278641e-02 4.83350232e-02
 4.89432216e-02 2.89215520e-02 6.13085292e-02 7.18438551e-02
 1.27935380e-01 2.46812496e-02 5.78933395e-02 1.85311562e-03
 4.08913270e-02 5.31751215e-02 5.15898801e-02 6.93846717e-02
 1.34212896e-01 3.55295348e-03 1.44341663e-02 7.73532242e-02
 2.87598255e-03 6.17631525e-02 9.79006514e-02 1.34947434e-01
 4.17176867e-03 9.32721794e-02 2.33889781e-02 8.29401016e-02
 1.70906615e-02 8.26271623e-02 2.46413480e-02 3.04241758e-02
 1.84990279e-02 4.37331991e-03 5.00206836e-02 4.65175658e-02
 3.83945531e-03 2.20576022e-02 7.52932206e-02 7.70044476e-02
 1.00083619e-01 4.51430082e-02 1.21599495e-01 1.19329631e-01
 8.68306495e-03 7.88390189e-02 9.87233073e-02 3.13856363e-01
 1.13503924e-02 1.09006338e-01 1.70461498e-02 1.02745891e-01
 6.58464357e-02 3.04973847e-03 2.18641803e-01 9.18041393e-02
 3.60282622e-02 2.92212795e-02 2.91707963e-02 9.37294737e-02
 7.44983777e-02 1.17914252e-01 6.33319467e-02 1.22065037e-01
 2.73981970e-02 1.93305552e-01 1.26176909e-01 6.96235448e-02
 6.01209849e-02 6.89818338e-02 2.04381105e-02 2.03357600e-02
 8.34936872e-02 1.43126503e-03 3.40112783e-02 5.33118621e-02
 9.43324044e-02 2.27886558e-01 2.38417531e-04 1.76115751e-01
 7.25370422e-02 1.03526078e-01 4.99814637e-02 1.00673564e-01
 2.49077454e-02 6.72793984e-02 1.01912487e-02 5.50215319e-03
 2.54535433e-02 4.41015288e-02 2.00328883e-02 5.96540794e-02
 6.21948130e-02 2.22913027e-02 2.81968731e-02 1.22601300e-01
 2.64604557e-02 2.73651741e-02 8.40186998e-02 7.80141652e-02
 6.43907264e-02 9.12564248e-03 2.70071402e-02 6.80525228e-03
 1.20572383e-02 5.37064448e-02 7.67304422e-03 1.51461005e-01
 2.35498548e-02 3.16342302e-02 5.24883978e-02 7.37771392e-02
 3.59327607e-02 6.01591775e-03 3.43817770e-02 5.55312820e-02
 4.99301478e-02 5.60757257e-02 7.79375294e-03 2.10880283e-02
 2.89361421e-02 7.37520456e-02 1.21819433e-02 4.05947119e-02
 2.30100239e-03 6.59004748e-02 5.98797277e-02 9.98209119e-02
 3.36795822e-02 1.99876092e-02 1.07216336e-01 3.36293243e-02
 2.81103551e-02 4.84276228e-02 4.16864604e-02 4.72903205e-03
 7.93979317e-02 1.39989462e-02 4.71426286e-02 1.50547978e-02
 3.00838780e-02 1.01081859e-02 3.04119159e-02 6.96583018e-02
 9.31864828e-02 3.77937593e-02 3.13679427e-02 1.83916464e-01
 1.10943085e-02 4.40350175e-02 2.94812787e-02 3.20538506e-02
 1.13958996e-02 1.78592324e-01 1.38165262e-02 6.20264709e-02
 1.05726607e-01 1.64763555e-02 6.51166588e-02 3.65757830e-02
 7.97774941e-02 3.33425850e-02 6.14338852e-02 6.90335706e-02
 2.52975058e-02 1.09118491e-01 4.11765762e-02 1.56258360e-01
 6.70362189e-02 1.29410634e-02 2.22812314e-02 5.49957566e-02
 4.22213338e-02 5.82409985e-02 6.26193359e-02 3.44404653e-02
 5.86928725e-02 5.83340554e-03 1.21925565e-04 7.38486722e-02
 2.03621060e-01 3.37269083e-02 2.30481140e-02 7.48824775e-02
 1.43779680e-01 4.92359139e-02 3.27928588e-02 1.65365219e-01
 3.51643711e-02 3.18967365e-03 4.30279039e-03 5.66928834e-02
 2.92236153e-02 9.61455479e-02 9.18326229e-02 7.25612789e-02
 4.47895043e-02 3.16128433e-02 6.72119483e-02 8.14811513e-02
 3.81900966e-02 3.61938751e-03 2.59726383e-02 3.27272527e-02
 1.36720836e-01 3.33933420e-02 5.83410636e-02 2.73529962e-02
 4.16484009e-03 9.27860476e-03 1.13762505e-01 3.63124236e-02
 2.63610408e-02 5.80002666e-02 1.88268423e-02 5.91552444e-02
 8.19498748e-02 1.62011907e-01 2.31255055e-03 1.20393135e-01
 7.42450580e-02 2.48194542e-02 4.43414375e-02 3.07445996e-04
 3.28075662e-02 4.20354784e-01 2.11377647e-02 5.51232882e-02
 4.78280783e-02 6.37680292e-02 5.05754240e-02 6.53307512e-03
 1.50072423e-03 7.74374530e-02 3.74834910e-02 1.16198808e-01
 2.83140521e-02 3.53428051e-02 6.48552477e-02 2.11966559e-02
 2.38916427e-02 7.61469677e-02 3.28374431e-02 2.41873134e-02
 8.40407535e-02 5.60753867e-02 2.19255596e-01 6.75390661e-02
 3.17391902e-02 5.19606518e-03 7.34955221e-02 3.89925390e-02
 4.49756300e-03 3.12640145e-02 3.63998152e-02 6.68743178e-02
 4.17394154e-02 1.15624582e-02 6.66249096e-02 1.37389265e-03
 1.07844256e-01 5.78793837e-03 8.39395598e-02 5.35419025e-02
 6.38461635e-02 4.05774601e-02 3.18706520e-02 6.21933602e-02
 1.74616110e-02 5.88144362e-02 1.93162672e-02 3.01059484e-02
 1.93383801e-03 4.06126454e-02 2.70379614e-02 2.17400491e-01
 4.81121577e-02 9.72045958e-02 5.82833439e-02 5.39300740e-02
 1.11348949e-01 1.98570117e-02 3.01707722e-02 4.57793325e-02
 8.04235600e-03 5.65903895e-02 5.21645881e-02 1.56835373e-02
 7.63840824e-02 6.43951148e-02 3.23617860e-04 1.43740818e-01
 3.94246876e-02 4.23238799e-02 6.69823885e-02 2.61085741e-02
 8.24585333e-02 1.34262025e-01 4.68088761e-02 8.09000134e-02
 8.19667503e-02 2.01588925e-02 3.30109447e-02 6.67258501e-02
 5.99431992e-03 2.78695417e-03 1.86958492e-01 1.51758924e-01
 5.75224571e-02 6.30634129e-02 5.10345772e-02 1.35098353e-01
 6.02223501e-02 3.93403657e-02 1.61046490e-01 3.72800753e-02
 1.05774868e-02 2.30090581e-02 2.76848786e-02 2.35183705e-02
 4.39589806e-02 9.77293998e-02 5.14358515e-03 2.37594411e-01
 7.43574603e-03 2.81686243e-02 2.11333379e-01 8.86765420e-02
 6.71203882e-02 3.30398828e-02 5.91323040e-02 1.27649426e-01
 5.58661707e-02 4.12751036e-03 7.31998160e-02 1.42387515e-02
 1.89803198e-01 1.18829086e-02 8.20127875e-02 7.69297779e-02
 1.85931072e-01 5.72154997e-03 2.09851991e-02 3.76206636e-02
 1.65589061e-02 4.49838303e-02 3.79879534e-01 1.72668263e-01
 3.18545811e-02 6.88334554e-02 8.41720179e-02 6.43151253e-02
 2.47863457e-02 9.03885886e-02 5.66438846e-02 6.81157829e-03
 4.03173305e-02 4.86191595e-03 3.26530747e-02 2.38764778e-01
 2.15519555e-02 1.40508235e-01 7.39818485e-03 4.41318788e-02
 7.11381733e-02 8.22483525e-02 2.15090051e-01 1.18081130e-01
 1.25853151e-01 5.83755337e-02 1.13702595e-01 1.52840272e-01
 4.49999096e-03 4.72588763e-02 1.43139184e-01 9.05131474e-02
 1.94936231e-01 6.57026246e-02 3.44369002e-02 1.83348693e-02
 7.97132403e-03 1.61023706e-01 2.89370388e-01 4.73115593e-02
 9.64337960e-03 2.37979874e-01 7.13121593e-02 2.71838065e-03
 1.58828050e-02 7.08152950e-02 1.51495621e-01 7.58946836e-02
 9.57001299e-02 5.97504601e-02 2.56376177e-01 6.53807968e-02
 3.41476202e-02 7.62885213e-02 2.07437184e-02 2.25066096e-01
 4.71736193e-02 4.56813611e-02 5.95496520e-02 4.89636417e-03
 1.08363546e-01 4.01546061e-02 1.03119656e-01 1.21521782e-02
 1.47628188e-02 1.39791876e-01 1.67054459e-01 7.22312108e-02
 1.61521584e-01 5.41852638e-02 5.41494526e-02 1.12809874e-01
 8.94869566e-02 4.43675183e-02 1.60181388e-01 1.72729045e-02
 2.27659732e-01 2.02655405e-01 1.25795841e-01 1.82737797e-01
 8.71745273e-02 2.30524559e-02 1.78686798e-01 3.81011292e-02
 9.04700458e-02 1.78900763e-01 8.86401441e-03 8.35865885e-02
 1.02864482e-01 1.07278220e-01 7.50071555e-02 1.42739505e-01
 4.75865789e-02 7.69145340e-02 2.70586228e-03 2.53498793e-01
 6.85184821e-02 6.42048568e-02 2.16185912e-01 2.85262644e-01
 1.11467630e-01 4.76927422e-02 1.34851143e-01 5.51177934e-02
 1.80689633e-01 6.21878169e-02 1.31295808e-02 3.74660231e-02
 6.38659894e-02 9.65115149e-03 4.16365340e-02 1.31482348e-01
 5.22942692e-02 1.38465866e-01 1.95041984e-01 3.96010876e-02
 2.05683917e-01 9.09952521e-02 1.90358460e-02 2.98915654e-01
 1.02307610e-01 1.49051949e-01 2.49695420e-01 2.04208121e-01
 2.02600434e-01 1.27206236e-01 1.04433939e-01 3.63899693e-02
 1.32428601e-01 1.22382231e-01 6.06098175e-02 7.95860142e-02
 2.63787478e-01 1.62154391e-01 1.42775938e-01 1.39573172e-01
 1.38698936e-01 2.82199439e-02 1.48824900e-02 8.85778591e-02
 1.46617234e-01 9.92355496e-02 6.84238523e-02 7.10160797e-03
 4.72713746e-02 1.31341703e-02 1.50268562e-02 1.06282547e-01
 7.27785528e-02 3.88344633e-03 4.92872149e-02 3.92980240e-02
 1.19668636e-02 2.01304816e-02 1.05901510e-01 6.75923079e-02
 8.23012292e-02 2.98457388e-02 8.60180855e-02 1.08260058e-01
 1.80799633e-01 2.43193824e-02 7.94384927e-02 8.81977826e-02
 4.39725779e-02 2.10759230e-02 7.75864571e-02 1.54953180e-02
 9.53121856e-02 2.29604300e-02 7.13030621e-02 1.83284670e-01
 3.50052863e-02 1.74255133e-01 2.35717688e-02 9.12281498e-02
 1.67862978e-02 2.16758139e-02 7.20772222e-02 1.10537767e-01
 7.76839778e-02 1.02888018e-01 5.19551151e-02 1.25980869e-01
 2.16030143e-02 5.64715005e-02 3.16338614e-02 6.06779791e-02
 1.52201317e-02 2.30791867e-02 4.45195735e-02 6.04100451e-02
 1.66724563e-01 2.69070212e-02 2.13812031e-02 8.54271650e-03
 4.87449616e-02 1.07297804e-02 5.26327379e-02 4.12366427e-02
 1.07431293e-01 3.98206040e-02 6.48062006e-02 6.34728894e-02
 5.10577336e-02 1.10910265e-02 2.15408970e-02 5.06365448e-02
 5.30931540e-02 3.11575793e-02 8.03773925e-02 3.36726606e-02
 5.41991182e-02 5.05358800e-02 2.95370575e-02 1.19000832e-02
 5.29619865e-02 2.54125427e-02 7.20191840e-03 5.56751378e-02
 6.56845048e-02 6.09412044e-02 8.40416774e-02 5.70217930e-02
 6.87640235e-02 6.26153126e-02 1.28571510e-01 1.05424896e-02
 2.24460810e-02 2.02139150e-02 3.00361942e-02 1.26996292e-02
 6.79237396e-02 8.22916403e-02 4.98637185e-02 1.67035572e-02
 6.29742444e-02 5.54941557e-02 1.07161894e-01 3.79201199e-04
 7.95085263e-03 1.31227195e-01 1.62110165e-01 7.53911724e-03
 4.93158810e-02 1.35881260e-01 2.39902437e-02 2.32123341e-02
 9.36170369e-02 3.88130918e-02 4.87078056e-02 1.24074463e-02
 7.85354525e-02 8.16954002e-02 3.37167121e-02 3.01282108e-02
 6.82670344e-03 4.35902849e-02 3.51994373e-02 5.82444668e-03
 7.57734552e-02 3.57002094e-02 2.87531372e-02 1.21712871e-01
 3.29040848e-02 9.57443714e-02 2.93019391e-03 1.54277030e-03
 8.17081928e-02 7.94543028e-02 1.11160465e-02 6.41587600e-02
 1.79458037e-02 8.27651694e-02 1.01281218e-01 9.32631493e-02
 4.32057008e-02 4.39064242e-02 5.29021136e-02 9.22896862e-02
 5.88969253e-02 1.31812794e-02 3.26693244e-02 4.42975275e-02
 2.16017067e-02 1.03167715e-02 6.03933670e-02 3.47164311e-02
 3.23508941e-02 2.39750501e-02 4.92138527e-02 6.09598570e-02
 1.02809034e-02 5.92287108e-02 1.77578907e-02 2.32371483e-02
 6.89737732e-03 2.87666861e-02 7.26791918e-02 5.09742387e-02
 2.66398285e-02 8.39714482e-02 5.31375147e-02 1.75304655e-02
 8.43802989e-02 2.25532262e-04 3.09135504e-02 3.12454272e-02
 3.29890214e-02 1.09941736e-01 8.12974758e-03 3.61532085e-02
 4.68805768e-02 3.69039625e-02 3.34451385e-02 4.58681360e-02
 2.64372081e-02 4.84892055e-02 9.60281193e-02 3.00711431e-02
 2.87793204e-02 4.10765894e-02 2.86252275e-02 2.18538120e-02
 2.69710086e-02 3.18512842e-02 1.91464461e-02 7.18249232e-02
 8.74353796e-02 5.67602599e-03 1.75882261e-02 1.10155508e-01
 2.48686038e-02 1.85845420e-02 3.39877158e-02 4.39586267e-02
 4.75984886e-02 2.60533765e-02 9.16455965e-03 6.03654981e-03
 1.82838403e-02 1.71643924e-02 4.99147773e-02 1.02921195e-01
 1.72580313e-02 7.16069771e-04 2.56288033e-02 2.03772094e-02
 2.51803594e-03 7.25402832e-02 5.95700275e-03 1.34022236e-01
 1.63454115e-02 1.28171053e-02 2.48153098e-02 3.71565041e-03
 2.68065999e-03 4.30395082e-02 1.05537195e-03 5.12302704e-02
 7.81633332e-02 4.74969670e-02 1.02039995e-02 4.30771112e-02
 8.99721608e-02 9.40577462e-02 3.38323414e-02 3.96708772e-02
 7.85626620e-02 1.14049196e-01 4.62437384e-02 4.02258448e-02
 3.04558314e-02 3.38063613e-02 1.19851314e-01 2.03488935e-02
 1.02939822e-01 1.50215328e-01 3.32983048e-03 1.47952735e-02
 9.39828157e-02 1.10419497e-01 4.37271111e-02 6.13376126e-02
 2.20107943e-01 1.33176759e-01 1.36757702e-01 2.57305712e-01
 2.10092776e-03 3.57312858e-02 1.68922573e-01 3.16247740e-03
 5.21305855e-03 1.74560219e-01 1.02308638e-01 1.75896268e-02
 7.59884715e-02 5.21243587e-02 5.79662211e-02 6.29109293e-02
 1.35092616e-01 1.13578634e-02 5.83404787e-02 5.04288860e-02
 4.21245806e-02 2.17370883e-01 5.33832759e-02 6.14542440e-02
 2.22460348e-02 4.56604809e-02 1.42848104e-01 3.04087158e-02
 2.01094132e-02 1.07842591e-02 7.82687590e-02 1.70028627e-01
 1.32413805e-01 1.22296073e-01 1.17180467e-01 8.56178638e-04
 3.59865874e-02 3.38237807e-02 6.00925572e-02 1.25761390e-01
 3.45554724e-02 4.32463400e-02 2.09073201e-01 3.14378762e-03
 2.99668591e-02 9.49683711e-02 9.95199233e-02 3.51337753e-02
 9.45178121e-02 3.06983497e-02 3.42063084e-02 2.37864509e-01
 6.22806102e-02 1.86263286e-02 3.22830379e-02 5.25263287e-02
 9.84034594e-03 8.49050879e-02 2.47537866e-02 1.17650911e-01
 9.55167562e-02 1.52439043e-01 8.14798251e-02 8.09766501e-02
 7.18002692e-02 4.76749651e-02 9.15278941e-02 5.60672320e-02
 1.06242165e-01 1.34921558e-02 1.06325492e-01 6.02693297e-04
 3.22105503e-03 1.32022928e-02 2.67670248e-02 1.44493040e-02
 8.35772157e-02 7.67837092e-02 2.54156012e-02 1.27714640e-02
 2.98376400e-02 7.00366423e-02 7.64906686e-03 9.84869152e-02
 9.05055627e-02 2.01904732e-05 2.03452632e-02 1.66956887e-01
 7.29127303e-02 9.02267620e-02 4.18589376e-02 2.35567964e-03
 4.16726880e-02 1.42487651e-03 1.61520776e-03 4.08078767e-02
 1.04305848e-01 2.36019939e-02 1.69851817e-02 2.52749268e-02
 5.19140065e-02 1.22073092e-01 5.09883650e-02 1.40451878e-01
 4.18019369e-02 7.67417699e-02 1.25000915e-02 3.79707967e-03
 3.03272363e-02 6.40040413e-02 1.61691532e-02 1.38866603e-02
 9.86943915e-02 1.52581362e-02 8.43507871e-02 8.64490792e-02
 6.64268062e-02 4.60164547e-02 1.02684591e-02 5.30377664e-02
 5.25064729e-02 7.09814504e-02 6.67060539e-02 1.10543948e-02
 8.68844390e-02 9.32642911e-03 1.36577517e-01 1.10409511e-02
 1.39032025e-02 7.62321427e-02 1.20585049e-02 1.10679376e-03
 4.94302996e-02 6.53157979e-02 1.77830197e-02 2.10550353e-02
 1.82612419e-01 1.55103698e-01 4.02948400e-03 1.26829473e-02
 1.01145931e-01 3.91346067e-02 7.21912757e-02 1.45262107e-02
 1.08789634e-02 4.60024588e-02 4.47476923e-01 1.40637070e-01
 6.69990527e-03 5.57996780e-02 6.76198117e-03 2.89366636e-02
 1.11051358e-01 7.47200325e-02 6.36899024e-02 8.73613730e-03
 2.63797492e-02 7.75420889e-02 1.75022669e-02 1.21848118e-02
 6.13215603e-02 7.03771710e-02 2.57847570e-02 5.15369326e-02
 5.01024369e-05 3.85259613e-02 1.44387454e-01 3.13166007e-02
 4.28552739e-02 1.91185083e-02 6.12798594e-02 7.55443349e-02
 1.03109956e-01 7.54073560e-02 1.58031024e-02 1.38486903e-02
 5.16279638e-02 5.00133261e-02 1.44666284e-01 1.88640859e-02
 9.85564813e-02 4.22416478e-02 9.54062678e-03 2.91079152e-02
 1.99480742e-01 3.86665054e-02 7.72107095e-02 7.89902732e-02
 3.28857830e-04 3.27001102e-02 9.60114747e-02 5.97298443e-02
 1.95170775e-01 6.44958094e-02 4.63568866e-02 1.03022002e-01
 6.94131479e-02 1.01289742e-01 3.69020663e-02 1.68232888e-01
 2.86978856e-03 1.00084417e-01 9.84730050e-02 1.22855767e-03
 6.70287758e-02 6.27868995e-02 9.34748948e-02 8.84831920e-02
 2.56185420e-02 6.70535266e-02 1.51940584e-02 7.49442279e-02
 3.13055255e-02 1.41208947e-01 9.00472552e-02 1.07395142e-01
 1.19068421e-01 6.28746152e-02 8.56180638e-02 6.57064989e-02
 1.57960504e-01 3.05848978e-02 3.57134640e-02 1.20749861e-01
 3.86128854e-03 3.34334490e-03 1.52282998e-01 9.30506140e-02
 5.15876561e-02 1.27895236e-01 6.51910529e-02 8.92769545e-02
 6.94716945e-02 2.42709182e-02 5.26022837e-02 7.69081637e-02
 4.10386026e-02 6.32289946e-02 6.98582605e-02 1.95131656e-02
 9.22095627e-02 7.20976889e-02 5.61106689e-02 7.53685981e-02
 7.05273077e-02 9.45254043e-02 3.65329422e-02 1.05100214e-01
 4.02253792e-02 1.24588430e-01 5.05503714e-02 1.88913736e-02
 2.61069797e-02 6.53531328e-02 2.22421557e-01 1.00133987e-02
 5.35976365e-02 6.63030818e-02 1.76222660e-02 4.04501557e-02
 6.05642423e-03 4.12122719e-02 2.00672820e-02 1.29006365e-02
 2.67321486e-02 5.67607582e-02 1.25226334e-01 7.22288787e-02
 9.02971476e-02 5.53313568e-02 1.61371138e-02 8.01448673e-02
 6.35506883e-02 8.20397511e-02 1.65659729e-02 9.26222559e-03
 5.51356152e-02 4.70794104e-02 2.25989625e-01 4.09139283e-02
 1.04986294e-03 1.68933365e-02 1.04095802e-01 4.46306765e-02
 8.91079474e-03 7.07487762e-02 1.32538170e-01 6.41853884e-02
 8.49929079e-03 2.82087829e-04 2.19243541e-02 4.35311534e-02
 3.99309509e-02 3.73779498e-02 1.07592605e-01 6.38587698e-02
 3.78961004e-02 3.90780643e-02 1.67209450e-02 5.67789003e-02
 3.44819911e-02 1.25562381e-02 8.99823904e-02 9.98899247e-03
 4.46554571e-02 5.80902100e-02 3.01776230e-02 1.06716760e-01
 6.24073371e-02 3.45394790e-01 2.84555368e-02 1.31952167e-01
 6.32227212e-02 2.93789599e-02 4.38329577e-02 2.21835412e-02
 1.39430523e-01 2.61673741e-02 2.70667374e-01 2.17852786e-01
 8.35578442e-02 1.07578011e-02 1.19976193e-01 2.87173688e-02
 4.79568876e-02 5.77436537e-02 1.23713046e-01 2.99414426e-01
 1.94700375e-01 1.09499782e-01 5.99256568e-02 7.48688653e-02
 3.36935788e-01 1.74916193e-01 4.98868227e-02 9.64709297e-02
 1.82331745e-02 3.76127809e-02 2.11273313e-01 1.41810313e-01
 2.78620183e-01 9.68662128e-02 8.16768780e-02 3.56878266e-02
 5.17754704e-02 5.72546534e-02 3.41469236e-02 7.26039186e-02
 5.66394888e-02 5.14695682e-02 1.27374321e-01 7.50227943e-02
 8.77017677e-02 4.00504358e-02 8.01188499e-02 1.00275926e-01
 5.68538308e-02 1.48141146e-01 4.97100540e-02 2.99071427e-02
 6.89933822e-02 1.73580185e-01 8.12317152e-03 5.50811924e-02
 1.86022278e-02 1.03073670e-02 1.63879991e-02 6.90152869e-02
 1.53906979e-02 9.36693251e-02 4.59001623e-02 1.21963553e-01
 2.79913861e-02 5.70475422e-02 1.98077150e-02 1.38782814e-01
 7.56186768e-02 5.44817485e-02 1.61911771e-01 8.07052106e-02
 7.55657554e-02 1.17233865e-01 1.39627174e-01 2.03318641e-01
 3.66909057e-02 4.28832397e-02 2.74183955e-02 4.01169360e-02
 1.85102060e-01 1.35813698e-01 8.88118371e-02 2.72427708e-01
 2.04886690e-01 4.67839986e-02 2.89145503e-02 1.32254720e-01
 2.16834177e-03 7.47917220e-02 6.21623509e-02 2.38643549e-02
 8.86972994e-02 1.96723774e-01 1.37471110e-01 7.18167052e-02
 2.10175314e-03 1.71933830e-01 1.58959761e-01 3.96356881e-02
 6.12492301e-03 4.22038324e-02 3.72955762e-02 9.76915434e-02
 3.48016731e-02 3.52000073e-03 4.31011245e-02 1.06692389e-01
 8.18930194e-02 3.93990502e-02 3.83928344e-02 7.68135414e-02
 2.28578807e-03 1.19929470e-01 2.75136195e-02 1.08801546e-02
 7.90199190e-02 1.59444794e-01 2.75228560e-01 5.65153658e-02
 1.03225755e-02 2.18034282e-01 4.10139710e-02 7.82250613e-02
 2.46050321e-02 4.78550233e-02 1.19038224e-01 3.74899991e-02
 9.79164541e-02 5.32986484e-02 4.38921675e-02 2.05285121e-02
 1.24181109e-02 8.76752511e-02 8.97708442e-03 8.70912708e-03
 3.00596897e-02 1.76613592e-02 2.46761203e-01 1.58272579e-01
 2.24334672e-01 2.09322702e-02 7.40818009e-02 7.90011790e-03
 4.65274304e-02 6.38459399e-02 2.49032420e-03 4.44327444e-02
 8.51378217e-03 1.89661533e-01 7.95935243e-02 9.04267770e-04
 1.05846338e-01 4.64001708e-02 1.05195977e-02 2.71521267e-02
 1.74807042e-06 3.55472416e-02 1.03707248e-02 1.38293505e-02
 6.12936430e-02 2.82136023e-01 1.47619650e-01 1.01065241e-01
 2.23215371e-01 1.08207706e-02 1.34898741e-02 1.53633162e-01
 9.03692022e-02 1.19928211e-01 3.79353464e-02 1.32434741e-01
 3.02863028e-02 6.72578886e-02 2.11456269e-02 6.20444156e-02
 1.38361290e-01 1.51210427e-01 1.52435750e-01 8.44904128e-03
 1.28504410e-01 2.33701378e-01 3.61484550e-02 6.01818785e-02
 1.82405889e-01 3.72998416e-01 1.14956737e-01 3.86180542e-02
 1.17546640e-01 1.49118856e-01 2.67410167e-02 2.03514583e-02
 5.35385720e-02 5.48547730e-02 2.76057352e-03 1.36050284e-02
 1.28711522e-01 2.79336065e-01 4.27254215e-02 1.16035454e-01
 3.77419870e-03 7.01367185e-02 2.25568023e-02 9.37689543e-02
 2.75152735e-02 1.49374560e-01 2.47721717e-01 7.12452307e-02
 7.66189322e-02 1.22371338e-01 3.12552452e-02 1.26433700e-01
 1.08493529e-01 6.71803877e-02 2.59224594e-01 1.01209044e-01
 1.23556092e-01 1.84784494e-02 1.21766729e-02 7.62443095e-02
 1.16668448e-01 7.70345256e-02 1.20190866e-01 1.59701556e-02
 1.56483017e-02 2.10014079e-02 4.60974783e-01 1.97508603e-01
 2.19883863e-02 1.19719461e-01 1.46464780e-02 1.72139347e-01
 1.83994845e-01 6.43120408e-02 1.05017819e-01 7.27936924e-02
 1.77110270e-01 2.66487654e-02 8.72436911e-02 1.74717642e-02
 1.03775850e-02 1.99296370e-01 2.53958493e-01 1.29108444e-01
 1.92388251e-01 2.80636512e-02 7.57852197e-02 9.81422141e-02
 1.62098005e-01 2.21593175e-02 7.29719996e-02 6.29328340e-02
 6.88686296e-02 6.78433925e-02 1.63208842e-01 1.75811335e-01
 2.04158887e-01 3.62919900e-03 1.53306410e-01 3.17486912e-01
 1.35112321e-03 5.99536039e-02 3.27306353e-02 1.87313259e-01
 2.52433363e-02 7.06301630e-03 8.95655155e-02 1.01731479e-01
 4.46874872e-02 3.84561042e-03 2.99362242e-02 1.81124005e-02
 6.11283593e-02 3.53565551e-02 5.10716438e-02 2.63551418e-02
 4.60701473e-02 1.54151917e-01 1.84796918e-02 2.47517880e-02
 2.06172019e-02 1.01364322e-01 6.46384805e-02 3.44134532e-02
 1.06827226e-02 6.17822111e-02 2.57216655e-02 5.86047098e-02
 8.21473375e-02 3.96313667e-02 5.79464063e-02 1.58107698e-01
 4.85142469e-02 1.20814428e-01 1.78158563e-02 1.35873267e-02
 1.45088360e-01 8.83481503e-02 1.61142591e-02 2.59204865e-01
 7.34649897e-02 4.37954925e-02 1.27485812e-01 4.49677221e-02
 1.20103978e-01 1.16544932e-01 1.01278417e-01 3.35585698e-02
 3.39415260e-02 8.75998810e-02 1.43678710e-01 4.90782177e-03
 2.74812393e-02 1.26478389e-01 1.86570454e-02 5.78996614e-02
 3.03624682e-02 2.38829143e-02 5.61647750e-02 1.91657189e-02
 1.42521004e-03 2.28004158e-02 2.66028065e-02 4.84762676e-02
 5.14340997e-02 6.60238713e-02 3.62654105e-02 3.86351049e-02
 5.27567882e-03 3.18633169e-02 4.29373421e-03 4.04007062e-02
 1.76305790e-02 1.02202356e-01 1.56136053e-02 1.19050406e-01
 7.69504681e-02 1.08510129e-01 9.41009261e-03 5.38858026e-02
 3.46552394e-02 2.02479344e-02 1.02098301e-01 1.04786091e-01
 1.61084831e-02 1.73569471e-02 1.87403876e-02 3.57901715e-02
 1.39360456e-02 3.63892131e-02 3.15347403e-01 6.39751628e-02
 3.55726816e-02 1.15511887e-01 2.47358587e-02 4.25973814e-03
 1.50459558e-01 6.57647029e-02 4.47600633e-02 1.10021643e-02
 1.46598816e-02 1.28146922e-02 9.32372734e-02 1.51291164e-02
 4.82026376e-02 2.02069264e-02 7.41415918e-02 1.25228483e-02
 5.25209010e-02 3.16482410e-02 3.50871868e-02 2.59962305e-02
 6.03454299e-02 1.59197122e-01 3.31889763e-02 1.33007187e-02
 6.37860224e-02 4.81587322e-03 1.87214181e-01 1.41436746e-02
 1.13270320e-02 1.36734143e-01 1.22020617e-02 5.11765257e-02
 4.49363654e-03 8.40610042e-02 5.53526264e-03 4.29340303e-02
 6.22329861e-02 7.99349323e-03 1.69223696e-02 7.27821663e-02
 1.50870662e-02 4.49620700e-03 1.37689263e-01 6.15790952e-03
 3.33959819e-03 3.92588824e-02 5.64276874e-02 2.34503075e-02
 2.79956106e-02 6.98312819e-02 6.69770241e-02 1.34121284e-01
 2.07692217e-02 2.26143561e-02 1.31418165e-02 7.47681782e-02
 3.94668849e-03 7.29223620e-03 1.32614914e-02 8.74739885e-03
 6.77679554e-02 3.63857020e-03 5.17975241e-02 6.05207905e-02
 2.68984616e-01 8.07292014e-03 6.16172887e-02 7.66664892e-02
 5.20957671e-02 2.99615636e-02 5.38710132e-02 2.05854662e-02
 8.79574753e-03 4.87141535e-02 1.53429098e-02 4.17242348e-02
 3.14510614e-02 1.89790741e-01 5.73755130e-02 9.09877345e-02
 9.06327292e-02 1.96429819e-01 8.10231082e-03 7.53607675e-02
 1.03983425e-01 1.17650390e-01 4.56124954e-02 1.10786827e-02
 5.83954677e-02 8.74920413e-02 1.72041971e-02 2.38201208e-02
 2.28345417e-03 7.23842233e-02 3.94084156e-02 1.25274397e-02
 6.23806193e-02 1.40492208e-02 7.35615864e-02 7.25812763e-02
 8.76930058e-02 7.40044713e-02 2.23164167e-02 4.94917519e-02
 2.34500356e-02 7.84544051e-02 7.79324118e-03 3.14434022e-02
 1.72336593e-01 2.77226847e-02 3.88164483e-02 6.24411665e-02
 1.40719321e-02 4.75318655e-02 8.99003074e-02 8.09568912e-03
 3.19932699e-02 8.94699320e-02 3.00916843e-02 1.79341435e-02
 1.97258964e-02 2.80888118e-02 1.32255599e-01 1.95777416e-02
 7.67257065e-02 9.64214578e-02 2.04553977e-02 1.83682635e-01
 5.32766283e-02 2.68829148e-02 5.20642996e-02 4.14188653e-02
 4.13771793e-02 3.32776532e-02 4.35630354e-05 5.93086879e-04
 2.30504908e-02 2.81176753e-02 1.99830104e-02 1.76273976e-02
 1.66818425e-02 7.00279400e-02 6.27458096e-03 3.13286111e-02
 2.23541278e-02 5.23513891e-02 1.17976936e-02 4.28466760e-02
 3.04757878e-02 1.85817853e-02 8.15861523e-02 6.09553382e-02
 4.22566086e-02 4.22813493e-04 1.75810140e-03 1.09474488e-01
 4.43640947e-02 2.78906077e-02 3.18595655e-02 4.78754379e-02
 1.37347966e-01 5.62930945e-03 4.06713225e-02 1.73026584e-02
 5.70786260e-02 6.59596920e-03 1.33261057e-02 1.20097771e-01
 9.92700160e-02 9.33359340e-02 3.82080600e-02 6.81721419e-02
 8.99863169e-02 5.44291958e-02 7.43419155e-02 1.04803130e-01
 6.86319619e-02 3.68044362e-03 7.81148821e-02 1.53569967e-01
 6.25371281e-03 8.84264261e-02 3.24365236e-02 1.34919658e-01
 1.22138634e-01 2.90126204e-02 4.85572964e-02 1.48445383e-01
 8.06704909e-02 8.91396850e-02 1.20807931e-01 7.55237369e-03
 7.14488924e-02 3.06918584e-02 6.82224110e-02 2.31342185e-02
 5.59109561e-02 9.62903425e-02 3.08724567e-02 9.53477621e-02
 1.25087395e-01 7.79745728e-03 7.52048641e-02 2.14604661e-01
 7.54430294e-02 1.86549529e-01 2.16823265e-01 1.56126311e-02
 3.21934670e-02 1.49860546e-01 3.97972353e-02 1.96442883e-02
 1.56950429e-01 2.22625006e-02 4.52323910e-03 1.79696027e-02
 9.78201181e-02 3.47223878e-02 8.21136236e-02 1.68527309e-02
 6.55062571e-02 1.17767580e-01 1.69362009e-01 1.17081746e-01
 2.64551863e-02 8.65943283e-02 1.19811930e-01 8.46822858e-02
 1.48952886e-01 1.15146175e-01 5.96021563e-02 2.59917323e-02
 9.15547758e-02 6.21529147e-02 1.07559755e-01 6.21474423e-02
 2.18791753e-01 1.20084368e-01 5.21044917e-02 1.74572960e-01
 6.93532033e-03 6.82586506e-02 1.18721360e-02 1.26095936e-01
 3.84088829e-02 9.32264328e-02 1.10249132e-01 2.97371268e-01
 1.46906406e-01 2.98938155e-02 5.27377352e-02 9.15928632e-02
 1.32491857e-01 2.46987790e-02 1.32824406e-01 4.64887321e-02
 9.63654146e-02 5.44772344e-03 2.19689310e-01 9.52435564e-03
 1.19240910e-01 1.67798176e-02 6.38641708e-04 5.26338480e-02
 3.90963584e-01 2.31955461e-02 2.12267693e-02 5.51676415e-02
 5.77871539e-02 7.60989636e-02 1.00813009e-01 2.56540388e-01
 2.30878249e-01 1.92006845e-02 9.33447201e-03 4.60281130e-03
 9.00231078e-02 8.77618790e-02 2.51111180e-01 2.29007632e-01
 1.07163839e-01 7.53401443e-02 1.69630523e-03 4.64984588e-02
 1.80239007e-02 2.81328075e-02 5.21149114e-02 2.83270359e-01
 2.98623536e-02 9.97401178e-02 5.81424795e-02 1.56187331e-02
 1.13861308e-01 2.50949105e-03 1.20893635e-01 4.84720469e-02
 3.62336077e-02 4.87298220e-02 8.70738626e-02 1.37340814e-01
 1.48714826e-01 5.53611331e-02 7.69122839e-02 6.74730458e-04
 9.06458590e-03 7.74523839e-02 1.97547935e-02 1.35004176e-02
 1.36470586e-01 3.37043554e-02 4.45103943e-02 6.64714128e-02
 6.41225427e-02 5.66414930e-03 2.89736036e-02 5.17276973e-02
 9.55508649e-02 4.31359466e-03 7.89426118e-02 9.15165711e-03
 2.52540223e-02 3.95139344e-02 7.88457096e-02 5.42912111e-02
 3.73988636e-02 1.06290638e-01 4.39241454e-02 1.22976350e-02
 4.82784882e-02 2.96988171e-02 6.05059676e-02 2.38881875e-02
 8.01319852e-02 3.34799625e-02 7.28444988e-03 5.50963283e-01
 5.03776316e-03 5.04430532e-02 5.90630919e-02 2.23093763e-01
 1.05466977e-01 3.20284888e-02 1.63829792e-02 2.24094354e-02
 5.81655130e-02 8.70337635e-02 8.80916491e-02 3.66311073e-02
 1.40585853e-02 9.75617170e-02 5.88532500e-02 1.40494211e-02
 9.32089239e-02 4.24352400e-02 5.29075749e-02 5.21319062e-02
 2.08964139e-01 4.81278524e-02 1.45835951e-01 1.13247626e-01
 2.72826944e-02 4.34916094e-02 2.29068190e-01 6.57000542e-02
 2.71081738e-02 2.15197951e-02 4.50153388e-02 1.95805449e-02
 1.74810272e-02 1.03247054e-01 2.86629260e-01 4.98101674e-02
 5.08699343e-02 1.18175261e-01 2.17129663e-01 7.69992396e-02
 1.81712508e-01 3.47402622e-03 7.74136558e-02 1.09957136e-01
 8.30889270e-02 8.40599164e-02 1.02036051e-01 9.22878459e-02
 1.56603362e-02 5.62173873e-03 8.16967338e-02 8.49947184e-02
 6.53470354e-03 4.27718684e-02 1.99084654e-02 4.83536981e-02
 6.92412257e-02 2.81398208e-03 1.30120248e-01 1.90094277e-01
 6.28040731e-02 6.92444965e-02 4.21594195e-02 4.01997147e-03
 1.13486191e-02 1.59176156e-01 7.51558393e-02 8.42930675e-02
 2.46307552e-02 1.29428223e-01 1.49324864e-01 1.70406833e-01
 2.66130447e-01 1.30332097e-01 1.30422622e-01 7.18177259e-02
 1.96872652e-01 1.54219493e-01 7.82680511e-02 3.37359942e-02
 4.51478064e-02 1.47103993e-02 9.84999910e-02 1.28616795e-01
 3.54413278e-02 2.29616642e-01 9.64215212e-03 2.27263458e-02
 1.33516610e-01 2.19460204e-03 1.17211521e-01 6.30383939e-03
 1.15713514e-01 1.21026613e-01 2.37491913e-02 3.90249006e-02
 7.48726651e-02 3.10159057e-01 1.37976632e-01 5.80615066e-02
 1.53829940e-02 1.00266943e-02 2.49853224e-01 5.30159427e-03
 2.84837019e-02 1.32803917e-01 6.28296584e-02 6.86053187e-03
 1.51976153e-01 1.22447088e-01 2.62723826e-02 6.49538785e-02
 1.06147289e-01 1.13185281e-02 2.05087885e-02 2.83527225e-02
 7.52120540e-02 1.82664879e-02 2.27627248e-01 3.30303311e-02
 6.58443719e-02 2.26877891e-02 1.45092048e-03 3.73103432e-02
 1.48848355e-01 1.19480744e-01 4.75839414e-02 1.17491409e-02
 5.95179982e-02 9.45563836e-04 1.51904142e-02 1.15126789e-01
 1.76629782e-01 1.11818975e-02 2.50779698e-03 1.47815168e-01
 2.02317233e-03 5.54085001e-02 2.33505759e-03 1.79240555e-02
 1.68565303e-01 1.46262124e-01 6.67461157e-02 8.74408185e-02
 1.24148112e-02 4.83619720e-02 1.25478429e-03 6.66790754e-02
 9.35247615e-02 1.09133512e-01 5.66706434e-02 4.67878319e-02
 8.94882903e-02 1.01728097e-01 4.41045672e-01 3.08509264e-02
 1.36335164e-01 9.25044343e-02 2.80924216e-02 1.30593404e-01
 4.59343880e-01 7.87867904e-02 7.66041130e-02 4.13847640e-02
 1.64837800e-02 1.68006662e-02 2.11550266e-01 5.54931052e-02
 6.76816776e-02 3.04146875e-02 1.05325989e-01 7.36926869e-02
 7.03818724e-02 1.01513430e-01 4.08589989e-02 2.36800134e-01
 2.54056118e-02 9.61282253e-02 4.29559238e-02 5.30352443e-02
 7.38707855e-02 9.54270661e-02 7.77242482e-02 1.11042477e-01
 1.15353972e-01 7.53872469e-02 1.26290962e-01 7.84664527e-02
 6.94337338e-02 2.40837876e-02 1.08417086e-01 4.19655591e-02
 6.73289597e-02 4.06296328e-02 1.30375586e-02 3.94229256e-02
 1.40677454e-04 7.02809542e-02 2.57079047e-03 2.40465021e-03
 5.41540645e-02 9.96793211e-02 1.22897467e-02 1.08424127e-01
 7.57565722e-02 1.34850338e-01 3.37531678e-02 3.61133479e-02
 1.44699171e-01 1.21156931e-01 8.61963779e-02 4.44524437e-02
 1.64451525e-01 3.66209494e-03 4.80421931e-02 2.62150466e-02
 7.69549310e-02 1.43149599e-01 5.66089936e-02 6.45906255e-02
 3.22848000e-02 4.22949530e-02 8.41732696e-03 2.58411877e-02
 8.53949711e-02 9.01870951e-02 4.67957482e-02 5.72158881e-02
 4.84592691e-02 1.23825796e-01 1.38323354e-02 1.88271031e-02
 9.83736813e-02 4.74246666e-02 1.48071811e-01 6.98960051e-02
 1.71451792e-01 1.26578331e-01 9.89093333e-02 5.56787327e-02
 8.55984017e-02 9.83551983e-03 8.34614113e-02 8.38965699e-02
 6.54600700e-03 4.64359373e-02 1.31056696e-01 1.75031394e-01
 1.69665247e-01 2.48621721e-02 1.58925608e-01 1.71562597e-01
 2.26991978e-02 8.23533721e-03 8.30769315e-02 1.63910724e-02
 3.17070857e-02 5.18843867e-02 1.43390400e-02 9.49854180e-02
 1.33199766e-01 2.69995093e-01 1.69426218e-01 5.95586374e-02
 8.05716142e-02 1.62663639e-01 5.38834393e-01 5.57531677e-02
 1.05855875e-01 1.68962613e-01 2.29363106e-02 1.02586290e-02
 1.01029441e-01 2.00855713e-02 7.03769699e-02 1.61106549e-02
 3.11289616e-02 6.69807419e-02 6.82391366e-03 5.15921041e-02
 9.70738009e-02 7.69434171e-03 1.50102288e-01 1.19107086e-02
 3.19785327e-02 3.57951559e-02 1.37719756e-03 2.33802572e-02
 2.43319124e-02 3.00917644e-02 6.42368793e-02 1.16021812e-01
 2.15622336e-01 1.09902238e-02 7.52788633e-02 8.82366821e-02
 3.67883965e-02 2.39861369e-01 7.73563534e-02 5.86478524e-02
 2.28719935e-01 7.79344514e-02 8.99656583e-03 9.12626311e-02
 9.98450723e-03 5.10329306e-02 1.61803752e-01 1.67737424e-01
 1.16591230e-01 4.42789830e-02 9.96012539e-02 8.03394318e-02
 3.61056924e-02 5.48666939e-02 1.11664370e-01 6.65659085e-02
 3.06785498e-02 1.07230730e-01 2.78935939e-01 4.12145369e-02
 5.85127696e-02 8.44925195e-02 2.15568483e-01 1.58922095e-02
 3.56950588e-03 5.12275510e-02 6.21984936e-02 1.59383088e-01
 1.50064975e-01 1.30184949e-03 4.60327156e-02 1.74178123e-01
 6.25566067e-03 6.10159524e-02 4.50939499e-02 2.57709082e-02
 6.58677965e-02 1.15041016e-02 1.68996453e-02 2.36758944e-02
 2.14090496e-01 3.83398160e-02 5.49034141e-02 3.26406248e-02
 2.91590959e-01 6.62203506e-02 5.49281798e-02 5.02378726e-03
 3.25481296e-02 5.68324775e-02 5.08258156e-02 1.48279637e-01
 1.88463759e-02 2.02282872e-02 7.08608776e-02 1.99814383e-02
 5.63569479e-02 2.42606714e-01 7.68647641e-02 1.09460810e-02
 1.48724630e-01 1.57586068e-01 8.36301148e-02 6.81788996e-02
 8.48024487e-02 2.68053822e-02 8.54947567e-02 1.14995249e-01
 6.82117343e-02 1.46248743e-01 6.71182945e-02 9.75931287e-02
 1.39839873e-01 1.20200574e-01 6.35595620e-02 6.25823438e-02
 4.47138697e-02 4.26220633e-02 6.22296929e-02 1.11735351e-01
 1.29955173e-01 3.75171304e-02 9.24978312e-03 1.53001994e-01
 5.31493649e-02 2.08817348e-01 7.82401636e-02 9.33854580e-02
 9.21820104e-03 3.24149840e-02 2.55850274e-02 3.92458178e-02
 2.29655504e-01 5.47997013e-04 7.34537989e-02 4.75344434e-02
 8.58789869e-03 1.97127182e-02 7.12323375e-03 2.30619814e-02
 4.50434200e-02 2.11129580e-02 5.36966044e-03 6.39220476e-02
 9.02647674e-02 2.11388066e-01 4.16339748e-02 3.96780483e-03
 7.11032841e-03 6.89794719e-02 7.82518238e-02 3.91678028e-02
 7.88969249e-02 7.98141304e-03 1.46802455e-01 5.73527068e-02
 3.72169353e-02 1.20830946e-02 1.30520374e-01 2.27308124e-02
 1.20762147e-01 8.00330192e-02 5.67730777e-02 1.43692225e-01
 4.88569923e-02 2.06655841e-02 8.31680596e-02 2.12034836e-01
 2.73817424e-02 9.45043266e-02 3.88759375e-02 1.09816401e-03
 2.69009918e-02 1.60148457e-01 7.09459558e-02 6.61593527e-02
 4.18066122e-02 5.06221242e-02 1.80319265e-01 7.58008435e-02
 4.73330822e-03 9.22707915e-02 3.27713862e-02 1.35463834e-01
 1.09274976e-01 3.30598764e-02 4.01724428e-02 1.10453904e-01
 8.78713652e-03 6.96443021e-02 1.38393313e-01 6.00097999e-02
 6.54757172e-02 8.62205476e-02 2.83314679e-02 7.46389031e-02
 3.51411365e-02 6.68507591e-02 6.76832348e-02 2.80425381e-02
 3.31327803e-02 8.17806795e-02 2.76926458e-02 1.08829804e-01
 1.85427424e-02 5.93242347e-02 1.09988838e-01 2.26431396e-02
 4.04413864e-02 4.85524535e-02 1.00948578e-02 4.67856862e-02
 6.16938695e-02 2.06148878e-01 2.47444689e-01 2.83785388e-02
 6.17882684e-02 1.18036836e-01 1.18223414e-01 1.32818878e-01
 8.02303553e-02 4.50840779e-02 7.83712268e-02 1.27092913e-01
 8.43773186e-02 1.59137502e-01 1.15105882e-01 1.40582845e-01
 3.10185283e-01 1.96233720e-01 1.35229126e-01 7.55302906e-02
 1.98131278e-02 4.72418666e-02 5.30975722e-02 7.92411249e-03
 2.51759924e-02 5.43129034e-02 1.20646385e-02 2.65562125e-02
 1.65218964e-01 1.42084107e-01 2.31805556e-02 1.18542843e-01
 1.21365838e-01 8.43352601e-02 1.99178696e-01 1.75685510e-01
 1.28290793e-02 7.27358386e-02 7.35058263e-02 6.83122035e-03
 1.06922686e-01 4.37917747e-02 4.06356668e-03 5.13388701e-02
 1.53473660e-01 1.05694048e-01 1.50821537e-01 5.28940916e-01
 1.26176462e-01 3.49773765e-02 1.39140055e-01 2.52791762e-01
 9.05501246e-02 4.34835367e-02 1.56039327e-01 6.59655929e-02
 2.28399128e-01 2.48743109e-02 9.49014872e-02 3.46401474e-03
 6.39410596e-03 1.71792939e-01 1.45942762e-01 5.17917499e-02
 1.57258138e-01 3.31183448e-02 7.92563260e-02 1.45580217e-01
 3.41872498e-02 4.61125150e-02 2.25433232e-05 8.65306333e-02
 9.23848897e-02 1.37512252e-01 1.04456380e-01 1.87342361e-01
 1.29839838e-01 1.30943581e-01 7.35757723e-02 6.32379353e-02
 4.88166027e-02 5.00244237e-02 9.18995664e-02 6.10285345e-03
 2.55039260e-02 9.03680474e-02 3.13277058e-02 1.55377224e-01
 2.30052695e-02 4.10979129e-02 4.56560822e-03 5.83631322e-02
 1.19494870e-01 1.75445855e-01 1.12291329e-01 1.60144627e-01
 2.40292191e-03 4.73740734e-02 6.14665933e-02 5.89847453e-02
 3.40956682e-03 9.96772423e-02 7.01136664e-02 1.10007167e-01
 7.81117752e-02 1.39642581e-01 1.18690737e-01 2.30762526e-01
 2.03583345e-01 2.72900462e-02 2.11522616e-02 8.75537917e-02
 8.70664697e-03 4.43433635e-02 1.79403462e-02 1.33611038e-01
 1.76633269e-01 4.35642339e-02 1.06179425e-02 9.74897891e-02
 1.64269045e-01 1.91868410e-01 1.17921017e-01 2.61942931e-02
 5.58663644e-02 1.21071070e-01 1.94859147e-01 1.29098713e-01
 6.66219518e-02 8.11986625e-02 4.73106913e-02 2.02009946e-01
 3.55785564e-02 1.51780620e-01 1.85004175e-01 6.62588254e-02
 1.85015082e-01 9.31269899e-02 3.11573129e-02 6.26581907e-02
 1.28874302e-01 9.57426205e-02 1.35875136e-01 2.70559471e-02
 1.22455433e-02 3.41878682e-02 1.11170314e-01 3.90051082e-02
 5.68365725e-03 2.49320753e-02 3.38560231e-02 1.39487952e-01
 1.87373757e-02 2.64896043e-02 6.19745329e-02 8.71921182e-02
 1.77467897e-04 1.17486745e-01 2.09756028e-02 1.95825826e-02
 9.36762914e-02 2.94140335e-02 2.25685649e-02 5.32047786e-02
 2.90108062e-02 6.65116534e-02 2.40067951e-02 5.59105277e-02
 1.01357087e-01 2.87645534e-02 1.46677429e-02 2.77182516e-02
 1.07719287e-01 1.63141382e-03 4.92575839e-02 4.33775336e-02
 7.74645805e-02 1.91340744e-02 4.26145718e-02 3.69273424e-02
 4.39472608e-02 6.27301037e-02 6.96445778e-02 2.88017616e-02
 2.08178372e-03 2.13408247e-02 1.61832049e-02 2.14044191e-02
 8.73531122e-03 6.32511601e-02 7.20527396e-02 4.57625277e-02
 1.04526252e-01 5.12424903e-03 4.06530080e-03 6.90451765e-04
 2.46999525e-02 1.33399237e-02 5.88878468e-02 3.03193986e-01
 4.77189273e-02 3.49861421e-02 1.32772550e-02 4.24884111e-02
 1.59001928e-02 1.18386298e-01 6.50471374e-02 9.58526954e-02
 4.11551096e-04 1.78288653e-01 1.13514997e-03 7.06245378e-02
 3.23336832e-02 1.78953893e-02 5.70312841e-03 6.62229657e-02
 7.82516133e-03 4.17534634e-02 3.59864496e-02 5.46214953e-02
 2.46156249e-02 2.05949247e-02 3.43705676e-02 8.59133750e-02
 5.50928675e-02 2.22523361e-02 5.54756448e-02 6.25075847e-02
 1.28940996e-02 5.37143424e-02 1.53931286e-02 2.76650791e-03
 1.60830617e-02 1.77517757e-02 1.61864355e-01 1.37880877e-01
 2.45703325e-01 4.48684916e-02 1.14497393e-01 3.97293922e-03
 7.00653046e-02 3.22773941e-02 3.62727828e-02 8.31547529e-02
 1.29036412e-01 6.12315349e-02 6.33172244e-02 9.36958417e-02
 1.34297907e-01 6.53823987e-02 2.52593189e-01 1.34183809e-01
 2.32104912e-01 6.76707476e-02 6.95755035e-02]

*************************************************************

